0.095000406737 0.104999627704 0.401222540662
0.093171270575 0.109270866090 0.439571305726
0.094006666640 0.112630639838 0.469156147595
0.096060074534 0.115591533251 0.500293052204
0.098825054582 0.118486476745 0.534319665398
0.102043216350 0.121306149033 0.562319223419
0.105502770327 0.123832049875 0.582089078508
0.109059397245 0.126072411855 0.596170615125
0.112562301899 0.128387849233 0.607634047132
0.115698310869 0.130857325341 0.607923478149
0.118248901360 0.133212053997 0.604800778667
0.120469403075 0.135281995714 0.612749256699
0.123078039125 0.136962636668 0.617081139154
0.126166043767 0.138121661061 0.621183647778
0.129732391633 0.138640955648 0.621595090011
0.133728093144 0.138462285393 0.604283054725
0.138048652246 0.137579849759 0.570311569577
0.142517542722 0.136046871087 0.536105761359
0.146598919752 0.134239046956 0.541779452140
0.149610025625 0.132722342444 0.558700729080
0.151399232029 0.131701302555 0.578605474368
0.152067200779 0.131202359006 0.597127178738
0.151799692016 0.131205235965 0.597127178738
0.150755686728 0.131656959920 0.575754266202
0.149086720721 0.132484614947 0.558700729080
0.146937331870 0.133577129152 0.542800924060
0.144494439442 0.134746924990 0.534467394452
0.142028409295 0.135656537570 0.536105761359
0.139797555198 0.136027242731 0.546422703463
0.137925468084 0.135785100119 0.554448384477
0.136447180721 0.134956068913 0.555695475214
0.135158938734 0.133651611018 0.563592345486
0.133896267666 0.131936800688 0.576273738900
0.132382225620 0.129915628034 0.596819999903
0.130504948780 0.127673871958 0.622341104628
0.128317379258 0.125247425047 0.652459238734
0.126107635868 0.122701116661 0.658242630275
0.124219546237 0.120255339221 0.633114382139
0.123254724967 0.118398708964 0.596803838314
0.123384586543 0.117353014574 0.576871059895
0.124502256221 0.117043601170 0.580643392854
0.126436916386 0.117250544858 0.585418543613
0.129030752443 0.117665552776 0.587343492131
0.132122010936 0.118054090788 0.603487268522
0.135530420073 0.118448112939 0.611259811696
0.139167939135 0.119377142273 0.643734896411
0.142882731494 0.121081398907 0.672198938203
0.146355763968 0.123237792767 0.679047367942
0.149272487739 0.125357511351 0.666931521369
0.151501336809 0.127437241878 0.637546520625
0.152913551449 0.129738435827 0.615702502672
0.153497576250 0.132288154873 0.584040715508
0.153302233921 0.134977380987 0.537269714989
0.152502950835 0.137527016062 0.504573523026
0.151456458784 0.139531520434 0.499354147825
0.150460191043 0.140637590302 0.505613339666
0.149675624202 0.140674147672 0.512377769143
0.149137420327 0.139684568078 0.509764798859
0.148711384115 0.137983105708 0.515460413978
0.148218406950 0.135955681895 0.525151027030
0.147435733158 0.134011502153 0.542800924060
0.146242294619 0.132417826927 0.552519438741
0.144628234819 0.131211154070 0.574803999419
0.142538732923 0.130379829591 0.572116426441
0.140058949089 0.129749812718 0.584475492466
0.137237209531 0.129146842423 0.598283296735
0.134132569707 0.128505445089 0.604497731240
0.130855316093 0.127578266029 0.622341104628
0.127464679352 0.126332729337 0.646978989330
0.124095267270 0.124849948851 0.656853054217
0.120874689697 0.123601418998 0.650946844363
0.117994592795 0.123136729415 0.629524027623
0.115666983896 0.123793025593 0.613405400937
0.113797526751 0.125326380212 0.606105831683
0.112294726141 0.127413247960 0.606988584935
0.110992644969 0.129757030246 0.605521062485
0.109803068374 0.132007437822 0.606629345989
0.108802684261 0.133943125730 0.613196633357
0.108082972199 0.135454985674 0.623327607844
0.107741212949 0.136551778601 0.632119323732
0.107795159845 0.137282421842 0.640119180272
0.108259959050 0.137732152815 0.638693671630
0.109116410293 0.137934773483 0.637384430832
0.110345626897 0.137938034012 0.636286835844
0.111929396289 0.137796465393 0.634902931549
0.113867842466 0.137605770188 0.634514421190
0.116158930009 0.137430726367 0.634613512508
0.118797451250 0.137279983967 0.634064193706
0.121783708808 0.137060687703 0.618963563157
0.124978641972 0.136601420712 0.612281521139
0.128354674655 0.135769234478 0.594595607131
0.131721644200 0.134504469402 0.575533045339
0.134883008252 0.132775209786 0.566892096285
0.137503801647 0.130689882065 0.574494125007
0.139335508680 0.128537937464 0.597981102150
0.140303634073 0.126641934928 0.626513180507
0.140528507046 0.125205751357 0.649415338001
0.140276975198 0.124353174457 0.657374710697
0.139729266919 0.124114095799 0.653993091315
0.138942268336 0.124414483007 0.650787305299
0.137969550891 0.125158307394 0.641896698059
0.136726307095 0.126130129707 0.632331129966
0.135159597481 0.127118005307 0.623413832385
0.133273272318 0.127842459544 0.614990512857
0.131068087105 0.128183798789 0.622341104628
0.128607736067 0.128057334960 0.627824397509
0.125920851843 0.127526407482 0.634292316957
0.123032703880 0.126809667425 0.644295836576
0.120047217343 0.126291928074 0.643316123916
0.117152409799 0.126435122292 0.629362417314
0.114471341274 0.127383132733 0.614367852978
0.112033345314 0.128869606135 0.607333164329
0.109797214224 0.130504219926 0.605303529978
0.107831588438 0.131948869399 0.608462325101
0.106183197547 0.133080608657 0.612823428570
0.104874677813 0.133854365476 0.620165775948
0.103930112021 0.134309663680 0.626396078505
0.103341782331 0.134549996368 0.626396078505
0.103075979488 0.134595403805 0.627151346658
0.103091667565 0.134569040240 0.627151346658
0.103362361477 0.134477509545 0.626396078505
0.103874719582 0.134220903454 0.621512223295
0.104581154203 0.133801321390 0.620165775948
0.105461754549 0.133172208314 0.614375406705
0.106458970734 0.132351763933 0.612823428570
0.107546858562 0.131353322329 0.608462325101
0.108663536280 0.130269830435 0.604109608734
0.109752187208 0.129298992767 0.603229860345
0.110801440829 0.128564810226 0.604256469583
0.111786124034 0.128103687922 0.605249908580
0.112717474113 0.128055474389 0.607634047132
0.113564546429 0.128446803172 0.609326579286
0.114254571894 0.129157872662 0.611550909073
0.114757625885 0.130190584230 0.609239163628
0.115084102536 0.131378731483 0.605914786488
0.115302400046 0.132499897426 0.605311240107
0.115513942851 0.133488008657 0.606563043193
0.115832886085 0.134311662247 0.609521706486
0.116376791818 0.134973896624 0.609521706486
0.117124455966 0.135489984413 0.614951266731
0.118205125835 0.135872657461 0.614406921692
0.119591637871 0.136110450531 0.613691990686
0.121257741573 0.136181769474 0.611535301287
0.123176918536 0.136007611461 0.608193175182
0.125316495963 0.135501513624 0.603597858545
0.127640266841 0.134588794683 0.589823947421
0.129909090333 0.133208261960 0.584350785824
0.131744014062 0.131396592681 0.582954049366
0.133021885160 0.129183745922 0.606983640474
0.133586697143 0.126733156601 0.624759511105
0.133575421186 0.124239581641 0.643250814376
0.133426544391 0.121913156321 0.642173022547
0.133496560393 0.119879210969 0.629064280272
0.134094263551 0.118249019330 0.605550789084
0.135413247450 0.117115480539 0.597199906788
0.137426162137 0.116813137317 0.606949000214
0.140040597709 0.117533577226 0.619343417794
0.143174876899 0.119315107898 0.666476367547
0.146439116410 0.121718094105 0.682807942844
0.149256115794 0.124078942199 0.674826461366
0.151413567654 0.126303185898 0.660501751444
0.152806550724 0.128651873058 0.630318503714
0.153273287761 0.131334069196 0.584040715508
0.152793677941 0.134196581433 0.552117820437
0.151519250121 0.137028681928 0.514223140006
0.149895364223 0.139374356451 0.504225116414
0.148434436138 0.140570509759 0.519906490413
0.147399714297 0.140290357724 0.528118131304
0.146826770154 0.138634926592 0.525420567929
0.146496279386 0.136186627943 0.527286483125
0.145937820364 0.133743851294 0.541779452140
0.144897499382 0.131678432788 0.561492955752
0.143272650566 0.130044384412 0.587551060149
0.140998892529 0.128848992093 0.598544283258
0.138178141622 0.127901015235 0.611030187883
0.134937159316 0.127120393453 0.623413832385
0.131495805576 0.126236547790 0.636653477502
0.128018978682 0.125063081814 0.652459238734
0.124650256218 0.123605987965 0.659429905127
0.121560768227 0.122270174243 0.642488161753
0.119202779386 0.121984105262 0.629609813960
0.117553505925 0.122927227331 0.622064875219
0.116427728430 0.124987387433 0.623355621059
0.115516214273 0.127814043252 0.616708172165
0.114560406824 0.130891492414 0.607087045218
0.113593017636 0.133797108968 0.607541869981
0.112868922321 0.136320449961 0.624710454248
0.112713570321 0.138517656290 0.646245246124
0.113250040056 0.140501923647 0.674071082016
0.114551053916 0.142490417052 0.706401717770
0.116563821490 0.144642122998 0.740867683668
0.119126232563 0.146991154208 0.781341032758
0.121865864642 0.149502621154 0.800133603338
0.124532872615 0.152184414957 0.808426892118
0.126771023814 0.154961998501 0.794124740245
0.128357344145 0.157517036734 0.777041787748
0.129312423411 0.159641621925 0.752540263211
0.129841467081 0.161180077304 0.744890065372
0.130067549417 0.162171841989 0.741192585174
0.130111732603 0.162674614067 0.739126010170
