0.228342040277 0.771661024458 0.536602913348
0.230164089338 0.773318238517 0.537006687672
0.233075248881 0.773994818116 0.537984175316
0.236002482719 0.775850567791 0.540768696564
0.238514864197 0.778902309556 0.544140120559
0.240286550903 0.782577848333 0.544879362174
0.241105002990 0.786533968869 0.543009839547
0.241059187097 0.790714694713 0.541134611641
0.240416820135 0.795037784508 0.539613452329
0.239608908324 0.799372049960 0.538903663017
0.238882920464 0.803513909642 0.538441923673
0.238072613520 0.807457612198 0.537639611607
0.237156122325 0.811141186291 0.537427428851
0.236359784608 0.814361539819 0.538038699141
0.235771914407 0.816923356488 0.538138322619
0.235239671658 0.818971389104 0.538124621522
0.234422836112 0.820716490458 0.537388763330
0.233030557636 0.822390445435 0.536101317503
0.231060413262 0.824118806079 0.534874796326
0.228742663372 0.825541388709 0.535457046993
0.226288629239 0.826035761323 0.538831900018
0.223807520646 0.825206145236 0.542140046729
0.221225198825 0.823413573966 0.545112992408
0.219423937327 0.821501423931 0.543493642953
0.219121815633 0.820147252837 0.542424789649
0.220097069335 0.819291309962 0.541607774747
0.222100053475 0.818744856166 0.540785865803
0.224838606367 0.818347382093 0.540728759916
0.227786681733 0.817863060874 0.540020462849
0.230540910341 0.817322129815 0.539660131993
0.232838975788 0.816645538749 0.539084320589
0.234792177025 0.815779971646 0.538462769781
0.236590970715 0.814698923175 0.537717139599
0.238319443440 0.813481106042 0.537402610570
0.239955984166 0.812238046577 0.537520732482
0.241327233623 0.811334280172 0.538446175660
0.242355344407 0.811076959681 0.539463533609
0.243007141890 0.811560746569 0.539191739413
0.243336801776 0.812668726422 0.539811759350
0.243366574795 0.814394097941 0.539380453210
0.243234306825 0.816570527004 0.539220180721
0.243112279761 0.819014079880 0.539016538141
0.243263975548 0.821492238060 0.539971699929
0.243636521339 0.823751622742 0.540354591437
0.244125233418 0.825635403661 0.540471397152
0.244529406742 0.827042056120 0.539682484548
0.244586068576 0.827887800976 0.539350620956
0.244229567286 0.828221725782 0.539350620956
0.243498930381 0.828093032471 0.539854051247
0.242433206089 0.827579886383 0.540571730188
0.241217908554 0.826837679268 0.540910064816
0.240124317063 0.826275865846 0.540657770110
0.239204457467 0.826083383007 0.540170532194
0.238503375567 0.826418341165 0.540170532194
0.238002091123 0.827227389091 0.539632528058
0.237721558345 0.828559480906 0.539775402940
0.237620685401 0.830265103662 0.539987934020
0.237616399345 0.832015500923 0.540055050335
0.237597770939 0.833420412878 0.540016204429
0.237502524460 0.834312924148 0.539921343312
0.237267752598 0.834563635769 0.540556397168
0.237152235104 0.834254141537 0.540556397168
0.237145668503 0.833441852048 0.540431070312
0.237343316189 0.832372243482 0.540229720299
0.237807533792 0.831283423822 0.540043364916
0.238271576049 0.830311949266 0.539987934020
0.238785625872 0.829642989620 0.540252472598
0.239169764416 0.829275260584 0.540252472598
0.239435489211 0.829181627863 0.540428491916
0.239405220727 0.829169319291 0.540428491916
0.239105792228 0.829231251163 0.540252472598
0.238750469915 0.829531304026 0.540252472598
0.238343941230 0.830048130111 0.540157506947
0.237814037177 0.830604302844 0.539987934020
0.237432206085 0.831329133694 0.540043364916
0.237132166233 0.832003073188 0.540229720299
0.237169441404 0.832485025576 0.540229720299
0.237512827737 0.832792261638 0.540016204429
0.237735232384 0.832656831444 0.540055050335
0.237919782482 0.832332847416 0.540055050335
0.238069919951 0.831837174032 0.540055050335
0.238188768209 0.831185103571 0.540043364916
0.238344219247 0.830612319028 0.540157506947
0.238313336089 0.830186576928 0.539987934020
0.238389526357 0.830035487875 0.540157506947
0.238284972891 0.829992569664 0.539987934020
0.238295642273 0.830190160523 0.539987934020
0.238411207722 0.830606301565 0.540157506947
0.238339364597 0.831078232100 0.540006076684
0.238020422351 0.831411070563 0.540043364916
0.237781668077 0.831730907586 0.540055050335
0.237547456145 0.831805236132 0.540055050335
0.237317265766 0.831656585410 0.539973716340
0.237511093660 0.831642112454 0.540043364916
0.237737374195 0.831647944326 0.540043364916
0.237993287111 0.831672255188 0.540043364916
0.238276276309 0.831713390419 0.540055050335
0.238513690607 0.831529037235 0.540006076684
0.238462646783 0.831263533261 0.540006076684
0.238150001009 0.830924130946 0.540043364916
0.237919534251 0.830636591053 0.539987934020
0.237824417539 0.830631891695 0.539987934020
0.237852268896 0.830883688706 0.540043364916
0.237930608116 0.831131222677 0.540043364916
0.238054875955 0.831374989593 0.540043364916
0.238220943651 0.831615438209 0.540043364916
0.238425072447 0.831852974498 0.539804072895
0.238259385165 0.831752474282 0.540055050335
0.238089952007 0.831428854240 0.540043364916
0.237991329009 0.831156490499 0.540043364916
0.237956999673 0.830930586453 0.540043364916
0.237981065419 0.830746800404 0.540043364916
0.238058187220 0.830601202618 0.539987934020
0.238247638999 0.830738632524 0.539987934020
0.238539145509 0.831132505565 0.540006076684
0.238515724000 0.831382169529 0.540006076684
0.238207129080 0.831501007490 0.540043364916
0.237984596377 0.831629439592 0.540043364916
0.237840120428 0.831766634911 0.540055050335
0.237688986285 0.831646608077 0.540043364916
0.237609560290 0.831559363533 0.540043364916
0.237595200638 0.831501848147 0.540043364916
0.237639898860 0.831471299847 0.540043364916
0.237738219621 0.831465219967 0.540043364916
0.237885246211 0.831481348209 0.540043364916
0.238076531194 0.831517639969 0.540043364916
0.238308051737 0.831572245818 0.540043364916
0.238576169167 0.831643492917 0.540006076684
0.238516034840 0.831595508729 0.540006076684
0.238158917086 0.831439356585 0.540043364916
0.237895655461 0.831320405615 0.540043364916
0.237717448575 0.831235165058 0.540043364916
0.237616337994 0.831180478339 0.540043364916
0.237585127725 0.831153491162 0.540043364916
0.237617311365 0.831151622647 0.540043364916
0.237707006179 0.831172539200 0.540043364916
0.237848893461 0.831214130881 0.540043364916
0.238038164572 0.831274490018 0.540043364916
0.238270472127 0.831351891854 0.540043364916
0.238541885832 0.831444777052 0.540006076684
0.238471128148 0.831410917343 0.540006076684
0.238091001247 0.831262156260 0.540043364916
0.237809677207 0.831150977183 0.540043364916
0.237617839141 0.831073837923 0.540043364916
0.237507066144 0.831027536778 0.540043364916
0.237469747324 0.831009179878 0.540043364916
0.237499004047 0.831016151649 0.540043364916
0.237588619627 0.831046088108 0.540043364916
0.237732975746 0.831096852709 0.540043364916
0.237926994964 0.831166514500 0.540043364916
0.238166088732 0.831253328374 0.540043364916
0.238446110391 0.831355717212 0.540006076684
0.238370123233 0.831325204869 0.540006076684
0.237972440128 0.831174279808 0.540043364916
0.237677859847 0.831062196539 0.540043364916
0.237476615672 0.830985278528 0.540043364916
0.237359883287 0.830940203829 0.540043364916
0.237319690014 0.830923970946 0.539973716340
0.237800753604 0.831065820514 0.540043364916
0.238300570179 0.831218547941 0.540043364916
0.238817528125 0.831381178627 0.540006076684
0.238947243855 0.831401292264 0.540006076684
0.238727197390 0.831292343600 0.540006076684
0.238191196323 0.831066485464 0.540043364916
0.237773441298 0.830887573054 0.540043364916
0.237462671288 0.830751135302 0.540043364916
0.237248714481 0.830653133409 0.539685820444
0.237623722571 0.831054351855 0.540043364916
0.238029072297 0.831441883517 0.540043364916
0.238462019221 0.831817132151 0.539804072895
0.238418218682 0.831757971794 0.539804072895
0.237944684413 0.831306929878 0.540043364916
0.237584481931 0.830925210258 0.540043364916
0.237326805743 0.830606162336 0.539685820444
0.237669913893 0.830815840309 0.540043364916
0.238047288856 0.831030788360 0.540043364916
0.238455796975 0.831250570014 0.540006076684
0.238476411545 0.831317038761 0.540006076684
0.238146829068 0.831244756198 0.540043364916
0.237917579666 0.831205462801 0.540043364916
0.237779104540 0.831196028480 0.540043364916
0.237722772145 0.831213626622 0.540043364916
0.237740788356 0.831255704704 0.540043364916
0.237826115317 0.831319957746 0.540043364916
0.237972398141 0.831404304330 0.540043364916
0.238173898707 0.831506864937 0.540043364916
0.238425435856 0.831625942384 0.540006076684
0.238295235620 0.831597576498 0.540043364916
0.238247684764 0.831598624653 0.540043364916
0.238274928797 0.831626299027 0.540043364916
0.238369876262 0.831678082491 0.540006076684
0.238095008388 0.831587444163 0.540043364916
0.237917588181 0.831532590161 0.540043364916
0.237828314051 0.831510110550 0.540043364916
0.237818788657 0.831516926736 0.540043364916
0.237881431096 0.831550259306 0.540043364916
0.238009397600 0.831607598974 0.540043364916
0.238196509925 0.831686680362 0.540043364916
0.238437190690 0.831785458307 0.539804072895
0.238188998671 0.831445182535 0.540043364916
