0.361668066753 0.095002141984 0.468972407338
0.356755775701 0.090010183851 0.489931125882
0.351827009235 0.085283514996 0.510904420184
0.346861268323 0.080903449222 0.523907338514
0.342025221402 0.077040760923 0.531924852549
0.337461040544 0.073201551521 0.541660556547
0.333096819861 0.069333724554 0.547167900181
0.328935385590 0.066147007010 0.548891844177
0.324841414045 0.063788293129 0.552406255387
0.320688781901 0.061149273183 0.565399901856
0.316354157685 0.057957711749 0.581022173784
0.311890218498 0.054422901483 0.595201039743
0.307442473655 0.050868274476 0.603761988204
0.303018129773 0.047223778543 0.614098294704
0.298734302306 0.043703271793 0.616333384481
0.294736275483 0.040846462948 0.614371182141
0.290936808127 0.038581812467 0.614363814216
0.287211323783 0.036804621770 0.614823475429
0.283409351982 0.035495602425 0.614332419449
0.279426660016 0.034634570168 0.614529572792
0.275221976922 0.034124216481 0.612443253440
0.270899987272 0.033828647631 0.612846098229
0.266565496625 0.033828986832 0.610674634348
0.262359495725 0.034125361968 0.607726212095
0.258401988505 0.034568592156 0.607082638039
0.254572655347 0.034959558604 0.607805338512
0.250720647493 0.035156272462 0.607043920330
0.246764613404 0.035261600143 0.607048964819
0.242719296115 0.035445228943 0.605825212648
0.238653901046 0.035851075610 0.604035564562
0.234609006418 0.036458403426 0.601433330016
0.230576499388 0.037108025971 0.600379234039
0.226566086286 0.037465532850 0.605473763783
0.222642073249 0.036812062473 0.615199247088
0.218975170675 0.034912358555 0.623795672094
0.215756088943 0.031996934743 0.633882627431
0.213182618304 0.028258017069 0.636616820882
0.211289972432 0.023843092395 0.637855761349
0.209771120613 0.018865934107 0.647592541029
0.207915273559 0.013522216678 0.669348601507
0.205384636146 0.008087775009 0.688306241640
0.202465248698 0.002510473168 0.706097879383
0.199627138142 -0.003240535422 1.000000000000
0.197045485705 -0.008471866404 1.000000000000
0.194697465587 -0.013229773516 1.000000000000
0.192562251115 -0.017556459463 1.000000000000
0.190620841825 -0.021490426338 1.000000000000
0.188855905556 -0.025066795586 1.000000000000
0.187251634213 -0.028317600304 1.000000000000
0.185793611933 -0.031272052383 1.000000000000
0.184468694577 -0.033956786711 1.000000000000
0.183264899535 -0.036396084462 1.000000000000
0.182171304966 -0.038612077294 1.000000000000
0.181177957636 -0.040624934092 1.000000000000
0.180275788636 -0.042453031765 1.000000000000
0.179456536298 -0.044113111441 1.000000000000
0.178712675705 -0.045620421319 1.000000000000
0.178037354229 -0.046988847285 1.000000000000
0.177424332596 -0.048231032340 1.000000000000
0.176867931007 -0.049358485779 1.000000000000
0.176362979895 -0.050381682985 1.000000000000
0.175904774913 -0.051310156624 1.000000000000
0.175489035823 -0.052152579970 1.000000000000
0.175111868923 -0.052916843028 1.000000000000
0.174769732746 -0.053610122049 1.000000000000
0.174459406727 -0.054238943018 1.000000000000
0.174177962610 -0.054809239600 1.000000000000
0.173922738341 -0.055326406037 1.000000000000
0.173691314248 -0.055795345416 1.000000000000
0.173481491315 -0.056220513700 1.000000000000
0.173291271359 -0.056605959889 1.000000000000
0.173118838958 -0.056955362647 1.000000000000
0.172962544974 -0.057272063691 1.000000000000
0.172820891529 -0.057559098224 1.000000000000
0.172692518327 -0.057819222666 1.000000000000
0.172576190178 -0.058054939927 1.000000000000
0.172470785642 -0.058268522420 1.000000000000
0.172375286684 -0.058462033025 1.000000000000
0.172288769254 -0.058637344170 1.000000000000
0.172210394717 -0.058796155210 1.000000000000
0.172139402047 -0.058940008237 1.000000000000
0.172075100721 -0.059070302473 1.000000000000
0.172016864267 -0.059188307359 1.000000000000
0.171964124381 -0.059295174465 1.000000000000
0.171916365581 -0.059391948323 1.000000000000
0.171873120350 -0.059479576274 1.000000000000
0.171833964717 -0.059558917423 1.000000000000
0.171798514236 -0.059630750779 1.000000000000
0.171766420340 -0.059695782653 1.000000000000
0.171737367019 -0.059754653380 1.000000000000
0.171711067809 -0.059807943430 1.000000000000
0.171687263052 -0.059856178951 1.000000000000
0.171665717407 -0.059899836817 1.000000000000
0.171646217596 -0.059939349199 1.000000000000
0.171628570348 -0.059975107726 1.000000000000
0.171612600536 -0.060007467256 1.000000000000
0.171598149492 -0.060036749304 1.000000000000
0.171585073465 -0.060063245152 1.000000000000
0.171573242234 -0.060087218670 1.000000000000
0.171562537840 -0.060108908879 1.000000000000
0.171552853441 -0.060128532273 1.000000000000
0.171544092270 -0.060146284931 1.000000000000
0.171536166694 -0.060162344426 1.000000000000
0.171528997354 -0.060176871563 1.000000000000
0.171522512390 -0.060190011953 1.000000000000
0.171516646737 -0.060201897436 1.000000000000
0.171511341487 -0.060212647380 1.000000000000
0.171506543306 -0.060222369852 1.000000000000
0.171502203916 -0.060231162682 1.000000000000
0.171498279611 -0.060239114426 1.000000000000
0.171494730834 -0.060246305243 1.000000000000
0.171491521779 -0.060252807687 1.000000000000
0.171488620039 -0.060258687420 1.000000000000
0.171485996287 -0.060264003871 1.000000000000
0.171483623983 -0.060268810816 1.000000000000
0.171481479109 -0.060273156922 1.000000000000
0.171479539935 -0.060277086223 1.000000000000
0.171477786796 -0.060280638563 1.000000000000
0.171476201903 -0.060283849991 1.000000000000
0.171474769159 -0.060286753121 1.000000000000
0.171473474003 -0.060289377459 1.000000000000
0.171472303262 -0.060291749697 1.000000000000
0.171471245021 -0.060293893980 1.000000000000
0.171470288499 -0.060295832150 1.000000000000
0.171469423949 -0.060297583962 1.000000000000
0.171468642551 -0.060299167284 1.000000000000
0.171467936330 -0.060300598275 1.000000000000
0.171467298073 -0.060301891553 1.000000000000
0.171466721258 -0.060303060334 1.000000000000
0.171466199985 -0.060304116571 1.000000000000
0.171465728920 -0.060305071074 1.000000000000
0.171465303239 -0.060305933615 1.000000000000
0.171464918581 -0.060306713033 1.000000000000
0.171464571002 -0.060307417319 1.000000000000
0.171464256937 -0.060308053696 1.000000000000
0.171463973162 -0.060308628698 1.000000000000
0.171463716763 -0.060309148229 1.000000000000
0.171463485104 -0.060309617629 1.000000000000
0.171463275805 -0.060310041723 1.000000000000
0.171463086712 -0.060310424875 1.000000000000
0.171462915878 -0.060310771028 1.000000000000
0.171462761544 -0.060311083747 1.000000000000
0.171462622120 -0.060311366255 1.000000000000
0.171462496169 -0.060311621464 1.000000000000
0.171462382392 -0.060311852006 1.000000000000
0.171462279614 -0.060312060261 1.000000000000
0.171462186773 -0.060312248378 1.000000000000
0.171462102912 -0.060312418301 1.000000000000
0.171462027164 -0.060312571787 1.000000000000
0.171461958744 -0.060312710421 1.000000000000
0.171461896946 -0.060312835640 1.000000000000
0.171461841130 -0.060312948737 1.000000000000
0.171461790718 -0.060313050884 1.000000000000
0.171461745188 -0.060313143141 1.000000000000
0.171461704067 -0.060313226461 1.000000000000
0.171461666930 -0.060313301710 1.000000000000
0.171461633391 -0.060313369668 1.000000000000
0.171461603102 -0.060313431041 1.000000000000
0.171461575749 -0.060313486464 1.000000000000
0.171461551048 -0.060313536515 1.000000000000
0.171461528742 -0.060313581712 1.000000000000
0.171461508599 -0.060313622526 1.000000000000
0.171461490410 -0.060313659381 1.000000000000
0.171461473986 -0.060313692661 1.000000000000
0.171461459155 -0.060313722712 1.000000000000
0.171461445764 -0.060313749846 1.000000000000
0.171461433672 -0.060313774346 1.000000000000
0.171461422754 -0.060313796468 1.000000000000
0.171461412897 -0.060313816442 1.000000000000
0.171461403996 -0.060313834476 1.000000000000
0.171461395960 -0.060313850759 1.000000000000
0.171461388705 -0.060313865460 1.000000000000
0.171461382155 -0.060313878732 1.000000000000
0.171461376241 -0.060313890715 1.000000000000
0.171461370902 -0.060313901533 1.000000000000
0.171461366082 -0.060313911300 1.000000000000
0.171461361730 -0.060313920117 1.000000000000
0.171461357802 -0.060313928077 1.000000000000
0.171461354256 -0.060313935262 1.000000000000
0.171461351054 -0.060313941749 1.000000000000
0.171461348164 -0.060313947605 1.000000000000
0.171461345555 -0.060313952891 1.000000000000
0.171461343200 -0.060313957663 1.000000000000
0.171461341074 -0.060313961971 1.000000000000
0.171461339155 -0.060313965859 1.000000000000
0.171461337423 -0.060313969368 1.000000000000
0.171461335860 -0.060313972536 1.000000000000
0.171461334448 -0.060313975396 1.000000000000
0.171461333175 -0.060313977977 1.000000000000
0.171461332025 -0.060313980307 1.000000000000
0.171461330987 -0.060313982410 1.000000000000
0.171461330050 -0.060313984308 1.000000000000
0.171461329205 -0.060313986021 1.000000000000
0.171461328442 -0.060313987567 1.000000000000
0.171461327753 -0.060313988962 1.000000000000
0.171461327132 -0.060313990222 1.000000000000
0.171461326571 -0.060313991358 1.000000000000
0.171461326064 -0.060313992384 1.000000000000
0.171461325607 -0.060313993310 1.000000000000
0.171461325195 -0.060313994145 1.000000000000
