0.371665915520 0.238332147918 0.652267451972
0.376671957510 0.243292867655 0.696812904002
0.381687707688 0.246514708103 0.701787710041
0.386719706853 0.246166551948 0.672776729415
0.391771784173 0.244597061062 0.649750854592
0.396731033727 0.243724294214 0.661462695390
0.401504818940 0.243989351387 0.672891598682
0.406114722103 0.244221317119 0.662114543802
0.410412923405 0.243322459757 0.640102460174
0.414269740254 0.241608921424 0.626890402873
0.417343847952 0.239544396303 0.622316827901
0.419610437061 0.237101374800 0.623057307186
0.421194314599 0.233983287043 0.623647446661
0.422239716693 0.230279908754 0.612786393814
0.422693029661 0.226161115972 0.633583442864
0.422407829918 0.221858993678 0.658507953358
0.421518541483 0.217787414141 0.676040301176
0.420645802385 0.214201480151 0.670240122129
0.420298641123 0.211029490396 0.640657278798
0.421090143663 0.208211988820 0.616095528457
0.422938177237 0.205731137142 0.572136416759
0.425650585518 0.203497253910 0.542840021942
0.428977548514 0.201574293246 0.520070463578
0.432760772178 0.200168558845 0.507205608166
0.436934753335 0.199414745661 0.513515411845
0.441483009431 0.199173779743 0.525897109369
0.446358950654 0.199209166838 0.533166153720
0.451481323136 0.199368639957 0.545044280612
0.456707359088 0.199892599070 0.576075806109
0.461918494571 0.200828120858 0.599705872230
0.467032911756 0.201814221984 0.595526828412
0.471951209739 0.202185686658 0.570880139397
0.476685396054 0.201995180737 0.557089294095
0.481356740335 0.201732654057 0.558799048856
0.486091627252 0.201629158737 0.560566890120
0.490975650821 0.201373237848 0.539805025661
0.495981450699 0.200336398750 0.471750384097
0.501110286692 0.198469085998 0.416714120232
0.506258606685 0.196245646022 0.373050531428
0.511326470516 0.193992721458 0.343899528637
0.516346035208 0.191596998676 0.299362289648
0.521307162882 0.189031634101 0.269525854188
0.526220618924 0.186499090976 0.229972191639
0.531221243741 0.183907720213 0.181926097418
0.536305967760 0.181015050165 0.132306857117
0.541140126892 0.177979954969 0.133031094593
0.545129685858 0.175342678993 0.161174842226
0.548176267464 0.173381043743 0.193514922835
0.550434146249 0.172086227875 0.216919998442
0.552133504213 0.171268947646 0.222332459394
0.553368503178 0.170805544353 0.229451277792
0.554254507177 0.170581849421 0.230932553995
0.554833882257 0.170535387649 0.232068834659
0.555139621112 0.170610358055 0.232068834659
0.555195622052 0.170796571252 0.232068834659
0.555023628156 0.171084743111 0.232068834659
0.554643419290 0.171466415389 0.227487818662
0.554022626862 0.171946681522 0.226201290551
0.553172375610 0.172571352497 0.218378871481
0.552034363616 0.173421187089 0.208231564307
0.550550949844 0.174574596748 0.191931252778
0.548668782326 0.176118522643 0.166135263437
0.546358172955 0.178034910601 0.133658892167
0.543751943996 0.180102697345 0.115735321579
0.541151945182 0.181915074031 0.116940552273
0.538893519412 0.183115201479 0.134220153496
0.537219048649 0.183527049074 0.139471120993
0.536118736640 0.183220772413 0.144814383752
0.535580476720 0.182270222621 0.142183202066
0.535493162600 0.180840579158 0.131888495826
0.535589037171 0.179188515101 0.129848371470
0.535731600416 0.177443255502 0.132017482522
0.535685224046 0.175819189532 0.141602655704
0.535279206546 0.174472129656 0.148578237978
0.534479046801 0.173439846688 0.154768589123
0.533291784827 0.172746689640 0.161065604973
0.531732545585 0.172408040111 0.156509135558
0.529866562111 0.172410000876 0.151756938122
0.527756258209 0.172725628291 0.147112876431
0.525463129693 0.173306119012 0.137880838907
0.523143291386 0.174016223615 0.134935983790
0.520897253771 0.174733615696 0.134188845904
0.518914517787 0.175298486791 0.139084674380
0.517371374689 0.175584468204 0.142626670318
0.516299106868 0.175591479064 0.144491008524
0.515688140158 0.175341651446 0.144491008524
0.515494664597 0.174858505209 0.140762715057
0.515595632264 0.174242034615 0.139466178286
0.515928758992 0.173505469881 0.136510346569
0.516343716673 0.172742343614 0.135741185987
0.516698601306 0.172037203217 0.137679462420
0.516831569570 0.171475077395 0.137679462420
0.516762910051 0.171042835414 0.141772170029
0.516387378361 0.170801250216 0.140767929663
0.515762820501 0.170720959421 0.140767929663
0.514912272632 0.170787283824 0.139837034024
0.513885915405 0.170977618736 0.138963626268
0.512729094350 0.171273243399 0.136053540397
0.511621600355 0.171586293178 0.135526546594
0.510621524871 0.171899775942 0.135360171464
0.509750026357 0.172201535543 0.137047472740
0.509144352030 0.172419191361 0.137472895203
0.508811712861 0.172543708904 0.137472895203
0.508726741223 0.172583613819 0.138028272291
0.508898512576 0.172524336647 0.137472895203
0.509271079329 0.172397294693 0.137472895203
0.509825953952 0.172208614748 0.137047472740
0.510514162028 0.171981007557 0.135360171464
0.511170959564 0.171794042368 0.135526546594
0.511766961385 0.171656749469 0.135763956658
0.512275054733 0.171573894268 0.135763956658
0.512703488345 0.171540463778 0.136053540397
0.513026019601 0.171559058664 0.136053540397
0.513252488368 0.171624919843 0.136053540397
0.513391799606 0.171733740016 0.136053540397
0.513452011847 0.171881620935 0.136053540397
0.513440417338 0.172065034684 0.136053540397
0.513363614643 0.172280788604 0.136228949116
0.513385204877 0.172442442171 0.136228949116
0.513496123288 0.172555035139 0.136228949116
0.513688169080 0.172623127231 0.136035003515
0.513916456139 0.172655179426 0.136035003515
0.514177729362 0.172654525514 0.136035003515
0.514469043796 0.172624181403 0.136035003515
0.514787735144 0.172566875344 0.135868934649
0.515092077356 0.172490248498 0.135868934649
0.515383510564 0.172396057034 0.135868934649
0.515663337028 0.172285889498 0.135741185987
0.515891735240 0.172169133152 0.137183910305
0.515915225584 0.172140673474 0.137183910305
0.515752991240 0.172192309346 0.135741185987
0.515581624157 0.172221567517 0.135741185987
0.515401908993 0.172230533085 0.135868934649
0.515256345424 0.172212979310 0.135868934649
0.515141711918 0.172171361337 0.136758753723
0.514890405943 0.172202360945 0.135868934649
0.514680365684 0.172204411838 0.135868934649
0.514507681546 0.172180205927 0.136035003515
0.514410210109 0.172126727236 0.136385212028
0.514211313966 0.172140160644 0.136385212028
0.513920403592 0.172214275018 0.136035003515
0.513716790471 0.172249261261 0.136035003515
0.513592263592 0.172248778245 0.136228949116
0.513580272688 0.172211399518 0.136228949116
0.513670287494 0.172140555003 0.136385212028
0.513638298923 0.172139703234 0.136385212028
0.513495727786 0.172202302499 0.136228949116
0.513468871879 0.172221362160 0.136228949116
0.513546879218 0.172200958258 0.136228949116
0.513719943428 0.172144774530 0.136385212028
0.513760968701 0.172158313771 0.136385212028
0.513682366068 0.172235049745 0.136035003515
0.513672886345 0.172271090630 0.136035003515
0.513726047566 0.172270259621 0.136035003515
0.513835992642 0.172236011442 0.136035003515
0.513997429228 0.172171467789 0.136385212028
0.514025557010 0.172178817315 0.136385212028
0.513932932730 0.172251311961 0.136035003515
0.513912053437 0.172282822257 0.136035003515
0.513956171962 0.172277205873 0.136035003515
0.514059192587 0.172237948120 0.136035003515
0.514215608242 0.172168197832 0.136385212028
0.514236846015 0.172172185782 0.136385212028
0.514135665203 0.172242973924 0.136035003515
0.514108303035 0.172272254256 0.136035003515
0.514147800492 0.172263941214 0.136035003515
0.514247871402 0.172221570871 0.136035003515
0.514402837481 0.172148337451 0.136385212028
0.514420448007 0.172150501235 0.136385212028
0.514313693781 0.172220952606 0.136035003515
0.514282523945 0.172249250179 0.136035003515
0.514319797798 0.172239376737 0.136035003515
0.514419065950 0.172194929595 0.136035003515
0.514574503477 0.172119157861 0.136385212028
0.514590256607 0.172120332507 0.136385212028
0.514479561490 0.172191183379 0.136035003515
0.514446040100 0.172219172514 0.136035003515
0.514482387522 0.172208356805 0.136035003515
0.514582006890 0.172162400038 0.136385212028
0.514545509507 0.172191559280 0.136035003515
0.514579762399 0.172181471231 0.136035003515
0.514678078663 0.172135845035 0.136758753723
0.514594228143 0.172175081378 0.136758753723
0.514345541397 0.172291150617 0.136035003515
0.514189021341 0.172359080081 0.136035003515
0.514115892542 0.172383446502 0.136035003515
0.514118231447 0.172368382475 0.136035003515
0.514188883780 0.172317619511 0.136035003515
0.514321389934 0.172234526921 0.136035003515
0.514509917592 0.172122146937 0.136385212028
0.514549639585 0.172093670283 0.136385212028
0.514454726661 0.172141125289 0.136385212028
0.514237970996 0.172257314895 0.136035003515
0.514112028219 0.172324377609 0.136035003515
0.514068240146 0.172346993806 0.136035003515
0.514098790303 0.172329389008 0.136035003515
0.514196622184 0.172275378038 0.136035003515
0.514355365434 0.172188404901 0.136035003515
0.514569269186 0.172071578797 0.136385212028
0.514628643938 0.172040952653 0.136758753723
