0.371663575978 0.371662832065 0.722469988935
0.372624522523 0.376211620932 0.723803349569
0.373175126988 0.380784439607 0.722548679734
0.372388402378 0.384839470839 0.717085292746
0.370105889734 0.387861815311 0.715689195346
0.367386249493 0.389169445037 0.722670028414
0.365004330737 0.388992877510 0.727590176825
0.363419694313 0.387962194857 0.730291749310
0.363269759750 0.386573125333 0.728684481285
0.364304106781 0.384997278424 0.724697086719
0.366045399086 0.383425424447 0.722749868573
0.367886157241 0.381826554137 0.721920998704
0.369429091015 0.380321520877 0.722114174428
0.370833569294 0.378972419646 0.722300899845
0.372192923697 0.377877164017 0.722665978705
0.373557286981 0.377199333528 0.725686476938
0.374486173253 0.377392575259 0.725686476938
0.375023287759 0.378307481963 0.727251791886
0.374970720241 0.379837576665 0.725473540970
0.374320197297 0.381697622993 0.722056587807
0.372959627207 0.383605974789 0.718505836001
0.370831894259 0.385313951997 0.716421670822
0.368216049951 0.386443711183 0.720494928559
0.365691234351 0.386809005199 0.726059105535
0.363916886854 0.386617942706 0.727538238829
0.363039898997 0.386021338278 0.726863012517
0.363208823496 0.385306355302 0.726863012517
0.364238722678 0.384481919426 0.724697086719
0.365811461904 0.383584269039 0.722749868573
0.367459314900 0.382593337365 0.722080845431
0.368983850290 0.381581151734 0.721710716600
0.370179150384 0.380580589215 0.721959213412
0.371102467457 0.379656285014 0.722294980591
0.371864182924 0.378890106895 0.722775652659
0.372552005044 0.378414891290 0.722775652659
0.373172386627 0.378206013285 0.723720204124
0.373703347422 0.378473994187 0.724770230139
0.373916597975 0.379214988051 0.724770230139
0.373839596115 0.380380432414 0.723264674557
0.373239922409 0.381754487926 0.721541411331
0.372101866548 0.383132412182 0.720174693703
0.370432677873 0.384343007433 0.718843191293
0.368397593105 0.385051258422 0.721097978759
0.366389019489 0.385266518846 0.723795242059
0.364848885834 0.384948881327 0.724100621743
0.363961222496 0.384389509183 0.724697086719
0.363891799828 0.383714923558 0.723318521195
0.364485046473 0.383100525832 0.722102302896
0.365569121637 0.382695328063 0.722349182295
0.366917745974 0.382365651111 0.722080845431
0.368168104092 0.381940009937 0.721920998704
0.369208025121 0.381484336796 0.721710716600
0.369946188692 0.380979521208 0.721959213412
0.370440078080 0.380506171828 0.721959213412
0.370710890330 0.380061326366 0.722294980591
0.370871553309 0.379744893795 0.722294980591
0.370931466966 0.379545826021 0.722294980591
0.370899193398 0.379454060459 0.722294980591
0.370782530432 0.379460433450 0.722294980591
0.370588578886 0.379556601142 0.722157669268
0.370382504601 0.379675308209 0.722157669268
0.370165203716 0.379814715412 0.722157669268
0.369937492797 0.379973148074 0.722157669268
0.369700115867 0.380149081529 0.722157669268
0.369453750827 0.380341127821 0.722114174428
0.369240202598 0.380528006767 0.722017069638
0.368927475437 0.380669252454 0.722017069638
0.368524016148 0.380768886193 0.722057383631
0.368112110337 0.380858122388 0.722057383631
0.367692244512 0.380937914596 0.721993980272
0.367343195989 0.381075363186 0.721993980272
0.367058602538 0.381265524771 0.721993980272
0.366832683842 0.381503907117 0.722037997605
0.366651812284 0.381699012240 0.721987120388
0.366662289099 0.381949881958 0.721987120388
0.366847074839 0.382251757804 0.722037997605
0.367038839163 0.382503911452 0.722080845431
0.367243157432 0.382576276515 0.722080845431
0.367459036258 0.382484920319 0.722080845431
0.367685573250 0.382244420661 0.722037997605
0.367915746981 0.382004680041 0.721920998704
0.368004595007 0.381701032931 0.721920998704
0.367964768436 0.381339004245 0.721920998704
0.367807742917 0.380923607299 0.722057383631
0.367614384526 0.380546215392 0.721993980272
0.367474066586 0.380276204765 0.721920315158
0.367412706731 0.380146984889 0.721920315158
0.367423219151 0.380145858984 0.721920315158
0.367499178414 0.380261315860 0.721920315158
0.367634758353 0.380482919975 0.721993980272
0.367793265609 0.380757202354 0.722057383631
0.367883431006 0.381004191119 0.722057383631
0.367911437829 0.381226454797 0.722057383631
0.367882890514 0.381426321173 0.721920998704
0.367728221954 0.381513919308 0.721920998704
0.367458803849 0.381499436080 0.722037997605
0.367242379055 0.381462337852 0.722037997605
0.367074064130 0.381404648451 0.722037997605
0.366949434759 0.381328201673 0.722037997605
0.366864482853 0.381234659042 0.721993980272
0.366825379641 0.381227841785 0.721993980272
0.366827951277 0.381299869982 0.721993980272
0.366868417266 0.381443606812 0.722037997605
0.366933402151 0.381548751541 0.722037997605
0.367020705942 0.381618857445 0.722037997605
0.367128336239 0.381657142188 0.722037997605
0.367254488722 0.381666519362 0.722037997605
0.367397529464 0.381649627090 0.722037997605
0.367555978891 0.381608853952 0.722037997605
0.367728497249 0.381546362493 0.721920998704
0.367744771356 0.381388762905 0.721920998704
0.367619194721 0.381144719112 0.721993980272
0.367545658905 0.381006542179 0.721993980272
0.367519366655 0.380964460495 0.721993980272
0.367535976231 0.381009631039 0.721993980272
0.367591558309 0.381134051465 0.721993980272
0.367682556956 0.381330480460 0.722037997605
0.367795128797 0.381481502966 0.721920998704
0.367752081632 0.381513226609 0.721920998704
0.367567815585 0.381436675522 0.722037997605
0.367431934955 0.381340572402 0.722037997605
0.367339930268 0.381226680706 0.721993980272
0.367298577305 0.381209908453 0.721993980272
0.367303187325 0.381281272414 0.721993980272
0.367349518941 0.381432647072 0.722037997605
0.367422743172 0.381541983039 0.722037997605
0.367520402399 0.381613205650 0.722037997605
0.367640273646 0.381649865220 0.722037997605
0.367780346237 0.381655172767 0.721920998704
0.367755290748 0.381550246261 0.721920998704
0.367580502579 0.381345295866 0.722037997605
0.367454666143 0.381131939914 0.721993980272
0.367384502492 0.381028914916 0.721993980272
0.367364819518 0.381025925576 0.721993980272
0.367390922516 0.381113663677 0.721993980272
0.367458566651 0.381283713673 0.721993980272
0.367563913951 0.381528467271 0.722037997605
0.367691968183 0.381720789691 0.722037997605
0.367840661420 0.381865625230 0.721920998704
0.367817392375 0.381882425859 0.721920998704
0.367638281457 0.381783162490 0.722037997605
0.367509827262 0.381664245404 0.722037997605
0.367427264072 0.381527466008 0.722037997605
0.367386284123 0.381374443725 0.722037997605
0.367382993700 0.381206642477 0.721993980272
0.367425743895 0.381149312943 0.721993980272
0.367510247870 0.381192097005 0.721993980272
0.367632631142 0.381325633881 0.722037997605
0.367777393876 0.381416257214 0.721920998704
0.367744759159 0.381379871659 0.721920998704
0.367551432206 0.381228390634 0.721993980272
0.367423506045 0.381187804488 0.721993980272
0.367354814221 0.381247694103 0.721993980272
0.367339784595 0.381398645263 0.722037997605
0.367361135464 0.381504360871 0.722037997605
0.367415462849 0.381569114839 0.722037997605
0.367499690990 0.381596768900 0.722037997605
0.367611040754 0.381590812282 0.722037997605
0.367747001065 0.381554397579 0.721920998704
0.367700772931 0.381399216282 0.722037997605
0.367694658894 0.381227844719 0.721993980272
0.367737423543 0.381172625299 0.722057383631
0.367704289392 0.381121040969 0.722057383631
0.367602390993 0.381072734298 0.721993980272
0.367559142136 0.381129612385 0.721993980272
0.367569009190 0.381281771445 0.721993980272
0.367626993499 0.381520265887 0.722037997605
0.367715798685 0.381703654084 0.721920998704
0.367622029397 0.381743315779 0.722037997605
0.367574038785 0.381746976415 0.722037997605
0.367567497435 0.381718030395 0.722037997605
0.367598494895 0.381659543682 0.722037997605
0.367663499186 0.381574285532 0.722037997605
0.367759320219 0.381464757176 0.721920998704
0.367668631102 0.381237633006 0.721993980272
0.367637208245 0.381136597513 0.721993980272
0.367659443694 0.381149687988 0.721993980272
0.367730272880 0.381266101891 0.722057383631
0.367718810969 0.381369386307 0.721920998704
0.367528665349 0.381332440031 0.722037997605
0.367394923659 0.381265852224 0.721993980272
0.367325546502 0.381311587034 0.721993980272
0.367314423189 0.381459005402 0.722037997605
0.367342625531 0.381558549669 0.722037997605
0.367406438271 0.381614778933 0.722037997605
0.367502506606 0.381631809925 0.722037997605
0.367627801243 0.381613359880 0.722037997605
0.367779586855 0.381562785260 0.721920998704
0.367731979738 0.381383534571 0.721920998704
0.367504008043 0.381087805579 0.721993980272
0.367350922076 0.380929505983 0.721993980272
0.367265576547 0.380895531240 0.721993980272
0.367241520396 0.380974051102 0.721993980272
0.367272929411 0.381154385828 0.721993980272
0.367354545385 0.381426894399 0.722037997605
0.367467754152 0.381638171917 0.722037997605
0.367609584715 0.381794087913 0.722037997605
0.367777354840 0.381899941261 0.721920998704
0.367739042009 0.381858161812 0.721920998704
0.367514366331 0.381682821510 0.722037997605
