0.361820427567 0.761677090023 0.578774576013
0.365274092932 0.756972441466 0.580524256342
0.363807582071 0.757678649701 0.579533664744
0.360912076641 0.758773423825 0.578506870909
0.357868769299 0.758863822367 0.580277187003
0.354513661514 0.758072174345 0.581137559986
0.350792507781 0.757916668019 0.578342707260
0.346811666885 0.759535001025 0.572991486122
0.342591985909 0.762111403185 0.568669083601
0.338546586977 0.764658433662 0.568633663732
0.335263871882 0.767237981017 0.565640468965
0.332005371327 0.770482307828 0.560272021868
0.328636056892 0.774120471604 0.559184415013
0.326152095928 0.777050276592 0.561272716523
0.324331829259 0.779311467723 0.561367290536
0.322278909367 0.781702872022 0.558782233094
0.319617386926 0.784609265974 0.553234758713
0.316503206797 0.787860720081 0.550524789392
0.313388665345 0.790811711811 0.550514920612
0.310283534558 0.793252309764 0.549552895052
0.306961590467 0.795626298178 0.547836370849
0.303560107817 0.798038775848 0.546594743199
0.300353859726 0.800306346051 0.546447403743
0.297256571764 0.802310591827 0.545992061577
0.294053035495 0.804184998520 0.544603538591
0.290662574238 0.806185974623 0.541559372795
0.287059064714 0.808581263528 0.538018653947
0.283405554657 0.811350981061 0.535761970168
0.280059857668 0.813864649143 0.537664602985
0.277147890759 0.815415094168 0.539971897617
0.274405149685 0.816238012013 0.540796828407
0.271529068989 0.816623069149 0.541723331284
0.268341430748 0.816782896278 0.542145060652
0.265279390144 0.816889776836 0.542327313126
0.263001465644 0.816888978067 0.542639420338
0.261780315596 0.816691378061 0.542876481781
0.261559298573 0.816263134289 0.543163169189
0.262219658524 0.815581678320 0.542128590732
0.263580405877 0.814757567634 0.541328097610
0.265432944782 0.813979095889 0.541154301077
0.267462961578 0.813592471169 0.541949881986
0.269404939203 0.813670578682 0.542752102179
0.271007540536 0.814067599379 0.543150087480
0.272109135254 0.814470922531 0.542702160401
0.272632079717 0.814663632471 0.542449842650
0.272625643444 0.814502665053 0.542449842650
0.272142506836 0.814019909602 0.543100779132
0.271306875716 0.813434207853 0.543150087480
0.270199947828 0.812945755162 0.543245995559
0.268975015207 0.812798579571 0.542886803376
0.267726186049 0.813111533917 0.542409539426
0.266554905966 0.813931878733 0.541949881986
0.265592769622 0.815125398030 0.541755903745
0.264999904339 0.816489207180 0.542327313126
0.264928880411 0.817615458457 0.542717465290
0.265290621063 0.818337697781 0.543061210104
0.265977331657 0.818501298942 0.542607602464
0.266748295902 0.818172082668 0.542171322357
0.267375386270 0.817424292360 0.542205137120
0.267936836991 0.816496205663 0.542145060652
0.268281074861 0.815608409889 0.542259817062
0.268482745614 0.814939188010 0.542582527896
0.268434445035 0.814568630277 0.542332980763
0.268322260880 0.814539367328 0.542332980763
0.268151611200 0.814820287227 0.542332980763
0.267927425015 0.815383177418 0.542259817062
0.267609483092 0.816033092953 0.542259817062
0.267205753219 0.816762801307 0.542187096276
0.266891230942 0.817372921971 0.542205137120
0.266597768900 0.817657682018 0.542205137120
0.266323365780 0.817646674382 0.542449777729
0.266314103141 0.817341099895 0.542449777729
0.266546091850 0.816767848270 0.542187096276
0.266809556486 0.816195476487 0.542187096276
0.267101889857 0.815623584752 0.542127820448
0.267466028444 0.815264051268 0.542127820448
0.267895833620 0.815097805033 0.542332980763
0.268209926113 0.815279093339 0.542259817062
0.268370157015 0.815593030070 0.542259817062
0.268390284771 0.816027933645 0.542259817062
0.268282793161 0.816573205098 0.542145060652
0.267995626250 0.817015470665 0.542145060652
0.267544868216 0.817364095916 0.541981039614
0.266874645650 0.817412821064 0.542205137120
0.266258637309 0.817166556696 0.542449777729
0.265961483286 0.816624978610 0.542241946640
0.266011422522 0.816050160295 0.542003204191
0.266404220187 0.815668800391 0.542003204191
0.267107564553 0.815463287092 0.542127820448
0.267850851663 0.815447868887 0.542259817062
0.268391717790 0.815593522206 0.542259817062
0.268748698387 0.815885701127 0.542366052927
0.268721683083 0.816256930969 0.542096118290
0.268268721284 0.816515996225 0.542145060652
0.267658485093 0.816695297048 0.542145060652
0.266905153482 0.816802109281 0.542187096276
0.266283251182 0.816838894992 0.542241946640
0.266054564043 0.816782531218 0.542241946640
0.266181814799 0.816641437105 0.542241946640
0.266631315453 0.816423239335 0.542187096276
0.267098513357 0.816164746962 0.542187096276
0.267582009047 0.815869502535 0.542259817062
0.267881064040 0.815772440818 0.542259817062
0.268012675951 0.815855319151 0.542259817062
0.267992232755 0.816101625112 0.542259817062
0.267833664532 0.816496413094 0.542145060652
0.267479064454 0.816794966137 0.542187096276
0.267220954126 0.817001832647 0.542187096276
0.267050412739 0.817125473284 0.542205137120
0.266886082902 0.816908620086 0.542187096276
0.266800959437 0.816648633624 0.542187096276
0.266787755370 0.816349356678 0.542187096276
0.266839875172 0.816014267857 0.542127820448
0.267005438284 0.815902932154 0.542127820448
0.267274059068 0.815994531065 0.542127820448
0.267636340114 0.816270235363 0.542145060652
0.267742545500 0.816458450928 0.542145060652
0.267616638926 0.816567297072 0.542145060652
0.267280286265 0.816604120176 0.542187096276
0.267042141058 0.816570984306 0.542187096276
0.266893059980 0.816474324923 0.542187096276
0.266824771491 0.816319964158 0.542187096276
0.266829792988 0.816113169084 0.542127820448
0.266957699327 0.816126014366 0.542127820448
0.267197138575 0.816337964259 0.542187096276
0.267481089677 0.816461466409 0.542187096276
0.267805538612 0.816504750446 0.542145060652
0.267867535382 0.816479992889 0.542145060652
0.267691799299 0.816393486970 0.542145060652
0.267300667691 0.816250924085 0.542187096276
0.267016015797 0.816052661787 0.542127820448
0.266885954523 0.816079624740 0.542127820448
0.266896033407 0.816310658234 0.542187096276
0.266974707819 0.816449221315 0.542187096276
0.267115628726 0.816503958493 0.542187096276
0.267313055667 0.816482685421 0.542187096276
0.267561798539 0.816392468171 0.542145060652
0.267546798418 0.816244610876 0.542145060652
0.267293010158 0.816044431275 0.542127820448
0.267194587058 0.816075878251 0.542127820448
0.267236957872 0.816317104620 0.542187096276
0.267346798646 0.816462758170 0.542187096276
0.267517848393 0.816521808236 0.542145060652
0.267427786985 0.816507383844 0.542187096276
0.267418731885 0.816421303843 0.542187096276
0.267483108366 0.816270237839 0.542187096276
0.267614070508 0.816060213802 0.542259817062
0.267567309657 0.816073816999 0.542259817062
0.267359549511 0.816289908120 0.542187096276
0.267245452309 0.816410790500 0.542187096276
0.267216207453 0.816445421776 0.542187096276
0.267263853383 0.816401896369 0.542187096276
0.267381195910 0.816287528519 0.542187096276
0.267561734376 0.816108927353 0.542259817062
0.267555766492 0.816155694880 0.542145060652
0.267295904434 0.816127367360 0.542127820448
0.267199779851 0.816326497323 0.542187096276
0.267188458240 0.816430060671 0.542187096276
0.267253965975 0.816447070818 0.542187096276
0.267389099350 0.816385670787 0.542187096276
0.267587350344 0.816253217125 0.542145060652
0.267506890621 0.816061684843 0.542127820448
0.267575369578 0.816117889218 0.542259817062
0.267463537044 0.816382480196 0.542187096276
0.267439685396 0.816543450648 0.542187096276
0.267495517423 0.816610611800 0.542187096276
0.267623538404 0.816592825860 0.542145060652
0.267475034811 0.816503524915 0.542187096276
0.267418999552 0.816343983806 0.542187096276
0.267446691479 0.816120784419 0.542127820448
0.267616222032 0.816154040458 0.542145060652
0.267502122227 0.816109950035 0.542127820448
0.267544415317 0.816306107108 0.542145060652
0.267314177082 0.816408666957 0.542187096276
0.267185662298 0.816420962646 0.542187096276
0.267149218156 0.816351531329 0.542187096276
0.267196127462 0.816208082742 0.542187096276
0.267318518063 0.815997579300 0.542127820448
0.267576750730 0.816047765618 0.542259817062
0.267627983507 0.816317167166 0.542145060652
0.267400505707 0.816484336329 0.542187096276
0.267276062522 0.816553348858 0.542187096276
0.267244859010 0.816533522760 0.542187096276
0.267298050858 0.816433271729 0.542187096276
0.267427652215 0.816260192810 0.542187096276
0.267626452466 0.816021145586 0.542259817062
0.267620532438 0.816034092021 0.542259817062
0.267429433283 0.816274884038 0.542187096276
0.267339428048 0.816408760972 0.542187096276
0.267340897118 0.816445906615 0.542187096276
0.267425155583 0.816395515207 0.542187096276
0.267584362509 0.816265887487 0.542145060652
0.267445166689 0.816070337634 0.542127820448
0.267473361451 0.816143981668 0.542127820448
0.267652986200 0.816460940937 0.542145060652
0.267530209433 0.816667875909 0.542145060652
0.267134222904 0.816775299761 0.542187096276
0.266861165765 0.816786807946 0.542187096276
0.266699274050 0.816711528924 0.542187096276
0.266637928532 0.816557702959 0.542187096276
