0.371656298564 0.904991249837 0.575580204089
0.376498618775 0.908954854864 0.578524508917
0.381150651740 0.913376155311 0.581224104155
0.384729542840 0.918010063518 0.586790846420
0.388719027210 0.922619809851 0.595410262222
0.392956079227 0.927217525090 0.595288762733
0.395670532175 0.931138070536 0.595476636000
0.398452477086 0.935140078238 0.598070242232
0.401468649330 0.938758128297 0.597287172351
0.404039999432 0.940917205945 0.595981551991
0.406182755933 0.943039236494 0.597341016052
0.408534038426 0.945859499805 0.601595131721
0.411535436082 0.949336906995 0.610661606975
0.414994571471 0.953260216037 0.616555036870
0.418718225120 0.957277401425 0.619679352008
0.422397434253 0.960977671939 0.621178246702
0.426392400314 0.964527455531 0.629746204318
0.430722966909 0.968579948113 0.656350096936
0.434904913854 0.972723747314 0.711135087343
0.439291581936 0.977231712761 0.734552520654
0.442178742299 0.981347693807 0.707929499320
0.442383870121 0.984596475314 0.677353674899
0.441137685460 0.987978229553 0.658968669091
0.439373618482 0.991665765557 0.653502972673
0.438340876319 0.995526886653 0.666788337774
0.438200957519 0.999635074383 0.675850255235
0.438073480927 1.004010894846 1.000000000000
0.437957335196 1.007997758807 1.000000000000
0.437851512148 1.011630275060 1.000000000000
0.437755096088 1.014939877462 1.000000000000
0.437667254482 1.017955145150 1.000000000000
0.437587229759 1.020702083816 1.000000000000
0.437514332077 1.023204374053 1.000000000000
0.437447932911 1.025483591656 1.000000000000
0.437387459329 1.027559403869 1.000000000000
0.437332388887 1.029449744867 1.000000000000
0.437282245038 1.031170973189 1.000000000000
0.437236593009 1.032738013401 1.000000000000
0.437195036076 1.034164483902 1.000000000000
0.437157212198 1.035462812486 1.000000000000
0.437122790967 1.036644341051 1.000000000000
0.437091470840 1.037719420625 1.000000000000
0.437062976624 1.038697497745 1.000000000000
0.437037057183 1.039587193065 1.000000000000
0.437013483355 1.040396372973 1.000000000000
0.436992046047 1.041132214898 1.000000000000
0.436972554501 1.041801266905 1.000000000000
0.436954834708 1.042409502110 1.000000000000
0.436938727960 1.042962368395 1.000000000000
0.436924089525 1.043464833837 1.000000000000
0.436910787442 1.043921428243 1.000000000000
0.436898701406 1.044336281122 1.000000000000
0.436887721767 1.044713156414 1.000000000000
0.436877748596 1.045055484251 1.000000000000
0.436868690844 1.045366390002 1.000000000000
0.436860465565 1.045648720837 1.000000000000
0.436852997211 1.045905070026 1.000000000000
0.436846216983 1.046137799147 1.000000000000
0.436840062240 1.046349058402 1.000000000000
0.436834475957 1.046540805183 1.000000000000
0.436829406234 1.046714821043 1.000000000000
0.436824805839 1.046872727207 1.000000000000
0.436820631800 1.047015998744 1.000000000000
0.436816845024 1.047145977512 1.000000000000
0.436813409955 1.047263883979 1.000000000000
0.436810294260 1.047370828023 1.000000000000
0.436807468538 1.047467818786 1.000000000000
0.436804906064 1.047555773671 1.000000000000
0.436802582543 1.047635526546 1.000000000000
0.436800475899 1.047707835242 1.000000000000
0.436798566069 1.047773388373 1.000000000000
0.436796834827 1.047832811573 1.000000000000
0.436795265615 1.047886673169 1.000000000000
0.436793843394 1.047935489361 1.000000000000
0.436792554509 1.047979728933 1.000000000000
0.436791386556 1.048019817559 1.000000000000
0.436790328277 1.048056141708 1.000000000000
0.436789369451 1.048089052217 1.000000000000
0.436788500801 1.048118867529 1.000000000000
0.436787713906 1.048145876656 1.000000000000
0.436787001125 1.048170341862 1.000000000000
0.436786355527 1.048192501114 1.000000000000
0.436785770821 1.048212570306 1.000000000000
0.436785241301 1.048230745288 1.000000000000
0.436784761792 1.048247203703 1.000000000000
0.436784327600 1.048262106666 1.000000000000
0.436783934468 1.048275600285 1.000000000000
0.436783578536 1.048287817049 1.000000000000
0.436783256305 1.048298877078 1.000000000000
0.436782964602 1.048308889276 1.000000000000
0.436782700551 1.048317952364 1.000000000000
0.436782461544 1.048326155823 1.000000000000
0.436782245220 1.048333580757 1.000000000000
0.436782049436 1.048340300665 1.000000000000
0.436781872252 1.048346382151 1.000000000000
0.436781711911 1.048351885567 1.000000000000
0.436781566817 1.048356865593 1.000000000000
0.436781435530 1.048361371768 1.000000000000
0.436781316740 1.048365448967 1.000000000000
0.436781209265 1.048369137842 1.000000000000
0.436781112030 1.048372475212 1.000000000000
0.436781024065 1.048375494424 1.000000000000
0.436780944489 1.048378225679 1.000000000000
0.436780872506 1.048380696323 1.000000000000
0.436780807395 1.048382931123 1.000000000000
0.436780748502 1.048384952499 1.000000000000
0.436780695235 1.048386780753 1.000000000000
0.436780647059 1.048388434264 1.000000000000
0.436780603490 1.048389929669 1.000000000000
0.436780564088 1.048391282031 1.000000000000
0.436780528457 1.048392504980 1.000000000000
0.436780496237 1.048393610858 1.000000000000
0.436780467102 1.048394610830 1.000000000000
0.436780440759 1.048395515005 1.000000000000
0.436780416940 1.048396332527 1.000000000000
0.436780395404 1.048397071674 1.000000000000
0.436780375934 1.048397739935 1.000000000000
0.436780358332 1.048398344085 1.000000000000
0.436780342418 1.048398890256 1.000000000000
0.436780328033 1.048399383994 1.000000000000
0.436780315029 1.048399830318 1.000000000000
0.436780303274 1.048400233768 1.000000000000
0.436780292649 1.048400598448 1.000000000000
0.436780283045 1.048400928075 1.000000000000
0.436780274364 1.048401226008 1.000000000000
0.436780266519 1.048401495285 1.000000000000
0.436780259428 1.048401738655 1.000000000000
0.436780253020 1.048401958605 1.000000000000
0.436780247228 1.048402157381 1.000000000000
0.436780241994 1.048402337016 1.000000000000
0.436780237264 1.048402499349 1.000000000000
0.436780232990 1.048402646043 1.000000000000
0.436780229128 1.048402778599 1.000000000000
0.436780225638 1.048402898378 1.000000000000
0.436780222485 1.048403006608 1.000000000000
0.436780219636 1.048403104399 1.000000000000
0.436780217061 1.048403192756 1.000000000000
0.436780214735 1.048403272587 1.000000000000
0.436780212634 1.048403344714 1.000000000000
0.436780210735 1.048403409877 1.000000000000
0.436780209020 1.048403468747 1.000000000000
0.436780207470 1.048403521932 1.000000000000
0.436780206070 1.048403569978 1.000000000000
0.436780204806 1.048403613382 1.000000000000
0.436780203663 1.048403652591 1.000000000000
0.436780202631 1.048403688009 1.000000000000
0.436780201699 1.048403720002 1.000000000000
0.436780200857 1.048403748901 1.000000000000
0.436780200097 1.048403775005 1.000000000000
0.436780199410 1.048403798583 1.000000000000
0.436780198789 1.048403819878 1.000000000000
0.436780198229 1.048403839113 1.000000000000
0.436780197723 1.048403856485 1.000000000000
0.436780197265 1.048403872176 1.000000000000
0.436780196852 1.048403886346 1.000000000000
0.436780196480 1.048403899144 1.000000000000
0.436780196143 1.048403910701 1.000000000000
0.436780195839 1.048403921139 1.000000000000
0.436780195564 1.048403930565 1.000000000000
0.436780195316 1.048403939077 1.000000000000
0.436780195092 1.048403946764 1.000000000000
0.436780194890 1.048403953705 1.000000000000
0.436780194707 1.048403959973 1.000000000000
0.436780194542 1.048403965633 1.000000000000
0.436780194393 1.048403970744 1.000000000000
0.436780194259 1.048403975359 1.000000000000
0.436780194138 1.048403979526 1.000000000000
0.436780194028 1.048403983288 1.000000000000
0.436780193929 1.048403986685 1.000000000000
0.436780193840 1.048403989752 1.000000000000
0.436780193759 1.048403992521 1.000000000000
0.436780193686 1.048403995021 1.000000000000
0.436780193620 1.048403997279 1.000000000000
0.436780193561 1.048403999317 1.000000000000
0.436780193507 1.048404001156 1.000000000000
0.436780193459 1.048404002817 1.000000000000
0.436780193415 1.048404004317 1.000000000000
0.436780193376 1.048404005671 1.000000000000
0.436780193340 1.048404006893 1.000000000000
0.436780193308 1.048404007996 1.000000000000
0.436780193279 1.048404008992 1.000000000000
0.436780193253 1.048404009891 1.000000000000
0.436780193229 1.048404010703 1.000000000000
0.436780193208 1.048404011435 1.000000000000
0.436780193188 1.048404012096 1.000000000000
0.436780193171 1.048404012693 1.000000000000
0.436780193155 1.048404013232 1.000000000000
0.436780193141 1.048404013718 1.000000000000
0.436780193128 1.048404014157 1.000000000000
0.436780193117 1.048404014554 1.000000000000
0.436780193106 1.048404014911 1.000000000000
0.436780193097 1.048404015234 1.000000000000
0.436780193089 1.048404015525 1.000000000000
0.436780193081 1.048404015788 1.000000000000
0.436780193074 1.048404016026 1.000000000000
0.436780193068 1.048404016240 1.000000000000
0.436780193062 1.048404016433 1.000000000000
0.436780193057 1.048404016608 1.000000000000
0.436780193052 1.048404016765 1.000000000000
0.436780193048 1.048404016907 1.000000000000
