0.495001694095 0.104990762650 0.453376493126
0.490364079877 0.109765913822 0.458534260964
0.490477554232 0.112671915456 0.469611824089
0.492108512396 0.112785782327 0.468214378948
0.494548888499 0.110834362695 0.456815280136
0.497270625560 0.107870812297 0.451948719171
0.499307251079 0.105071392605 0.455297442659
0.500258232036 0.102898236230 0.463535150411
0.500135203951 0.101463765148 0.466423688866
0.499170350714 0.100654282818 0.468739597725
0.497533583236 0.100416681624 0.467197021772
0.495332336585 0.100831357477 0.465142631069
0.492640821901 0.101946433130 0.457690518926
0.489560146945 0.103775129889 0.448595726763
0.486452780807 0.105988804656 0.446499174657
0.483884370370 0.108082320811 0.451337767066
0.482033241127 0.110425423505 0.450271646108
0.480316497291 0.113509421872 0.437271054914
0.478001103847 0.117270173436 0.407731731916
0.474987617787 0.121510853284 0.382053039783
0.471666027567 0.125595793330 0.366101325730
0.468132810518 0.129613443619 0.345856806720
0.464225955853 0.133751446019 0.318807848258
0.459919380433 0.137810541326 0.286789119814
0.455259794335 0.141984281993 0.256131220350
0.450428187781 0.146206506845 0.232586622438
0.445572320213 0.150224199742 0.206961660055
0.440436774216 0.154495226075 0.143604865240
0.434982217623 0.159268512751 0.073902796275
0.429524584575 0.164160879234 0.079172250618
0.425944881559 0.168916668388 0.137486274725
0.424741895489 0.173827342484 0.214007798696
0.425068771328 0.178963133664 0.274527156055
0.426166174700 0.184211347724 0.319709621524
0.427656472613 0.189228100022 0.355956471722
0.429724005682 0.194079942905 0.414457442867
0.432525446078 0.199048497969 0.492564372440
0.436020330630 0.204345913662 0.607883871889
0.440106307424 0.210086139595 0.689966104762
0.444351958429 0.215728035571 0.709564347259
0.448252862532 0.220388074598 0.699823123585
0.451787211960 0.223712902516 0.677326428205
0.454937387506 0.225130233504 0.654574546087
0.457719584936 0.225015327670 0.636661628799
0.460064292331 0.224056896185 0.634339801049
0.461827450210 0.223002388814 0.642447406892
0.462880874566 0.222642337235 0.654054618182
0.463257585359 0.223280258739 0.651370477878
0.462935495822 0.224812696163 0.630384169164
0.462069440823 0.226603094988 0.622915561239
0.460759431956 0.228413662688 0.615988579107
0.459353534259 0.229340511970 0.618830544980
0.457984736625 0.229190544828 0.631258879208
0.456713724009 0.227975392318 0.638385631150
0.455516513539 0.225856980239 0.646704518772
0.454349049104 0.222981848751 0.657171370848
0.453173286969 0.219511418753 0.673683511318
0.452069016134 0.215612103883 0.676959132072
0.451185273960 0.211479959366 0.669731166999
0.450731908890 0.207203882781 0.645821200627
0.450944252974 0.202936558809 0.595511338803
0.452082792124 0.199037363432 0.545044280612
0.454097840814 0.196012983715 0.515435888638
0.456803241453 0.194144303051 0.507156920901
0.460112744021 0.193167829547 0.503610399998
0.464039969577 0.192507137949 0.479984057564
0.468656475997 0.191322650629 0.441302996546
0.473881643238 0.189514154610 0.383757263201
0.479488863779 0.187634464080 0.352313960011
0.485271060749 0.185913722686 0.336784286424
0.491073469460 0.184147471553 0.311300150552
0.496762248353 0.182352559092 0.286008447143
0.502480798017 0.180430667185 0.244453159157
0.508420489884 0.178182365748 0.195250466941
0.514523969213 0.175693926066 0.148216201588
0.520460373576 0.173170452710 0.134381158617
0.525761525646 0.170886166645 0.157426925987
0.530018925305 0.169202898826 0.186104301216
0.533300805988 0.168087448466 0.204544023819
0.535774792002 0.167435405145 0.209166996011
0.537530699743 0.167190004867 0.220907964946
0.538685441151 0.167296976570 0.223047024496
0.539298487591 0.167715598701 0.217909431456
0.539386223519 0.168415052429 0.210071191487
0.538962529245 0.169380830086 0.201633365018
0.538044205076 0.170599897557 0.190389965961
0.536652577652 0.172049191751 0.176642346396
0.534831002155 0.173697403057 0.154768589123
0.532693450371 0.175474478365 0.138692978294
0.530475761466 0.177237910880 0.133862882538
0.528511625500 0.178771450806 0.138035329156
0.527007488962 0.179960953946 0.147394854227
0.526126893600 0.180708126889 0.158445783962
0.525940397525 0.180970766582 0.168847961833
0.526455365206 0.180752666622 0.155895244627
0.527495106904 0.180154293694 0.153391235826
0.528978908211 0.179216492084 0.143451884554
0.530716168360 0.178063929295 0.135663607572
0.532467433328 0.176837181335 0.134937820415
0.533874616656 0.175784543681 0.139677952401
0.534817853023 0.174991110102 0.147127034480
0.535222003233 0.174512614027 0.148578237978
0.535112804307 0.174317237166 0.148578237978
0.534541095132 0.174378626023 0.147127034480
0.533579434576 0.174675373991 0.145649083177
0.532294038376 0.175191586226 0.138692978294
0.530840696614 0.175823847339 0.136698935760
0.529310547606 0.176559290651 0.133955290744
0.527878944029 0.177267036583 0.135410874226
0.526765638432 0.177788942975 0.136200285915
0.525983328977 0.178110333505 0.142362398075
0.525675646183 0.178112222819 0.142362398075
0.525796565256 0.177824745634 0.137197569417
0.526171392431 0.177374283467 0.137197569417
0.526776372082 0.176775811300 0.133811988871
0.527407077915 0.176194993339 0.133690102337
0.528017664416 0.175666204799 0.134152422600
0.528469575412 0.175300138269 0.134880527482
0.528735246365 0.175110305671 0.134880527482
0.528832019616 0.175080321003 0.138023043469
0.528648453203 0.175301681635 0.134880527482
0.528338249035 0.175644313130 0.134880527482
0.527913048125 0.176097085843 0.133690102337
0.527570252088 0.176502562090 0.133690102337
0.527302124599 0.176865259955 0.133690102337
0.527101668050 0.177189265977 0.136200285915
0.527157685465 0.177321712402 0.136200285915
0.527446050605 0.177280498111 0.135410874226
0.527900000408 0.177116017315 0.135410874226
0.528504168586 0.176839679671 0.133753982419
0.529045793924 0.176615795703 0.133753982419
0.529530868311 0.176439423401 0.133955290744
0.529916902131 0.176327004343 0.133955290744
0.530213226451 0.176272562809 0.134246211086
0.530379709283 0.176283214988 0.134246211086
0.530428500872 0.176352914145 0.134246211086
0.530370585355 0.176476193243 0.134246211086
0.530215892424 0.176648109501 0.134246211086
0.529973398322 0.176864194218 0.133955290744
0.529700641905 0.177107650895 0.134286399548
0.529556616864 0.177240658363 0.134286399548
0.529529249745 0.177273570359 0.134286399548
0.529607628122 0.177215745335 0.134286399548
0.529781889177 0.177075641933 0.134286399548
0.530043118943 0.176860905327 0.133955290744
0.530224226948 0.176716242083 0.134246211086
0.530282021728 0.176648151744 0.134246211086
0.530228074790 0.176649452604 0.134246211086
0.530072842874 0.176713654220 0.133955290744
0.529877005002 0.176821660861 0.133955290744
0.529644298587 0.176969408045 0.133955290744
0.529378101229 0.177153222653 0.134286399548
0.529244505873 0.177228487449 0.134286399548
0.529231016850 0.177205412804 0.134286399548
0.529326344334 0.177093224186 0.134286399548
0.529520288164 0.176900257010 0.133955290744
0.529638460681 0.176777227449 0.133955290744
0.529688010922 0.176717533432 0.133955290744
0.529675397991 0.176715209997 0.133955290744
0.529606457533 0.176764867922 0.133955290744
0.529486461819 0.176861638236 0.133955290744
0.529320174047 0.177001122079 0.133955290744
0.529111897434 0.177179345371 0.134787867584
0.529089803760 0.177225636423 0.134787867584
0.529236257392 0.177152455942 0.134286399548
0.529479896403 0.176991660996 0.133955290744
0.529641038658 0.176899416938 0.133955290744
0.529727503780 0.176869239202 0.133955290744
0.529746354969 0.176895270434 0.133955290744
0.529703972065 0.176972219905 0.133955290744
0.529606117573 0.177095308779 0.134286399548
0.529631328990 0.177109887654 0.134286399548
0.529767973378 0.177026215063 0.133955290744
0.529831200169 0.177004786617 0.133955290744
0.529827960147 0.177039719395 0.133955290744
0.529764530799 0.177125700279 0.134286399548
0.529822556190 0.177105288754 0.134286399548
0.529990546272 0.176988549442 0.133955290744
0.530081151375 0.176938100223 0.133955290744
0.530101715351 0.176947658605 0.133955290744
0.530058869982 0.177011551199 0.133955290744
0.529958603941 0.177124654732 0.134286399548
0.529985446295 0.177126954104 0.134286399548
0.530127341362 0.177028956360 0.133955290744
0.530193299747 0.176996411130 0.134246211086
0.530133135445 0.177037943554 0.133955290744
0.530016356240 0.177131667662 0.134286399548
0.530029977391 0.177115022908 0.134286399548
0.530161610014 0.176998484709 0.134246211086
0.530159371746 0.176965018386 0.134246211086
0.530035991936 0.177006732161 0.133955290744
0.529861295787 0.177101414833 0.134286399548
0.529824299904 0.177084200783 0.134286399548
0.529911891708 0.176965724467 0.133955290744
0.529927085375 0.176916303898 0.133955290744
0.529876761900 0.176929367677 0.133955290744
0.529767133326 0.176998983235 0.133955290744
0.529603807717 0.177119794784 0.134286399548
0.529579071882 0.177124448801 0.134286399548
0.529679712087 0.177024006859 0.133955290744
