0.504999220482 0.238330092156 0.687723679481
0.507717321377 0.235264611148 0.664552951232
0.510604785593 0.231292642185 0.643510173806
0.510827945809 0.227323411733 0.672917498259
0.508908419678 0.224840464089 0.677038756929
0.506340083737 0.223977653967 0.659440852043
0.504042300071 0.224287441388 0.647097981565
0.502557757290 0.225296925425 0.642798164457
0.502249945896 0.226606173968 0.648478764575
0.502895293206 0.228065207871 0.660904387638
0.504348597316 0.229447236994 0.665386478653
0.506233848180 0.230455236958 0.662749523332
0.508171469548 0.230832530440 0.653346319498
0.509766489218 0.230484710718 0.648762521038
0.510390920256 0.229895609528 0.648762521038
0.510211189956 0.229088651775 0.654955204525
0.509268752776 0.228317203922 0.660549012329
0.507833408626 0.227739300119 0.659873126660
0.506178690759 0.227262038723 0.659355359766
0.504726467853 0.227016415035 0.656901748775
0.503880111257 0.226931130862 0.655798276065
0.503731880555 0.227002053087 0.655798276065
0.504192719920 0.227216430428 0.656901748775
0.505045763396 0.227553463398 0.658027176547
0.506077747630 0.228018668857 0.660019223222
0.507120685630 0.228386915924 0.659745069008
0.507945121950 0.228708575489 0.657036096414
0.508392772423 0.228770949512 0.657036096414
0.508497210428 0.228595853302 0.659873126660
0.508220762296 0.228489850761 0.659873126660
0.507598837628 0.228447441344 0.659745069008
0.506904040085 0.228394201048 0.659745069008
0.506141531364 0.228330920275 0.660019223222
0.505557920036 0.228212597663 0.660500986090
0.505363880647 0.228028876374 0.660500986090
0.505524345884 0.227784755891 0.660500986090
0.506007536899 0.227484802204 0.659355359766
0.506503639070 0.227439946183 0.659355359766
0.507012067114 0.227628709548 0.659745069008
0.507335980629 0.227784582304 0.659745069008
0.507490659867 0.227910321455 0.659745069008
0.507490048866 0.228008444306 0.659745069008
0.507346872870 0.228081249337 0.659745069008
0.507072745114 0.228130835200 0.659745069008
0.506678264029 0.228159118022 0.660019223222
0.506442901304 0.228115904341 0.660019223222
0.506353352771 0.228007000305 0.660019223222
0.506397481857 0.227837705657 0.660019223222
0.506564218051 0.227612857530 0.659355359766
0.506779061150 0.227665732676 0.660019223222
0.507103188034 0.227641592146 0.659745069008
0.507242242291 0.227601701412 0.661043847934
0.507146286330 0.227904099993 0.659745069008
0.506901582622 0.228160562694 0.659745069008
0.506520633186 0.228375103666 0.660019223222
0.506309312259 0.228494654619 0.660019223222
0.506253054919 0.228527298414 0.660019223222
0.506338599056 0.228480397993 0.660019223222
0.506553870464 0.228360659556 0.660019223222
0.506887877862 0.228174190310 0.659745069008
0.507024053684 0.227985629115 0.659745069008
0.506979626492 0.227795030020 0.659745069008
0.506770265052 0.227602442999 0.659355359766
0.506651144676 0.227716012510 0.660019223222
0.506687122651 0.227738217743 0.660019223222
0.506864726863 0.227676945346 0.659745069008
0.506851601049 0.227601159221 0.661043847934
0.506591092334 0.227913129579 0.660019223222
0.506502841136 0.228113055923 0.660019223222
0.506571686786 0.228210793234 0.660019223222
0.506783856370 0.228215297615 0.660019223222
0.507126839073 0.228134707310 0.659745069008
0.507256540822 0.228040645166 0.659745069008
0.507191988877 0.227934232224 0.659745069008
0.506950453510 0.227816487193 0.659745069008
0.506547608727 0.227688335723 0.660019223222
0.506338238707 0.227484609675 0.659355359766
0.506226045758 0.227616368133 0.659355359766
0.506202391734 0.228052514084 0.660019223222
0.506339338302 0.228358639591 0.660019223222
0.506622585426 0.228546429006 0.660019223222
0.507039161348 0.228626484533 0.658942694925
0.507320982061 0.228241508297 0.659745069008
0.507382780034 0.227870530466 0.659745069008
0.507244489418 0.227512115320 0.661043847934
0.506842497029 0.227611323538 0.661043847934
0.506201036415 0.228123828110 0.660019223222
0.505785766802 0.228495689844 0.660500986090
0.505908837236 0.228717671715 0.661150710317
0.506274249116 0.228408907194 0.660019223222
0.506771507980 0.228036400601 0.660019223222
0.507388860097 0.227605711666 0.661043847934
0.507661768541 0.227650717645 0.659745069008
0.507707062572 0.227668225750 0.659745069008
0.507545602993 0.227660717676 0.659745069008
0.507196279910 0.227630442558 0.659745069008
0.506676197976 0.227579438627 0.659355359766
0.506290963272 0.227878270622 0.660019223222
0.506115641990 0.228052040748 0.660019223222
0.506130943377 0.228112177274 0.660019223222
0.506319401862 0.228069031355 0.660019223222
0.506665205171 0.227931978020 0.660019223222
0.507154038508 0.227709507783 0.659745069008
0.507384849377 0.227483865987 0.661043847934
0.507292609442 0.227738668223 0.659745069008
0.506996723398 0.227944591997 0.659745069008
0.506515954036 0.228106175986 0.660019223222
0.506261143569 0.228151735028 0.660019223222
0.506211337998 0.228091907572 0.660019223222
0.506347577867 0.227936323561 0.660019223222
0.506652709125 0.227693699661 0.660019223222
0.507111211800 0.227371925552 0.661043847934
0.507214653075 0.227555835420 0.661043847934
0.506996723314 0.228195301132 0.659745069008
0.506579872965 0.228748096674 0.661150710317
0.506487171224 0.228679829931 0.661150710317
0.506687988827 0.228054035260 0.660019223222
0.507055789582 0.227385210916 0.661043847934
0.507071233472 0.227260120044 0.661043847934
0.506767862724 0.227624771473 0.659355359766
0.506586853178 0.228325004994 0.660019223222
0.506612196257 0.228853963164 0.661150710317
0.506925351762 0.228759325839 0.658942694925
0.507095795242 0.228148011265 0.659745069008
0.507022182010 0.227569813750 0.661043847934
0.506631788335 0.227530838499 0.659355359766
0.506374134256 0.227870378851 0.660019223222
0.506334179008 0.228072396588 0.660019223222
0.506491532676 0.228149727370 0.660019223222
0.506827764837 0.228113977950 0.659745069008
0.506899146556 0.228055536332 0.659745069008
0.506730656528 0.227976483982 0.660019223222
0.506774525924 0.227798170582 0.660019223222
0.507010834595 0.227529774169 0.661043847934
0.506890132483 0.227784214765 0.659745069008
0.506545401404 0.227987564392 0.660019223222
0.506432503490 0.228063130600 0.660019223222
0.506529599076 0.228022858032 0.660019223222
0.506816954395 0.227877544032 0.659745069008
0.506837541618 0.227719310826 0.659745069008
0.506616621148 0.227549306750 0.659355359766
0.506516912760 0.227790700746 0.660019223222
0.506629127381 0.227898414057 0.660019223222
0.506933304696 0.227884987900 0.659745069008
0.506965265979 0.227845473825 0.659745069008
0.506750850105 0.227782293406 0.660019223222
0.506761929402 0.227613309477 0.659355359766
0.506873642820 0.227863330086 0.659745069008
0.506728927006 0.228061444531 0.660019223222
0.506804834840 0.228127500395 0.660019223222
0.507080509464 0.228073911855 0.659745069008
0.507081619404 0.227997504530 0.659745069008
0.506834296332 0.227900390066 0.659745069008
0.506362134689 0.227784476726 0.660019223222
0.506145382588 0.227564986168 0.659355359766
0.506053719135 0.227779877299 0.660019223222
0.506181700281 0.227858585904 0.660019223222
0.506508515836 0.227813952794 0.660019223222
0.507015373725 0.227657578149 0.659745069008
0.507219401913 0.227487662062 0.661043847934
0.507042966743 0.227872885114 0.659745069008
0.506629442085 0.228191962634 0.660019223222
0.506470145340 0.228362875287 0.660019223222
0.506540859757 0.228399648658 0.660019223222
0.506819720701 0.228314951222 0.659745069008
0.506814272230 0.228209324482 0.659745069008
0.506551711222 0.228084706683 0.660019223222
0.506531435893 0.227853177024 0.660019223222
0.506730360388 0.227524773485 0.659355359766
0.507017850711 0.227657921869 0.659745069008
0.507016795142 0.227748594753 0.659745069008
0.506754842113 0.227800823157 0.660019223222
0.506737938216 0.227727357643 0.660019223222
0.506942697555 0.227540075310 0.661043847934
0.506754113431 0.227930370546 0.660019223222
0.506804830422 0.228161437555 0.660019223222
0.507072006118 0.228248423523 0.659745069008
0.507048406484 0.228296896716 0.659745069008
0.506761947159 0.228310509759 0.660019223222
0.506726443218 0.228200121970 0.660019223222
0.506917891632 0.227977466225 0.659745069008
0.506823527341 0.227746064685 0.659745069008
0.506470806639 0.227506680535 0.659355359766
0.506263929694 0.227735663042 0.660019223222
0.506302909934 0.227818137118 0.660019223222
0.506564215217 0.227768040670 0.660019223222
0.507026608758 0.227597957145 0.661043847934
0.507058919459 0.228021673211 0.659745069008
0.506816910816 0.228373291198 0.659745069008
0.506326955926 0.228659739132 0.661150710317
0.506235092181 0.228229251149 0.660019223222
0.506380952818 0.227715282867 0.660019223222
0.506741765840 0.227125650556 0.659355359766
0.507181214673 0.227046622146 0.661043847934
0.507187438635 0.227556882157 0.661043847934
0.506802897856 0.228596400326 0.660019223222
0.506686924947 0.229408457298 0.661150710317
0.506936733558 0.229447094726 0.658942694925
0.507024964223 0.228845413868 0.658942694925
0.506967049037 0.227669520124 0.659745069008
