0.504999022119 0.895000397186 0.692944328835
0.508603832056 0.890124032493 0.674680577873
0.510838282272 0.885451919790 0.664573768882
0.512082898071 0.881096239065 0.665511411262
0.513003054905 0.877069485791 0.660594534241
0.514512372185 0.873165225962 0.646513418519
0.516945365214 0.869168539185 0.616487473017
0.519978703328 0.865093677199 0.596110819281
0.522768380964 0.861079168372 0.593669132883
0.524086289873 0.857319293339 0.611974295533
0.523487306654 0.854113830246 0.632752488929
0.521598194771 0.851662709240 0.649355850276
0.518916820196 0.849736851810 0.661595052965
0.515704222931 0.847848195817 0.682413611441
0.512128780394 0.845668933971 0.713042761061
0.508412720970 0.843083239293 0.744280421595
0.504763841105 0.840161867743 0.776706492831
0.501096857180 0.836840243298 0.808894302839
0.497478548731 0.833143671651 0.833468969347
0.494747116024 0.829416372876 0.814387930284
0.493338629699 0.826124510537 0.794861736688
0.492671253665 0.823391676189 0.785343029905
0.492046045817 0.821272813585 0.785072993762
0.491088010785 0.819769294939 0.789142262228
0.489597493017 0.818890297605 0.789783564880
0.487615814973 0.818588589987 0.781445014287
0.485317980924 0.818718994288 0.771489009028
0.482870780688 0.819160567844 0.763064264909
0.480373242238 0.819887465829 0.752342403877
0.477832530956 0.820995176642 0.740995191258
0.475286340423 0.822530101298 0.722398509363
0.472865903307 0.824456148175 0.712351917389
0.470687219509 0.826640740209 0.703058710317
0.468807937046 0.828915467922 0.701013584021
0.467259068424 0.831218489882 0.701822609514
0.466097157075 0.833529288869 0.704188469149
0.465391907403 0.835835918777 0.710812467548
0.465178209877 0.838179269735 0.716926279507
0.465399948973 0.840627641772 0.724910208090
0.465909093907 0.843317782525 0.728548200443
0.466570414702 0.846311630450 0.737229859319
0.467184016807 0.849631604766 0.742330741985
0.467671004430 0.853230473250 0.742034630445
0.468216203436 0.856924799352 0.749623521769
0.468969729740 0.860652774937 0.761474807727
0.470012599243 0.864238839132 0.769933441472
0.471122814874 0.867465011514 0.769805260832
0.472049617979 0.870250250086 0.765253864252
0.472667958866 0.872666680344 0.759536991541
0.472876077825 0.874992786196 0.757029150217
0.472783252253 0.877351538611 0.752957506306
0.472357700843 0.879920211442 0.739676472733
0.471519905934 0.882922582003 0.725119187778
0.470437886711 0.886328382640 0.716274343438
0.469534977975 0.889863689925 0.717718448208
0.469084951031 0.893310702054 0.728435457367
0.469117090311 0.896588719547 0.736098944090
0.469487735275 0.899778132701 0.740577159102
0.469932931801 0.903023367826 0.742682049720
0.470078312886 0.906460647296 0.735080715314
0.469684211714 0.910183860853 0.714733593501
0.468830438555 0.914228266458 0.703561164102
0.468225619215 0.918445210974 0.725575755563
0.468855665170 0.922597519550 0.760377768827
0.470742816681 0.926463236350 0.788606280347
0.473248678678 0.929531050419 0.783903339639
0.476016076843 0.931424869903 0.771785134882
0.479320929155 0.932434594774 0.765646983707
0.483392769060 0.933018444548 0.770764242994
0.488121628348 0.933581747709 0.777676786927
0.492670171373 0.934319042605 0.782699483360
0.496286537367 0.935065503479 0.781714652238
0.499035732180 0.935867748522 0.782852243582
0.501255024027 0.936770646328 0.784289117943
0.503146819742 0.937729478686 0.784690650488
0.504970259631 0.938486450905 0.782042329791
0.506819025311 0.938817435057 0.775666714021
0.508762338818 0.938507390583 0.758998900757
0.511102588441 0.937276003835 0.735214252891
0.514014708706 0.935058363152 0.689898639815
0.517585314186 0.931979744753 0.630141047839
0.521790043731 0.928427439894 0.571219499018
0.526594488998 0.924696067593 0.524130462595
0.531731903002 0.921289835730 0.518188380380
0.536767379965 0.918597849882 0.532295515154
0.541440274070 0.916623330503 0.551241845962
0.545814544693 0.915305601339 0.567222869699
0.549910639137 0.914432858312 0.574142953340
0.553622636414 0.913697876402 0.573334123568
0.556811487095 0.912925823607 0.572329491897
0.559369371938 0.912132468072 0.573854307903
0.561229285175 0.911400784150 0.577583379039
0.562393290590 0.910750632954 0.578132618455
0.562957252954 0.910211392789 0.582109398153
0.562928759257 0.909753333277 0.582109398153
0.562367932585 0.909368927517 0.586431661304
0.561293484884 0.909032308795 0.586345218647
0.559742046243 0.908736575093 0.586210025875
0.557756718369 0.908478486598 0.590353901950
0.555390608278 0.908305448254 0.587436247171
0.552798678559 0.908326498244 0.583729376964
0.550106386584 0.908607764610 0.574646723013
0.547529446902 0.909164143757 0.566953997971
0.545083525067 0.909957818468 0.561626445431
0.542779708346 0.910934689111 0.555031714213
0.540491137289 0.911997049846 0.550479690498
0.538128545654 0.913097887511 0.545854970600
0.535599140787 0.914193505916 0.540701637497
0.532736850590 0.915202479555 0.535553021907
0.529437157325 0.916106119498 0.529829133820
0.525699987719 0.916905325003 0.526616337742
0.521710101925 0.917441998664 0.536492745266
0.517864622990 0.917213392896 0.570460976997
0.514379617935 0.915664654465 0.628372845045
0.511262678471 0.912393577761 0.683168680634
0.508647901276 0.907666645578 0.719822886380
0.507128672897 0.902071200964 0.693630858365
0.506439562873 0.896141926778 0.685205476204
0.505899427023 0.890064422546 0.688216360118
0.505321507088 0.883931287623 0.699083869864
0.504716708582 0.877688274315 0.710686642752
0.504126210786 0.871379513491 0.706076424724
0.503819087886 0.865181465375 0.700277235722
0.503685414500 0.859137341508 0.703756680544
0.503252409664 0.853196824057 0.725398952379
0.502279280579 0.847492175720 0.755174708924
0.500785456116 0.842085825491 0.795518968518
0.498683866632 0.836659290840 0.831266104914
0.496513854468 0.831160368423 0.826795132175
0.495319418165 0.826033743810 0.799232560150
0.494718622889 0.821598102178 0.797172927282
0.493634689403 0.818002681367 0.817157284555
0.491715540356 0.815289952947 0.819650468001
0.489149854345 0.813468407429 0.811292621884
0.486246325508 0.812479875150 0.796543731293
0.483223346673 0.812142436903 0.783947842116
0.480225683482 0.812271988614 0.769830807358
0.477224048521 0.812759606770 0.758041456540
0.474104185961 0.813602148040 0.740546702669
0.470711611216 0.814829133262 0.718817624156
0.466980963202 0.816216633571 0.705956019099
0.463114998532 0.817402608790 0.713878570661
0.459034308829 0.817996791199 0.740461394155
0.454371293424 0.818085470107 0.750020921361
0.449020977332 0.818178526943 0.720248568815
0.443186483100 0.818766277493 0.694281986025
0.437416677584 0.819545746584 0.689106095526
0.431775381923 0.820135227738 0.688722866921
0.426137312945 0.820723638731 0.677905067643
0.420743276297 0.821630201888 0.647988231399
0.415835075719 0.822969866199 0.624238059514
0.411424063258 0.824573002035 0.610574359049
0.407494980910 0.826176391181 0.608266269037
0.403971267969 0.827643568505 0.608063919052
0.400767799439 0.828977373452 0.605800688202
0.397817380003 0.830254718583 0.602621865605
0.395116210614 0.831519907298 0.600120570742
0.392662872352 0.832783339076 0.596436176483
0.390444903003 0.834050237953 0.593848612944
0.388428033063 0.835327394581 0.591018633591
0.386578884134 0.836620472243 0.587839026013
0.384890704133 0.837931378020 0.585056322228
0.383366127769 0.839249941175 0.583866165857
0.382009912767 0.840568562848 0.582090514373
0.380831320300 0.841874314743 0.581362953593
0.379811483646 0.843164082180 0.580626968551
0.378923646815 0.844434923478 0.579886670256
0.378120484981 0.845684787713 0.578887856064
0.377373916393 0.846900990185 0.577936418328
0.376664775275 0.848064823211 0.577617049358
0.375975763700 0.849176443787 0.576811675045
0.375304767687 0.850210415135 0.576009256120
0.374657416703 0.851135263384 0.576009256120
0.374031293050 0.851961549424 0.575932287622
0.373437023667 0.852678189116 0.576064787523
0.372880090635 0.853289728168 0.575932951423
0.372362643113 0.853807047977 0.576213834095
0.371876340800 0.854249270414 0.576087764743
0.371422634436 0.854629856252 0.576171829376
0.370987735272 0.854974755654 0.576171829376
0.370569743507 0.855287438632 0.575774878509
0.370156549747 0.855607632175 0.575774878509
0.369747585669 0.855934714338 0.575774878509
0.369342338287 0.856268123324 0.574951738149
0.368931005129 0.856646742959 0.574951738149
0.368514050530 0.857066389310 0.573748541724
0.368089810671 0.857557046646 0.573748541724
0.367658861507 0.858112097387 0.572321133695
0.367231780925 0.858746867324 0.572321133695
0.366808087688 0.859453930868 0.572106734813
0.366403724630 0.860223980293 0.570868309109
0.366044838022 0.861049546557 0.570974696715
0.365744157235 0.861911882912 0.570311222739
0.365532399390 0.862788245975 0.570311222739
0.365401065641 0.863677524273 0.570769551606
0.365351799016 0.864558364602 0.571266982300
0.365378552871 0.865409987847 0.571750096813
0.365468302325 0.866213184359 0.572167956834
0.365602349340 0.866951272464 0.572476523758
0.365758102131 0.867610955802 0.572476523758
