0.638290351731 0.104997824742 0.590463874415
0.636871744509 0.109982863525 0.586186370834
0.639351399184 0.114987148597 0.595435282457
0.642226740112 0.119930971327 0.599519888272
0.643820067906 0.124841649250 0.606391867252
0.646689941601 0.129813334301 0.632097893025
0.650197067552 0.134801756869 0.638442724877
0.652524638663 0.137889082318 0.625410731589
0.652783289347 0.139198392478 0.615389151438
0.651582342570 0.139413485912 0.620910938197
0.649333911932 0.138836163509 0.630187086934
0.646419271996 0.137723626877 0.637791096133
0.643190158290 0.136635255669 0.636614234381
0.640186726250 0.136269492470 0.628128399553
0.637919244092 0.136811626038 0.617845386892
0.636752073565 0.138095159042 0.618053357532
0.636563950697 0.139893008157 0.624679049607
0.637104120440 0.141983047075 0.630211007302
0.638113640400 0.144153746021 0.634251437996
0.639055405373 0.145891990532 0.632145503556
0.639667906630 0.146908392680 0.625246416494
0.639591955894 0.146957775296 0.625246416494
0.638917201480 0.146203526545 0.630737638910
0.637919585459 0.144964305528 0.633995057188
0.636871836594 0.143541933008 0.633879375450
0.636200220385 0.142318700856 0.632326693295
0.636010486848 0.141373279421 0.628737713634
0.636447817882 0.140900984478 0.627629392948
0.637446069247 0.140839556471 0.629097969582
0.638834859631 0.141067395823 0.631572413143
0.640354600055 0.141311799198 0.630960621558
0.641642695289 0.141365526063 0.630028819783
0.642517420795 0.141160038674 0.628761130475
0.642816032529 0.140648412897 0.630773072201
0.642673837949 0.140056014865 0.632400813038
0.642227085928 0.139594304081 0.632400813038
0.641502556727 0.139252500327 0.631894412088
0.640722183433 0.139105535148 0.631045532834
0.640094073737 0.139218116857 0.631045532834
0.639605500732 0.139568247385 0.629874341086
0.639444848722 0.140211216567 0.630879309066
0.639493047857 0.140921678193 0.630879309066
0.639732693232 0.141694681713 0.631493636256
0.640050743812 0.142317893617 0.631694068324
0.640336203752 0.142600508971 0.630342133757
0.640395218219 0.142449726972 0.630342133757
0.640246964594 0.141906453142 0.630960621558
0.640003779518 0.141220857194 0.631493636256
0.639887768410 0.140515581467 0.630879309066
0.639991501741 0.140008794748 0.629874341086
0.640393857114 0.139902103102 0.631045532834
0.640851420982 0.140076243597 0.631045532834
0.641359906817 0.140506552423 0.631155958979
0.641571317432 0.140838550386 0.631155958979
0.641511810324 0.141080691845 0.630028819783
0.641108085948 0.140994088995 0.631155958979
0.640488533374 0.140855272632 0.631198629119
0.639913926286 0.140767091775 0.630879309066
0.639616043904 0.140830033566 0.630879309066
0.639570459422 0.141031163027 0.630879309066
0.639754968406 0.141358708353 0.631493636256
0.640037509988 0.141565033879 0.631493636256
0.640409826471 0.141660656534 0.630960621558
0.640625396891 0.141529644598 0.630960621558
0.640697904098 0.141191963032 0.630960621558
0.640639790371 0.140665749608 0.631198629119
0.640574121215 0.140228942328 0.631198629119
0.640501507455 0.139873561507 0.631045532834
0.640539800662 0.139859162743 0.631045532834
0.640679359024 0.140154477868 0.631198629119
0.640792532241 0.140463576892 0.631198629119
0.640881679781 0.140785441768 0.631198629119
0.640948945416 0.141119146382 0.630960621558
0.640878703583 0.141189154967 0.630960621558
0.640683053426 0.141019264983 0.631198629119
0.640491953006 0.140908050721 0.631198629119
0.640304896273 0.140850299790 0.631198629119
0.640121424236 0.140841279397 0.631198629119
0.639941120672 0.140876692671 0.630879309066
0.640036046708 0.141073049705 0.631493636256
0.640253357098 0.141148245145 0.630960621558
0.640312197997 0.140972644655 0.631198629119
0.640351074315 0.140858217005 0.631198629119
0.640371776802 0.140799473136 0.631198629119
0.640375930107 0.140791433318 0.631198629119
0.640365008054 0.140829580285 0.631198629119
0.640340347536 0.140909816614 0.631198629119
0.640303161138 0.141028426001 0.631198629119
0.640254548617 0.141182038055 0.630960621558
0.640065902173 0.141065666079 0.631493636256
0.640034578512 0.140851723531 0.630879309066
0.640282704025 0.140834087022 0.631198629119
0.640492027659 0.140865316858 0.631198629119
0.640666135651 0.140941034000 0.631198629119
0.640808278094 0.141057269444 0.630960621558
0.640787624750 0.140899016895 0.631198629119
0.640753350290 0.140803984612 0.631198629119
0.640706667888 0.140766419041 0.631198629119
0.640648676837 0.140781107400 0.631198629119
0.640580373188 0.140843327140 0.631198629119
0.640502659404 0.140948800080 0.631198629119
0.640416353113 0.141093650804 0.630960621558
0.640183562203 0.140951802195 0.631198629119
0.639956826936 0.140873360875 0.630879309066
0.640047535258 0.140990155749 0.630879309066
0.640425836142 0.141284225637 0.630960621558
0.640610569830 0.141272419014 0.630960621558
0.640619612081 0.140983438871 0.631198629119
0.640611301771 0.140772988221 0.631198629119
0.640587218977 0.140633805843 0.631198629119
0.640548794169 0.140559318686 0.631198629119
0.640497322319 0.140543576922 0.631198629119
0.640433975689 0.140581195110 0.631198629119
0.640359815418 0.140667298859 0.631198629119
0.640275802026 0.140797476520 0.631198629119
0.640182804924 0.140967735403 0.631198629119
0.640081611036 0.141174462122 0.630960621558
0.639824740895 0.141070000075 0.631493636256
0.639751791356 0.140851859356 0.630879309066
0.640001256788 0.140854867358 0.630879309066
0.640542500352 0.141058392372 0.630960621558
0.640863882216 0.140946775062 0.631198629119
0.641136891674 0.140899851909 0.631155958979
0.641013573604 0.140770492732 0.631198629119
0.640884515411 0.140707995571 0.631198629119
0.640750198154 0.140706158595 0.631198629119
0.640611057121 0.140759372290 0.631198629119
0.640467486182 0.140862563051 0.631198629119
0.640319841732 0.141011142123 0.631198629119
0.640168446259 0.141200959382 0.630960621558
0.639858102915 0.141066143300 0.631493636256
0.639744739239 0.140814290579 0.630879309066
0.639973071457 0.140797085800 0.630879309066
0.640510365544 0.140992458170 0.631198629119
0.640977598933 0.141225479985 0.630960621558
0.641223249229 0.141124457746 0.630028819783
0.640908608420 0.140567654562 0.631198629119
0.640605953838 0.140121484113 0.631198629119
0.640314064980 0.139775493935 0.631045532834
0.640196936135 0.139892677796 0.631045532834
0.640238157861 0.140427567963 0.631198629119
0.640256751244 0.140968197513 0.631198629119
0.640254831370 0.141514213289 0.630960621558
0.640072332236 0.141689234270 0.631493636256
0.640081334900 0.141712438461 0.630960621558
0.639907524819 0.141414084692 0.631493636256
0.639925499934 0.141009039589 0.630879309066
0.640287922699 0.140862535823 0.631198629119
0.640596219111 0.140788884145 0.631198629119
0.640855550507 0.140781243909 0.631198629119
0.641070581154 0.140833433257 0.631155958979
0.640858930006 0.140785423958 0.631198629119
0.640648477228 0.140801564288 0.631198629119
0.640439043091 0.140875846643 0.631198629119
0.640230465343 0.141002842550 0.631198629119
0.640022597534 0.141177646924 0.631493636256
0.640015346850 0.141195169351 0.631493636256
0.640189732616 0.141070243574 0.630960621558
0.640157777017 0.140624470898 0.631198629119
0.640109182061 0.140282749956 0.631198629119
0.640045495277 0.140035196954 0.629874341086
0.640517607433 0.140410226289 0.631198629119
0.640924062111 0.140809992182 0.631198629119
0.641271155528 0.141232287107 0.630028819783
0.641000780830 0.141108145980 0.630960621558
0.640564622175 0.140658575307 0.631198629119
0.640150776249 0.140314294632 0.631198629119
0.639757019006 0.140065281901 0.629874341086
0.639939804234 0.140446920150 0.630879309066
0.640471044602 0.141023216264 0.631198629119
0.640930511486 0.141605598909 0.630960621558
0.641150424570 0.141788832647 0.630028819783
0.640756987640 0.141442501554 0.630960621558
0.640206959124 0.140787968654 0.631198629119
0.639690070279 0.140259554017 0.630879309066
0.639595051002 0.140017546601 0.629874341086
0.640053425471 0.140413277262 0.630879309066
0.640837660704 0.141005199669 0.631198629119
0.641525203203 0.141602403201 0.630028819783
0.641546302050 0.141623017308 0.630028819783
0.640969152927 0.141124921071 0.630960621558
0.640251774424 0.140330014331 0.631198629119
0.639583714567 0.139675613171 0.629874341086
0.639530358687 0.139705648098 0.629874341086
0.640029577428 0.140349730562 0.630879309066
0.640852860135 0.141167114823 0.630960621558
0.641397932598 0.141556714960 0.630028819783
0.641287668086 0.141388070740 0.630028819783
0.640589135987 0.140717245133 0.631198629119
0.639938092918 0.140175098768 0.630879309066
0.639726326768 0.139923911739 0.629874341086
0.640085661886 0.140319531085 0.631198629119
0.640389368611 0.140740127142 0.631198629119
0.640642804789 0.141183438073 0.630960621558
0.640671929685 0.141232312779 0.630960621558
0.640498221624 0.140925184430 0.631198629119
0.640320614514 0.140712080838 0.631198629119
0.640139432449 0.140584011298 0.631198629119
0.639954968093 0.140532859530 0.630879309066
0.640170980877 0.140728691142 0.631198629119
