0.095007038551 0.495004213842 0.576813003786
0.097358438157 0.490018145766 0.562558604513
0.100850878433 0.485045804781 0.552497588629
0.104181673317 0.480054595659 0.546749473204
0.106752076352 0.475032805471 0.540404557740
0.109792329847 0.470023406468 0.525949789294
0.113016875509 0.464969381809 0.522466660559
0.114931525656 0.460223337603 0.524471353416
0.116234039440 0.455716068037 0.525958118851
0.117028199887 0.451595986750 0.529192968172
0.117136281134 0.448540660152 0.531095365613
0.116994591641 0.446792392934 0.531247574953
0.117010504873 0.446183097559 0.530896217272
0.117364732393 0.446480138596 0.530896217272
0.118020685547 0.447511533131 0.533291213073
0.118496552535 0.449130102663 0.532954327883
0.118582459179 0.451209590905 0.531435509792
0.118003025847 0.453580617558 0.528114548580
0.116774005222 0.455987456834 0.525889015185
0.115226115264 0.458198798727 0.525339341206
0.113585115236 0.459924473996 0.526762509696
0.111750776160 0.461106218471 0.527217783262
0.109501326962 0.461837765616 0.528914089051
0.106869299972 0.462239921064 0.529272730967
0.104046313382 0.462560540523 0.528494679921
0.101332337686 0.463081473415 0.527211039333
0.099166515306 0.463827414990 0.524994711071
0.097850960920 0.464729914868 0.525705198112
0.097471934674 0.465639498494 0.527046878131
0.097977829214 0.466530986788 0.528536895630
0.099304088862 0.467399964632 0.530879421595
0.101401358484 0.468365092187 0.533432771596
0.104197095499 0.469306473352 0.534151603937
0.107520235927 0.469741978662 0.529449927517
0.111048929624 0.469349560310 0.521269008530
0.114280853650 0.468315312974 0.518221411620
0.116825311332 0.467195593070 0.519664247289
0.118668660041 0.466481122432 0.521373329562
0.119969581538 0.466226443865 0.523808863584
0.120876583756 0.466542417422 0.525247295015
0.121457446219 0.467397901423 0.524660570965
0.121619649092 0.468746430931 0.525337756567
0.121284891354 0.470512345892 0.521727044746
0.120383858461 0.472646662981 0.518161286517
0.119065097129 0.475022672975 0.515501827658
0.117790482715 0.477346118975 0.515862942238
0.116924116532 0.479346401618 0.518036999760
0.116638754863 0.480803427555 0.521044724233
0.116843894464 0.481614562407 0.520758880047
0.117427870679 0.481971323342 0.520758880047
0.118355161382 0.481916012232 0.519960847077
0.119604591074 0.481609637181 0.519482169100
0.121154891941 0.481204872367 0.518665959314
0.123003231252 0.480973726591 0.519932870166
0.125146258389 0.481137682767 0.522219697196
0.127627888624 0.481831904885 0.528155358800
0.130571305101 0.483132411641 0.534227175397
0.133880126690 0.484819313661 0.537925844640
0.136976369827 0.486352842049 0.535857935113
0.139413378443 0.487283097780 0.530944954139
0.141062162786 0.487554994542 0.527506885559
0.142083732940 0.487391837703 0.526617221064
0.142614477853 0.486927478197 0.527374558681
0.142692394369 0.486131859684 0.528117328783
0.142383950419 0.484988209529 0.528787558704
0.141777319816 0.483497561430 0.530546375553
0.140981654470 0.481635854751 0.532080316754
0.140361576246 0.479512788365 0.530263163654
0.140317640768 0.477445498775 0.528118740137
0.140886349124 0.475681799712 0.526998371385
0.141981087328 0.474318491384 0.526121999278
0.143276663585 0.473521525873 0.527916519707
0.144498083094 0.473238366584 0.528865734214
0.145578138290 0.473346977120 0.529621431392
0.146464250711 0.473720317565 0.530149115964
0.147122028779 0.474232484474 0.530063965704
0.147491139582 0.474741141606 0.529624255949
0.147563872900 0.475216126376 0.529624255949
0.147367316232 0.475660662710 0.529624255949
0.146926015807 0.476077676129 0.529135720386
0.146241710262 0.476434626785 0.529129393850
0.145397954715 0.476785066227 0.528773239544
0.144493195808 0.477094256360 0.528760807321
0.143655919915 0.477393873179 0.528686226498
0.143029971165 0.477713039302 0.528897709778
0.142573649095 0.477925080616 0.529050868084
0.142437289426 0.478054486527 0.529050868084
0.142591250554 0.478108703548 0.529050868084
0.143008700375 0.478094484123 0.528897709778
0.143498782705 0.478002884223 0.528897709778
0.144055185953 0.477840806221 0.528717291732
0.144523863690 0.477603993543 0.528760807321
0.144929291828 0.477410317414 0.528760807321
0.145277347431 0.477255809349 0.528773239544
0.145442039164 0.477107196315 0.528773239544
0.145440112478 0.476963877365 0.528773239544
0.145286735294 0.476825308193 0.528773239544
0.144995645813 0.476690995845 0.528773239544
0.144579286620 0.476560493920 0.528784460387
0.144191035017 0.476581553668 0.528784460387
0.143828170862 0.476740354419 0.528686226498
0.143643800562 0.476936560888 0.528686226498
0.143621523641 0.477166863723 0.528686226498
0.143746491810 0.477428265336 0.528686226498
0.144005262729 0.477718050643 0.528717291732
0.144201844777 0.477883150692 0.528717291732
0.144341986195 0.477935025169 0.528717291732
0.144430891476 0.477884048615 0.528717291732
0.144473272560 0.477739612732 0.528717291732
0.144473395234 0.477510219121 0.528760807321
0.144453002075 0.477325405387 0.528760807321
0.144413960135 0.477181019038 0.528760807321
0.144357959484 0.477073301531 0.528760807321
0.144286529930 0.476998851067 0.528760807321
0.144201056162 0.476954588866 0.528760807321
0.144102791473 0.476937728623 0.528760807321
0.143992870193 0.476945748830 0.528760807321
0.143872318952 0.476976367698 0.528686226498
0.143919019638 0.477060979714 0.528686226498
0.144117478170 0.477194647419 0.528760807321
0.144275435625 0.477339155738 0.528760807321
0.144396683261 0.477493562440 0.528760807321
0.144484650861 0.477657014905 0.528717291732
0.144523497393 0.477699506599 0.528717291732
0.144517772022 0.477632254300 0.528717291732
0.144471589700 0.477465402740 0.528760807321
0.144407854193 0.477338885316 0.528760807321
0.144328164443 0.477248925967 0.528760807321
0.144233966697 0.477192109551 0.528760807321
0.144126569055 0.477165347453 0.528760807321
0.144007154636 0.477165846453 0.528760807321
0.143876793501 0.477191080555 0.528686226498
0.143923988887 0.477274235301 0.528686226498
0.144132145871 0.477409961799 0.528760807321
0.144297527033 0.477557679110 0.528760807321
0.144424163690 0.477716326089 0.528717291732
0.144495743785 0.477748765341 0.528717291732
0.144517412821 0.477666782787 0.528717291732
0.144493822676 0.477481032223 0.528760807321
0.144449363627 0.477338771912 0.528760807321
0.144385963438 0.477235903438 0.528760807321
0.144305364846 0.477168721965 0.528760807321
0.144209143289 0.477133878532 0.528760807321
0.144098722937 0.477128345950 0.528760807321
0.143975391193 0.477149387949 0.528760807321
0.143840311810 0.477194531280 0.528686226498
0.143892181967 0.477298931759 0.528686226498
0.144113405243 0.477457082473 0.528760807321
0.144289315876 0.477626352189 0.528760807321
0.144424208164 0.477805756673 0.528717291732
0.144500959408 0.477851045526 0.528717291732
0.144525037328 0.477774828176 0.528717291732
0.144501382855 0.477588497567 0.528760807321
0.144455683008 0.477447088858 0.528760807321
0.144389988806 0.477346347933 0.528760807321
0.144306153597 0.477282430854 0.528760807321
0.144205852078 0.477251864396 0.528760807321
0.144090597491 0.477251510356 0.528760807321
0.143961757172 0.477278533291 0.528686226498
0.144027220434 0.477369479298 0.528760807321
0.144061421023 0.477479132062 0.528760807321
0.144067306623 0.477605767675 0.528760807321
0.144047540257 0.477747828622 0.528717291732
0.143982583571 0.477754129767 0.528717291732
0.143876669131 0.477637487820 0.528897709778
0.143935134855 0.477423795729 0.528686226498
0.144173766528 0.477298918588 0.528760807321
0.144363755785 0.477214315720 0.528760807321
0.144509740337 0.477166168746 0.528760807321
0.144615909238 0.477151028641 0.528760807321
0.144686046220 0.477165780053 0.528760807321
0.144723568850 0.477207609073 0.528760807321
0.144731563913 0.477273974104 0.528760807321
0.144712819383 0.477362579538 0.528760807321
0.144669853311 0.477471351983 0.528760807321
0.144604939923 0.477598418770 0.528760807321
0.144520133204 0.477742088544 0.528717291732
0.144394367712 0.477744351685 0.528717291732
0.144231479870 0.477618618589 0.528760807321
0.144057991992 0.477534327539 0.528760807321
0.143874857718 0.477487536799 0.528686226498
0.143904263916 0.477516582031 0.528686226498
0.144125939116 0.477614290035 0.528760807321
0.144299301634 0.477732049193 0.528717291732
0.144405582176 0.477708274243 0.528717291732
0.144451163474 0.477556408448 0.528760807321
0.144465332720 0.477449139924 0.528760807321
0.144451069474 0.477382214762 0.528760807321
0.144411064078 0.477351792017 0.528760807321
0.144347745701 0.477354403658 0.528760807321
0.144263307670 0.477386918407 0.528760807321
0.144159730340 0.477446509075 0.528760807321
0.144038801760 0.477530623056 0.528760807321
0.143902136331 0.477636955688 0.528897709778
0.143946712408 0.477614731031 0.528686226498
0.144189359953 0.477668851778 0.528717291732
0.144356430903 0.477583169085 0.528760807321
0.144479403721 0.477536585939 0.528760807321
0.144562499495 0.477525375792 0.528760807321
0.144609528828 0.477546174465 0.528760807321
