0.628334061413 0.371658206567 0.811967795364
0.626440064245 0.375624841438 0.790605451148
0.623897736135 0.379893300025 0.738921183996
0.620387057063 0.384423000466 0.648076164195
0.616436240559 0.389073298401 0.597782801294
0.612576356374 0.393433166391 0.602106092511
0.609497292676 0.396629983234 0.621668835497
0.606719939289 0.398923624294 0.624459504184
0.603753808769 0.400917377960 0.615675905579
0.600619487264 0.402810100918 0.610544361952
0.597655614469 0.404398849392 0.619270523498
0.595141653606 0.405379202295 0.638627082792
0.593088677689 0.405601179621 0.653595071921
0.591434663800 0.405141367772 0.668732044882
0.590088971146 0.404130147230 0.674679387960
0.589187844629 0.402665602064 0.676415612981
0.589010467319 0.400815088456 0.672498262021
0.589589082255 0.398610212572 0.649148986784
0.590980959343 0.396055924603 0.630886191046
0.592922246483 0.393248788993 0.611979592339
0.594786164456 0.390479718585 0.614605109963
0.595985345334 0.388020779968 0.625878220079
0.596485650584 0.385742928240 0.630179742047
0.596637280619 0.383458273630 0.633371969692
0.596588476487 0.380931595668 0.634915622942
0.596569795148 0.377947196509 0.632794437030
0.596732915565 0.374505215797 0.627923981885
0.597045802025 0.370824235260 0.626202617949
0.597338923524 0.367213793707 0.631605510708
0.597189636435 0.364126323069 0.633230529873
0.596810964437 0.361749944924 0.636837328564
0.596333091958 0.360057133948 0.637458764655
0.595824538884 0.358961381032 0.632037074558
0.595284608320 0.358400410267 0.626903535560
0.594693718846 0.358295618380 0.626903535560
0.594055383712 0.358603754122 0.621547528629
0.593304310611 0.359270327180 0.615194113930
0.592379350645 0.360246453385 0.609081260851
0.591298370150 0.361457030029 0.604079001825
0.590166544671 0.362808364317 0.600990025584
0.589174345397 0.364198261479 0.602796320629
0.588856065345 0.365507754076 0.606716559768
0.589416208727 0.366716418970 0.612246766850
0.590975812890 0.367798705575 0.625712796835
0.593515953815 0.368712446227 0.628908084319
0.596473567385 0.369446670702 0.626862503298
0.599049789174 0.370093549193 0.622823988945
0.600783465951 0.370549096711 0.619604746442
0.601357143622 0.370822785006 0.610990810364
0.600854069036 0.370856110443 0.613613822332
0.599553405585 0.370660489135 0.616379405036
0.597711101297 0.370240662708 0.624491038173
0.595744063132 0.369710469316 0.628465979739
0.594175353756 0.369033703362 0.628908084319
0.593417695373 0.368315296160 0.624866370575
0.593271179475 0.367696885245 0.620074921400
0.593740421828 0.367247402466 0.621622572119
0.594575375273 0.367002158068 0.623691792673
0.595545414618 0.366986029219 0.626167694861
0.596436346428 0.367208712829 0.628878455364
0.597053950990 0.367661170495 0.628878455364
0.597422404636 0.368323204243 0.629088485331
0.597380976699 0.369047899423 0.626680181728
0.596992938244 0.369692852485 0.626344599615
0.596590197133 0.370092346531 0.626344599615
0.596173766650 0.370268139827 0.628465979739
0.596022353761 0.370211952229 0.628465979739
0.596112289323 0.369944351573 0.628465979739
0.596422084109 0.369484015187 0.626862503298
0.596592851120 0.369042076049 0.626862503298
0.596636833005 0.368616675644 0.627725739086
0.596513846932 0.368362839518 0.627725739086
0.596238596573 0.368265339942 0.626464914582
0.596074840774 0.368291273660 0.626464914582
0.596012705091 0.368429787384 0.626464914582
0.596043222293 0.368671025715 0.626464914582
0.596158249867 0.369006040270 0.627231512775
0.596429118888 0.369258426177 0.626862503298
0.596557781002 0.369460981454 0.626862503298
0.596556926768 0.369618208916 0.626862503298
0.596438071797 0.369734195331 0.626344599615
0.596273764753 0.369632607965 0.627231512775
0.596296924911 0.369487873204 0.627231512775
0.596490688274 0.369303746998 0.626862503298
0.596545246147 0.369109946441 0.626862503298
0.596473093257 0.368907232471 0.626862503298
0.596285559811 0.368696295789 0.627231512775
0.596292616565 0.368450977167 0.626464914582
0.596392703999 0.368354347870 0.627725739086
0.596301861595 0.368414014766 0.626464914582
0.596314348658 0.368594738584 0.627725739086
0.596142348277 0.368906905809 0.627231512775
0.596168190728 0.369133584180 0.627231512775
0.596373849281 0.369282570803 0.626862503298
0.596432507714 0.369388773967 0.626862503298
0.596357521464 0.369456096674 0.626862503298
0.596160989626 0.369488075696 0.627231512775
0.596169260942 0.369459623646 0.627231512775
0.596363565605 0.369376193176 0.626862503298
0.596408768321 0.369271308276 0.626862503298
0.596318479078 0.369146863819 0.626862503298
0.596105022677 0.369004576475 0.627231512775
0.596102474877 0.368816974246 0.627231512775
0.596291407798 0.368588093887 0.626464914582
0.596563581080 0.368517555229 0.627725739086
0.596613628911 0.368613695424 0.627725739086
0.596462093862 0.368861227979 0.626862503298
0.596189746451 0.369054530151 0.627231512775
0.596139092702 0.369168754460 0.627231512775
0.596289587552 0.369211174351 0.627231512775
0.596622644324 0.369188373984 0.626862503298
0.596786098896 0.369136603316 0.626862503298
0.596795637322 0.369058491803 0.626862503298
0.596665452927 0.368956419533 0.626862503298
0.596408387849 0.368832540800 0.626862503298
0.596036061249 0.368688805451 0.627231512775
0.595901804402 0.368495988913 0.626464914582
0.595887469248 0.368466566995 0.626464914582
0.595981986985 0.368585404496 0.626464914582
0.596175343860 0.368838811058 0.627231512775
0.596555472114 0.369003938551 0.626862503298
0.596755533599 0.369120648962 0.626862503298
0.596792306265 0.369193449635 0.626862503298
0.596680963385 0.369226418037 0.626862503298
0.596435226590 0.369223242625 0.626862503298
0.596067504381 0.369187259845 0.627231512775
0.595945693914 0.369089157842 0.627231512775
0.596046698630 0.368934649970 0.627231512775
0.596349643353 0.368728903551 0.626862503298
0.596475557527 0.368509310985 0.627725739086
0.596372741092 0.368489344063 0.627725739086
0.596062670945 0.368650315084 0.626464914582
0.595895762155 0.368949670737 0.627231512775
0.595960511629 0.369152775944 0.627231512775
0.596235129674 0.369268646494 0.627231512775
0.596699927667 0.369305433797 0.626862503298
0.596968433334 0.369304112284 0.626862503298
0.597059104045 0.369268224787 0.626862503298
0.596988621381 0.369200974354 0.626862503298
0.596772061623 0.369105256764 0.626862503298
0.596423049922 0.368983689944 0.626862503298
0.595953899718 0.368838640576 0.627231512775
0.595752499293 0.368637875718 0.626464914582
0.595688112886 0.368617095749 0.626464914582
0.595747889956 0.368759382586 0.627231512775
0.596026191226 0.368817444907 0.627231512775
0.596502396905 0.368799175382 0.626862503298
0.596775443612 0.368746691716 0.626862503298
0.596864526722 0.368663174647 0.627725739086
0.596714311659 0.368779042437 0.626862503298
0.596420263902 0.368847343644 0.626862503298
0.595995847961 0.368872552152 0.627231512775
0.595842028498 0.368823114021 0.627231512775
0.595933065912 0.368706013210 0.627231512775
0.596245717545 0.368527560330 0.626464914582
0.596649940346 0.368533748196 0.627725739086
0.596779282915 0.368735130473 0.626862503298
0.596734344411 0.368879786370 0.626862503298
0.596531576963 0.368973085051 0.626862503298
0.596185840435 0.369019877466 0.627231512775
0.596108475006 0.368987998502 0.627231512775
0.596273894223 0.368884838617 0.627231512775
0.596658998608 0.368717074277 0.626862503298
0.596842162138 0.368527632995 0.627725739086
0.596766639093 0.368557631861 0.627725739086
0.596457102958 0.368786225676 0.626862503298
0.596011942483 0.368954339162 0.627231512775
0.595849317934 0.369030360059 0.627231512775
0.595942209541 0.369022994530 0.627231512775
0.596266228013 0.368940106228 0.627231512775
0.596799358714 0.368788797718 0.626862503298
0.597112638615 0.368613294978 0.627725739086
0.597149484754 0.368660843857 0.627725739086
0.596936358902 0.368910202276 0.626862503298
0.596574854765 0.369096101888 0.626862503298
0.596078980276 0.369224587126 0.627231512775
0.595876190423 0.369262740175 0.627231512775
0.595938372259 0.369219114487 0.627231512775
0.596240154703 0.369101434298 0.627231512775
0.596758641367 0.368916674923 0.626862503298
0.597054857049 0.368709955617 0.626862503298
0.597150033530 0.368483296008 0.627725739086
0.596983940589 0.368490820754 0.627725739086
0.596581620510 0.368710148960 0.626862503298
0.596045238664 0.368867756689 0.627231512775
0.595811303992 0.368930155211 0.627231512775
0.595850729186 0.368906388793 0.627231512775
0.596137268403 0.368804623470 0.627231512775
0.596647239906 0.368632232237 0.627725739086
0.596851253769 0.368692838392 0.626862503298
0.596859637489 0.368706492514 0.626862503298
0.596691066689 0.368677651403 0.626862503298
0.596362397610 0.368610338948 0.627725739086
0.595807562103 0.368768099301 0.627231512775
0.595562196945 0.368828637180 0.627231512775
0.595596472414 0.368801208460 0.627231512775
0.595883476959 0.368694168934 0.627231512775
0.596398931920 0.368515061756 0.627725739086
0.596602683455 0.368574881135 0.627725739086
0.596524807804 0.368850706555 0.626862503298
