0.638318698445 0.495020972651 0.634029923869
0.634784778302 0.498071787976 0.610885847405
0.631223139385 0.501681377702 0.613074295891
0.629070548881 0.501427981308 0.617036617331
0.628014275517 0.499359746656 0.616038432762
0.627634299056 0.496473625265 0.613284700739
0.627459744323 0.493565072141 0.613482926934
0.627111576926 0.492120045419 0.612260458670
0.626696186960 0.492395699171 0.612084767016
0.626310086635 0.493502321745 0.611224730927
0.626274783576 0.494846837577 0.612230816422
0.626615591442 0.496140707272 0.613997971128
0.627249646761 0.496937185919 0.613997971128
0.628145058689 0.497294431699 0.613884277290
0.629204801456 0.497091294720 0.612813672834
0.630247044267 0.496487694340 0.612585794178
0.630901674162 0.495928116734 0.614574315297
0.630783923030 0.495897691577 0.614574315297
0.630010424358 0.496335529454 0.612585794178
0.629041227386 0.496721816076 0.612784430411
0.628099450665 0.496911359122 0.613284700739
0.627383617239 0.496802908516 0.613997971128
0.627057700285 0.496353309963 0.613997971128
0.627085422234 0.495594749127 0.613133491175
0.627353774875 0.494802120175 0.612522458991
0.627757886303 0.494272600544 0.613088971313
0.628047277157 0.494131814984 0.613482926934
0.628123042485 0.494692973708 0.613088971313
0.628111676740 0.495533852760 0.613019781667
0.628135073572 0.496305899075 0.613284700739
0.628308661832 0.496715441669 0.613284700739
0.628620528328 0.496794349256 0.612784430411
0.628836965547 0.496695109062 0.612784430411
0.628965680757 0.496432102737 0.612784430411
0.629013704382 0.496018437700 0.613186091485
0.628829647283 0.495803461132 0.613186091485
0.628432835511 0.495770846553 0.613186091485
0.627840873499 0.495905703260 0.613019781667
0.627339149226 0.496034924736 0.613133491175
0.627169162598 0.496038406255 0.613133491175
0.627301939579 0.495926319930 0.613133491175
0.627711132195 0.495707952730 0.613019781667
0.628121681107 0.495516030685 0.613019781667
0.628533815988 0.495348265490 0.613186091485
0.628661200495 0.495372902848 0.613186091485
0.628528401281 0.495573872819 0.613186091485
0.628157784601 0.495936521982 0.613019781667
0.627860886631 0.496273273215 0.613284700739
0.627771501801 0.496232251774 0.613284700739
0.627872022093 0.495847874987 0.613019781667
0.628004442394 0.495505798679 0.613019781667
0.628166220444 0.495202273125 0.613019781667
0.628355036962 0.494933880191 0.613088971313
0.628424687977 0.495110996096 0.614001838519
0.628045288974 0.495897516223 0.613019781667
0.627743464777 0.496619130401 0.613284700739
0.627661739780 0.496910451787 0.613284700739
0.627781023273 0.496811432652 0.613284700739
0.628083946236 0.496358264673 0.613284700739
0.628554707984 0.495583730413 0.613186091485
0.628701622069 0.495076307070 0.614001838519
0.628371490647 0.495266945317 0.613019781667
0.628116578275 0.495447490164 0.613019781667
0.627930289733 0.495618919610 0.613019781667
0.627806625045 0.495782122883 0.613019781667
0.627740126533 0.495937908336 0.613019781667
0.627725830487 0.496087010664 0.613019781667
0.627759223051 0.496230097487 0.613284700739
0.627997672620 0.495974962482 0.613019781667
0.628260835409 0.495751601280 0.613019781667
0.628546720507 0.495557125262 0.613186091485
0.628504889093 0.495588664281 0.613186091485
0.628165406723 0.495826044015 0.613019781667
0.627905834160 0.496049354725 0.613019781667
0.627719032217 0.496259953497 0.613284700739
0.627767319727 0.496048861024 0.613019781667
0.627860085081 0.495865892516 0.613019781667
0.627993466914 0.495708475819 0.613019781667
0.628163959169 0.495574276023 0.613019781667
0.628368378685 0.495461173826 0.613019781667
0.628603835695 0.495367245832 0.613186091485
0.628497593617 0.495502776600 0.613186091485
0.628081481098 0.495846989355 0.613019781667
0.627755661845 0.496167374129 0.613284700739
0.627689739689 0.496034116022 0.613019781667
0.627681603684 0.495922182273 0.613019781667
0.627726097366 0.495829616829 0.613019781667
0.627818544091 0.495754645810 0.613019781667
0.627954702716 0.495695660684 0.613019781667
0.628130727310 0.495651202984 0.613019781667
0.628343130564 0.495619950409 0.613019781667
0.628588750542 0.495600704213 0.613186091485
0.628472292571 0.495817123776 0.613186091485
0.628027947617 0.496247590342 0.613284700739
0.627867074035 0.496191202573 0.613284700739
0.627963432913 0.495695637221 0.613019781667
0.628105070355 0.495256395715 0.613019781667
0.628287960630 0.494868191692 0.613088971313
0.628320783635 0.495044948005 0.613088971313
0.628217223747 0.495729567798 0.613019781667
0.628179103401 0.496358228124 0.613284700739
0.628393669450 0.496472720177 0.613284700739
0.628837490369 0.496123607710 0.612784430411
0.629129901856 0.495545442243 0.613186091485
0.629037410950 0.495264231808 0.613186091485
0.628596780914 0.495252248197 0.613186091485
0.627841212174 0.495484411450 0.613019781667
0.627214861073 0.495703868333 0.613133491175
0.627085157922 0.495735899228 0.613133491175
0.627403473944 0.495597802713 0.613133491175
0.628125969205 0.495305231500 0.613019781667
0.628836682547 0.495050321604 0.614001838519
0.628876004267 0.495644160834 0.613186091485
0.628548696009 0.496427865116 0.612784430411
0.628141119527 0.496863991263 0.613284700739
0.628031428952 0.496787523706 0.613284700739
0.628191600265 0.496249227040 0.613284700739
0.628596303788 0.495294824756 0.613186091485
0.628592509535 0.494682377614 0.614001838519
0.627980189865 0.494960091969 0.613088971313
0.627285882666 0.495756688128 0.613133491175
0.627106697719 0.496308049580 0.613997971128
0.627540735887 0.496216589567 0.613284700739
0.628194255508 0.495665750619 0.613019781667
0.628843767128 0.495177548770 0.613186091485
0.629056899159 0.494986552042 0.614001838519
0.628633187782 0.495642137908 0.613186091485
0.627878732342 0.496482743395 0.613284700739
0.627461653051 0.496769444267 0.613284700739
0.627349913954 0.496557177342 0.613997971128
0.627852304191 0.495777797852 0.613019781667
0.628365698918 0.495083203106 0.613088971313
0.628685675983 0.495010112309 0.614001838519
0.628350855973 0.495769881629 0.613019781667
0.628108090915 0.496466046957 0.613284700739
0.628156477160 0.496622939157 0.613284700739
0.628468383542 0.496294056828 0.612784430411
0.628633340565 0.495724304495 0.613186091485
0.628400459393 0.495460257112 0.613019781667
0.628250709651 0.495231458019 0.613019781667
0.628176292966 0.495034546697 0.613088971313
0.627961869535 0.495414632908 0.613019781667
0.627829474711 0.495767819476 0.613019781667
0.627771408460 0.496096734172 0.613019781667
0.627780711081 0.496403751961 0.613284700739
0.628065476764 0.496198673117 0.613284700739
0.628599492054 0.495532465606 0.613186091485
0.628688153949 0.495186818486 0.613186091485
0.628374895913 0.495131142019 0.613088971313
0.627941521560 0.495647233805 0.613019781667
0.627612775750 0.496123356470 0.613284700739
0.627596601580 0.496066449053 0.613019781667
0.627645031282 0.496025066591 0.613019781667
0.627752023974 0.495997741959 0.613019781667
0.627912121126 0.495983149440 0.613019781667
0.628120390502 0.495980091123 0.613019781667
0.628372375500 0.495987484602 0.613019781667
0.628664049342 0.496004351861 0.613186091485
0.628521351124 0.496282569733 0.612784430411
0.628267802256 0.496245154522 0.613284700739
0.628327222235 0.495713393529 0.613019781667
0.628445634941 0.495243477516 0.613186091485
0.628142814876 0.495084655888 0.613088971313
0.627712730924 0.495527534007 0.613019781667
0.627389634465 0.495937756447 0.613133491175
0.627596111140 0.496127311323 0.613284700739
0.628074173087 0.495794522816 0.613019781667
0.628571384278 0.495504423473 0.613186091485
0.628604631056 0.495510610868 0.613186091485
0.628219479730 0.495784679688 0.613019781667
0.627937677738 0.496042589915 0.613019781667
0.627749391650 0.496285940249 0.613284700739
0.627875377103 0.495994441692 0.613019781667
0.628055580179 0.495741796230 0.613019781667
0.628284930843 0.495524264881 0.613019781667
0.628558850097 0.495338470857 0.613186091485
0.628382800043 0.495444180880 0.613019781667
0.628291011034 0.495550259850 0.613019781667
0.628275488907 0.495656702935 0.613019781667
0.628329014567 0.495763505715 0.613019781667
0.628445068936 0.495870664137 0.613186091485
0.628121377044 0.496244519552 0.613284700739
0.628132696171 0.496057236260 0.613019781667
0.628211032533 0.495898975167 0.613019781667
0.628350058348 0.495766946035 0.613019781667
0.628544059916 0.495658629384 0.613186091485
0.628285678262 0.495841112604 0.613019781667
0.628121229883 0.496016741445 0.613019781667
0.628041762470 0.496186212823 0.613284700739
0.628278493527 0.495806407700 0.613019781667
0.628561431565 0.495474571247 0.613186091485
0.628378346483 0.495458387027 0.613019781667
0.628282626215 0.495454805255 0.613019781667
0.628265949366 0.495462629409 0.613019781667
0.628320803403 0.495480779212 0.613019781667
0.628440406110 0.495508279351 0.613186091485
0.628105060129 0.495819885305 0.613019781667
0.627872754812 0.496112283774 0.613284700739
0.627977811601 0.495832130358 0.613019781667
0.628143259077 0.495590492182 0.613019781667
