0.638328102184 0.628334053173 0.572910679229
0.643008920657 0.623931848376 0.572129721489
0.647287397239 0.623009463604 0.600071498394
0.648826682168 0.624390155740 0.605928380405
0.648459541720 0.626823904264 0.601924736482
0.647826740412 0.629836749091 0.598009141313
0.648568504279 0.633205459447 0.613168797432
0.650712290447 0.636865217699 0.639769399127
0.653416618759 0.640727102817 0.654899006354
0.654335461676 0.644701405443 0.637160550817
0.653147764037 0.648715410509 0.602622005218
0.650839826038 0.652568629339 0.574067921524
0.647960208210 0.655926448224 0.566390295411
0.645067779294 0.658436158451 0.577762917894
0.642527482724 0.660194323674 0.589001882783
0.640558030931 0.661602026169 0.594487486901
0.639305873271 0.662971998196 0.596413207480
0.638775509657 0.664411162004 0.602572317434
0.639078019288 0.665988953193 0.607627834975
0.640159680751 0.667708980935 0.624607895714
0.641996727981 0.669574827018 0.639985919216
0.644442512717 0.671564557670 0.656726534681
0.647320898249 0.673416996968 0.662760631618
0.650424527094 0.674756600444 0.654775232957
0.653718412294 0.675351552483 0.639308828351
0.657323690235 0.675351548183 0.628632821888
0.661355434391 0.675045060468 0.613815132394
0.665842527475 0.674709853857 0.612279948201
0.670686586885 0.674283570772 0.600484061022
0.675681418384 0.673477677145 0.585443743022
0.680397427673 0.672782144848 0.605514971652
0.684431763376 0.673043684875 0.638178147495
0.687810473409 0.674229398926 0.661508147121
0.690696743037 0.675858943294 0.668610522920
0.693234805662 0.677408836695 0.666162703112
0.695501589255 0.678622793566 0.660787150489
0.697602157107 0.679302049002 0.648822259356
0.699661491221 0.679367472261 0.639862111844
0.701703540947 0.678938624405 0.631644548540
0.703672159146 0.678238782967 0.628167775637
0.705524325448 0.677502466919 0.628261780564
0.707179072137 0.676948105126 0.630070640838
0.708599913270 0.676641582093 0.633838789969
0.709796801495 0.676611099991 0.635830844074
0.710792985564 0.676823041356 0.637664116012
0.711614877877 0.677228200150 0.638643708013
0.712294211826 0.677780646071 0.639923000099
0.712855318817 0.678419883916 0.639467275465
0.713307316531 0.679151567497 0.640071882385
0.713667628994 0.679930922610 0.640071882385
0.713944093227 0.680754528470 0.639646973521
0.714136179587 0.681633096331 0.640082622081
0.714256691010 0.682531646365 0.639620628438
0.714298329909 0.683469223093 0.639045151342
0.714251090887 0.684465820918 0.638334233197
0.714103041475 0.685542426366 0.637471905310
0.713841484301 0.686720792702 0.634685631655
0.713427253024 0.688037920573 0.631789652330
0.712835823743 0.689527633476 0.628011210764
0.712057733819 0.691152413624 0.622863242557
0.711127637707 0.692802553291 0.620022021479
0.710120773982 0.694437567469 0.618846141475
0.709123074951 0.695851490980 0.623559957311
0.708337306592 0.696542812656 0.624581035862
0.707796866750 0.696546126651 0.629635964003
0.707515927864 0.695745488035 0.628336152826
0.707427379226 0.694273742137 0.626709351796
0.707417243649 0.692301401760 0.626361284464
0.707392620465 0.689998786436 0.626980588990
0.707300492322 0.687529395268 0.628618546586
0.707137651283 0.685110144278 0.630287236898
0.707007582206 0.682757215591 0.629660975038
0.706929439645 0.680647370228 0.629207733790
0.706882100508 0.678853832856 0.629199995902
0.706810977220 0.677418690461 0.629502976851
0.706680147964 0.676334421036 0.630070640838
0.706451059043 0.675586614686 0.630930520497
0.706085405156 0.675154009463 0.629453951423
0.705605166091 0.674942661868 0.630580889221
0.704963853264 0.674941956720 0.629554264219
0.704186214779 0.675047826171 0.629191064426
0.703304067980 0.675140682695 0.628931806522
0.702429225943 0.675062299789 0.629636023649
0.701485358351 0.674858468937 0.630983709031
0.700512691954 0.674400620691 0.633265873853
0.699551445663 0.673573641445 0.636919067379
0.698566147109 0.672324570510 0.641282483981
0.697531915760 0.670632103582 0.647309718596
0.696363337736 0.668558288315 0.657455317219
0.695063168329 0.666174361709 0.665655143080
0.693545776387 0.663692428599 0.672414163953
0.691913794331 0.661320751034 0.676490440184
0.690256610184 0.659304398542 0.674121626816
0.688739991528 0.657894358203 0.670908664316
0.687414978701 0.657168231134 0.661943445020
0.686336477840 0.657255304455 0.656863849715
0.685509825890 0.658128775810 0.652447081207
0.684954587104 0.659730127536 0.654710857625
0.684645025801 0.661941018994 0.651206012871
0.684502004004 0.664751738275 0.652031224500
0.684319711747 0.668133813787 0.649262957853
0.683885496097 0.672110516637 0.640775072417
0.683042828549 0.676740054681 0.619786181525
0.681920078510 0.681925075725 0.609381161670
0.681032292247 0.687094162972 0.616232958297
0.680652478392 0.691721952358 0.629842432333
0.680757526540 0.695769158410 0.640201268213
0.681337103773 0.699577108339 0.654576024726
0.682442493854 0.703429719046 0.670644361604
0.683947992826 0.707411783171 0.687267634244
0.685667105920 0.711427748822 0.696771586542
0.687429671768 0.715486689956 0.704856912971
0.688949770440 0.719528379225 0.701438371100
0.689630563911 0.723437752450 0.679488873004
0.689029390468 0.727336884276 0.651017136567
0.687332131142 0.731504216478 0.613617532993
0.684937912278 0.736248020725 0.583622237052
0.682781333966 0.741504244275 0.586948111153
0.681731030514 0.746541452971 0.610277667391
0.681503851111 0.751290201183 0.625586130297
0.681642451565 0.755785851297 0.632153797818
0.682013398860 0.759997059711 0.639721727941
0.682543409251 0.763884567908 0.641251852474
0.682901136486 0.767532981323 0.633485647926
0.682572184565 0.771005905899 0.617514320075
0.681322423243 0.774343495258 0.593373277778
0.679353225563 0.777465964336 0.583342682354
0.677295804036 0.780053283619 0.589167698761
0.675679620907 0.781767061510 0.605354061321
0.674818540517 0.782406221897 0.615751752725
0.674690595857 0.782031485511 0.612051718310
0.675165243156 0.780749276634 0.602131964180
0.676078261635 0.778756008218 0.592595670638
0.677053194509 0.776322400870 0.589487780968
0.677660974687 0.773752685351 0.598068606975
0.677554243830 0.771316351254 0.611171781735
0.676697748507 0.769231556809 0.618342166224
0.675308918457 0.767551011925 0.620131260791
0.673559329182 0.766259462376 0.621319102904
0.671696027681 0.765328724406 0.619932746818
0.669831812789 0.764617555966 0.619423728418
0.668036655369 0.763908022043 0.622488047884
0.666283717664 0.763001644220 0.628732019284
0.664481342384 0.761735516829 0.633836282126
0.662525612844 0.760086798213 0.646173252849
0.660299695799 0.758115042993 0.657626534986
0.658079988675 0.756237840771 0.655633777336
0.656292245938 0.754939679304 0.645487424352
0.655286309823 0.754424507798 0.636387705410
0.655144267169 0.754702881996 0.636387705410
0.655772529079 0.755689264892 0.645487424352
0.656931093774 0.757218111457 0.654529315252
0.658282574202 0.758943481627 0.657730825492
0.659528601278 0.760518685489 0.656769068266
0.660528782270 0.761750284152 0.649353273548
0.661215384799 0.762370169870 0.649353273548
0.661618349314 0.762439354248 0.645632252371
0.661723852297 0.761963863142 0.645632252371
0.661560317438 0.760998713375 0.647381892200
0.661071637337 0.759630788910 0.654509687513
0.660283460129 0.758096657585 0.657626534986
0.659358347709 0.756615044409 0.658092002788
0.658560549276 0.755567194175 0.657717531958
0.657932929268 0.755062108058 0.654193839318
0.657647612971 0.755148354293 0.654193839318
0.657671700546 0.755766202820 0.654193839318
0.657975502241 0.756861937788 0.656710939012
0.658405793026 0.758105753205 0.657406386902
0.658883517717 0.759356732210 0.657436809783
0.659210730249 0.760387021755 0.656769068266
0.659375784238 0.761123181608 0.655998901906
0.659383967644 0.761521528453 0.655998901906
0.659250145010 0.761614542936 0.655998901906
0.658987739070 0.761431536104 0.655998901906
0.658608870442 0.760998958417 0.655998901906
0.658124483811 0.760340678679 0.657723952195
0.657659623291 0.759671570397 0.657730825492
0.657267128356 0.759085079400 0.657186278686
0.657065895341 0.758694799168 0.656102072411
0.657126513141 0.758585854327 0.656102072411
0.657423906654 0.758731264064 0.656102072411
0.657935446926 0.759106679909 0.657730825492
0.658424721351 0.759463349966 0.657730825492
0.658893971877 0.759803146489 0.656769068266
0.659181962768 0.759909104378 0.656769068266
0.659305995994 0.759803584078 0.656769068266
0.659281691529 0.759506767398 0.657436809783
0.659150337039 0.759135157518 0.657436809783
0.658922067158 0.758695760719 0.657919719106
0.658647311674 0.758315399364 0.657919719106
0.658330408986 0.757988375391 0.657406386902
0.658139604645 0.757829400985 0.657406386902
0.658062867524 0.757822435587 0.657406386902
0.658089336258 0.757952999663 0.657406386902
0.658209205627 0.758208022927 0.657406386902
0.658413623958 0.758575707305 0.657406386902
0.658694600474 0.759045403201 0.657436809783
0.658835682961 0.759362696567 0.657436809783
0.658850228562 0.759542175516 0.657436809783
0.658750294157 0.759597008173 0.657436809783
