0.638331877372 0.761673949757 0.585407684897
0.642655412998 0.760542165917 0.594900160626
0.644088010636 0.763480373546 0.599797699517
0.644939511129 0.767252420707 0.602621390410
0.646772143233 0.771282728457 0.617622427735
0.649594159381 0.775385771088 0.644287243633
0.653108315686 0.779613032360 0.672229044230
0.656974219748 0.783984083649 0.688528123218
0.660521582207 0.788176212443 0.679764787737
0.662490969664 0.791351597260 0.662887593508
0.662809297820 0.793400885553 0.652256343691
0.661893559155 0.794490300388 0.649232894562
0.660095372344 0.794690389807 0.655040390404
0.657681772951 0.794089736888 0.660954916847
0.654852578842 0.792869281421 0.671411740006
0.651817724343 0.791410188715 0.678380026364
0.648756386903 0.790140962040 0.676208230024
0.645780274889 0.789399138878 0.670947026225
0.642969152226 0.789359299515 0.662133495852
0.640377276918 0.790094856595 0.655283612215
0.638029210084 0.791496707673 0.645727901998
0.636034381853 0.793421496781 0.641803969390
0.634376295417 0.795684281836 0.640765367510
0.632930499535 0.798180191353 0.635977871689
0.631505999543 0.800931488260 0.630395494618
0.629987502324 0.803966526685 0.620306978424
0.628460449939 0.807418012437 0.615526480033
0.627135109408 0.811183450364 0.610423876727
0.626174179810 0.815254408985 0.611631963389
0.625322013547 0.819380595237 0.607312106722
0.624303954593 0.823383101155 0.599901637391
0.623062678822 0.827198563735 0.593609311923
0.621790692749 0.830948451005 0.592006371672
0.620819196173 0.834765925226 0.597317492368
0.620461414024 0.838516159484 0.606220516765
0.620807484257 0.841771458675 0.615377000796
0.621417826529 0.844240612449 0.617437195459
0.622076709609 0.845774812269 0.614269571099
0.622595042023 0.846580990469 0.611435979710
0.622968533136 0.846944339439 0.611435979710
0.623209161328 0.846905638210 0.611435979710
0.623327861329 0.846501818775 0.611435979710
0.623334615489 0.845766334253 0.611954230190
0.623230363384 0.844741190945 0.612461505842
0.623037093045 0.843495568831 0.612856318657
0.622796380894 0.842121632611 0.612936107844
0.622636593970 0.840852465322 0.612475965225
0.622632691560 0.839817077275 0.611626501290
0.622858222646 0.839140862953 0.610383114298
0.623377476485 0.838933691374 0.610383114298
0.624164319667 0.839151230704 0.612814992557
0.625060460541 0.839974666624 0.616291386318
0.625827979119 0.841419016456 0.619190858131
0.626263840380 0.843486284464 0.614757510266
0.626297287857 0.845843041335 0.611949365466
0.626069095601 0.848333041239 0.610584749020
0.625933561050 0.850865087470 0.612248065225
0.626117477239 0.853451563668 0.617690936554
0.626771696324 0.856153515903 0.625267162366
0.627705789171 0.858957838441 0.628516553897
0.628451981678 0.861787768549 0.627738523334
0.628720519557 0.864688689287 0.620277599162
0.628239605781 0.867740562513 0.605348792905
0.627089652767 0.870797982435 0.596522004943
0.625564117226 0.873670677647 0.591362557584
0.623885255194 0.876282440069 0.589251095753
0.622064575787 0.878571007312 0.586704047658
0.620200555777 0.880457864167 0.589143195266
0.618598294712 0.881593941777 0.597106131278
0.617622907865 0.881662765428 0.601644634358
0.617363446916 0.880713005509 0.599313460014
0.617612649111 0.879007039678 0.596517737309
0.618010169008 0.876859776278 0.594486362150
0.618135535784 0.874530219936 0.597460984687
0.617786226819 0.872130745147 0.604333785401
0.616890766553 0.869759346457 0.609272162795
0.615647007584 0.867587666004 0.610412548230
0.614542449180 0.865960863333 0.608227153495
0.613703047495 0.864911510511 0.605397688661
0.613172037213 0.864390993933 0.604355814221
0.612966366986 0.864309082802 0.604355814221
0.613056055654 0.864623908895 0.604355814221
0.613413948960 0.865297644455 0.605397688661
0.613970175469 0.866334499389 0.608227153495
0.614638824315 0.867692307857 0.608673727350
0.615299850277 0.869328363815 0.609585760724
0.615671829189 0.871058976618 0.607051016665
0.615615137960 0.872756112605 0.603792616495
0.615162637954 0.874268853354 0.602318783816
0.614416173123 0.875522234972 0.601936035563
0.613798091831 0.876375673726 0.603033204264
0.613449541272 0.876940608373 0.604221724885
0.613538373500 0.877105039864 0.604221724885
0.614022410618 0.876906937995 0.602516428615
0.614705336111 0.876311555386 0.601936035563
0.615381933073 0.875490110105 0.600559827397
0.615908130310 0.874412276660 0.601645513787
0.615930033497 0.873251646324 0.603496760262
0.615441027485 0.872092114568 0.605430511857
0.614565902548 0.871104024039 0.606218863487
0.613452575328 0.870457178234 0.605775840585
0.612246640875 0.870287086602 0.603808685667
0.611014984555 0.870629555869 0.601175797964
0.609817029460 0.871451371454 0.596251319757
0.608750841607 0.872801903588 0.594809305383
0.608106607149 0.874589999537 0.598510830565
0.608213148828 0.876662177140 0.605117505464
0.609369381914 0.878867959891 0.615085142546
0.611678020558 0.880880230574 0.623246332571
0.615028411421 0.882106016095 0.611636888830
0.618946421198 0.882029149285 0.593097929509
0.622816348696 0.881126398133 0.584365270262
0.626143125251 0.880145780484 0.585136919263
0.628883998825 0.879352139799 0.588093289642
0.631082794028 0.878822611662 0.589968716421
0.632713046214 0.878587853535 0.592414545505
0.633697373534 0.878697938339 0.593920723574
0.634021757685 0.879168451672 0.593920723574
0.633753535703 0.879964740335 0.591923630514
0.633084309689 0.880996981463 0.589358447086
0.632214945056 0.882174238831 0.587532909346
0.631274439658 0.883465042637 0.585923627187
0.630455653554 0.884943218716 0.586321226500
0.629888233954 0.886670079060 0.586552141516
0.629775036284 0.888757286173 0.591127659305
0.630427297584 0.891335499699 0.607164953572
0.632222487015 0.894634555359 0.627620498048
0.635026738798 0.898702412064 0.659123517677
0.638092731493 0.903478102091 0.675505090293
0.640455056930 0.908765628051 0.668668289876
0.641685653718 0.913979196725 0.654311079840
0.642253008180 0.918863061691 0.648270249179
0.642600816542 0.923395986465 0.643731377480
0.642558753399 0.927610270825 0.635386782720
0.641909198440 0.931580727144 0.624071759717
0.640761904225 0.935426926448 0.615854181005
0.639535040951 0.939388685256 0.612753353341
0.638581123430 0.943813622970 0.612123976274
0.637942139651 0.949044943969 0.608998800291
0.637496946880 0.954993561445 0.613170031560
0.637335432646 0.961497156135 0.622686366929
0.637568178117 0.968408058126 0.633886302188
0.638239538310 0.975080517463 0.650597782101
0.639728710775 0.979957524874 0.665462989267
0.642205372111 0.982578541386 0.654073719387
0.645509968303 0.983310357224 0.631789842845
0.649425752222 0.982824711484 0.614879143387
0.653385058476 0.981954510510 0.610487894674
0.656875344279 0.981140854491 0.608908032555
0.659976645207 0.980177434971 0.603009265923
0.662969888668 0.978883863779 0.595424826462
0.665948236821 0.977412018801 0.592893507090
0.668607150216 0.976285985939 0.601442355320
0.670723014894 0.976018664213 0.610829104420
0.672311153056 0.976738065407 0.620316275067
0.673396839780 0.978357557002 0.623922107682
0.673969626942 0.980681159543 0.618866659721
0.674094721514 0.983430542123 0.615664737093
0.673838492448 0.986435304307 0.610010155401
0.673307059060 0.989606195712 0.606635515051
0.672591644268 0.993114935725 0.598274257233
0.671593040877 0.997286603339 0.583246369383
0.670463663675 1.002574424775 1.000000000000
0.669443850637 1.007349261438 1.000000000000
0.668522989703 1.011660799301 1.000000000000
0.667691494818 1.015553920571 1.000000000000
0.666940706936 1.019069167185 1.000000000000
0.666262804554 1.022243159699 1.000000000000
0.665650722859 1.025108975832 1.000000000000
0.665098080665 1.027696492549 1.000000000000
0.664599114389 1.030032695191 1.000000000000
0.664148618388 1.032141956811 1.000000000000
0.663741891046 1.034046290579 1.000000000000
0.663374686070 1.035765577861 1.000000000000
0.663043168465 1.037317774289 1.000000000000
0.662743874773 1.038719095955 1.000000000000
0.662473677141 1.039984187644 1.000000000000
0.662229750855 1.041126274825 1.000000000000
0.662009545014 1.042157300965 1.000000000000
0.661810756034 1.043088051591 1.000000000000
0.661631303707 1.043928266368 1.000000000000
0.661469309578 1.044686740344 1.000000000000
0.661323077409 1.045371415416 1.000000000000
0.661191075535 1.045989462957 1.000000000000
0.661071920915 1.046547358452 1.000000000000
0.660964364741 1.047050948920 1.000000000000
0.660867279426 1.047505513811 1.000000000000
0.660779646854 1.047915820018 1.000000000000
0.660700547772 1.048286171562 1.000000000000
0.660629152201 1.048620454471 1.000000000000
0.660564710781 1.048922177312 1.000000000000
0.660506546950 1.049194507804 1.000000000000
0.660454049885 1.049440305881 1.000000000000
0.660406668118 1.049662153557 1.000000000000
0.660363903785 1.049862381890 1.000000000000
0.660325307413 1.050043095345 1.000000000000
0.660290473230 1.050206193787 1.000000000000
0.660259034920 1.050353392347 1.000000000000
0.660230661791 1.050486239359 1.000000000000
0.660205055314 1.050606132558 1.000000000000
