0.638314046384 0.904999114159 0.675612422627
0.634917896708 0.909923398022 0.637208419742
0.630813325939 0.914884670806 0.605190831335
0.627643714573 0.919878117410 0.592522207883
0.626360447385 0.924884058845 0.588889976489
0.625969248882 0.929851321946 0.591956067054
0.625835027927 0.934655692128 0.596386659626
0.626652707804 0.938897993475 0.606396609887
0.628496347014 0.941977613930 0.604313887955
0.630730145543 0.943857279162 0.597685543458
0.632998462013 0.944928354392 0.593171255978
0.635156366756 0.945724579328 0.594424537509
0.637219591166 0.946754625598 0.607890660371
0.639316848493 0.948510481315 0.623843837406
0.641499378718 0.950986279017 0.642351878224
0.643787369301 0.954045971160 0.661987107517
0.646200327917 0.957534016096 0.684174863423
0.648221243449 0.961135532686 0.680404822834
0.648320940580 0.964388392763 0.665580831923
0.646793646032 0.967160121020 0.650618925128
0.644253327216 0.969581315992 0.641144171873
0.641085388547 0.971727877063 0.636452726142
0.637841171157 0.973524313933 0.647336731964
0.635804843436 0.974822289556 0.663120289122
0.635264637026 0.975690168412 0.669020491477
0.635885261470 0.976118892172 0.669020491477
0.637420310942 0.976149764890 0.660328812157
0.639564734127 0.975557627335 0.645138094553
0.641945610994 0.974401552989 0.633531690151
0.644121931655 0.972862866079 0.624463631702
0.645567703566 0.971164364401 0.630196948962
0.646071526762 0.969419116267 0.639102220378
0.645620742039 0.967654981173 0.651074736586
0.644425839117 0.966045410583 0.655110597496
0.642719601863 0.964765340981 0.654639663948
0.640910649590 0.964191631248 0.643854835675
0.639231318574 0.964344785743 0.638103446316
0.637774211917 0.965136821180 0.628848125163
0.636694979930 0.966351663205 0.626879478364
0.636067919704 0.967825038849 0.626765119692
0.635976595116 0.969413823865 0.633502538646
0.636484661947 0.970984296004 0.641475867165
0.637533172097 0.972350882934 0.643865197157
0.638981844550 0.973374701421 0.644277176592
0.640701035389 0.973911579800 0.638092269148
0.642428297341 0.973842045599 0.629211434919
0.643860235535 0.973285041251 0.627322018557
0.644762719706 0.972420146446 0.627875172352
0.644974675643 0.971371901859 0.630196948962
0.644422019234 0.970206401318 0.636398590929
0.643209740890 0.969012608785 0.641397571175
0.641494174596 0.967926646417 0.642779861551
0.639604261793 0.967170445332 0.638598745298
0.637879428036 0.966904666822 0.630423479547
0.636569694807 0.967139595316 0.629201516296
0.635771684889 0.967688831796 0.626765119692
0.635526718354 0.968461694488 0.629943007300
0.635837100609 0.969374181823 0.633502538646
0.636706445691 0.970340225855 0.637868348970
0.638022831968 0.971263632219 0.640828947930
0.639654219608 0.972001973286 0.639674343163
0.641287118789 0.972367462009 0.634888259295
0.642556534728 0.972377796938 0.632474950644
0.643333722744 0.972070692047 0.630125157268
0.643532085785 0.971486189806 0.633527864956
0.643128913178 0.970747125845 0.637348990694
0.642137929505 0.969969204266 0.638006192566
0.640753410099 0.969193114869 0.639633013945
0.639319659983 0.968635025327 0.638525246733
0.638007161184 0.968449954329 0.633886302188
0.637127294913 0.968589623720 0.631773392791
0.636773854332 0.968991596956 0.634646618449
0.636948320814 0.969524098720 0.634646618449
0.637598060294 0.970175823138 0.638191764230
0.638583073271 0.970806809667 0.638434190054
0.639697744058 0.971406473960 0.638932516816
0.640794868267 0.971790159875 0.637311512851
0.641754931560 0.971790564978 0.634888259295
0.642404397339 0.971440402216 0.635041978631
0.642523737251 0.970911271397 0.635041978631
0.642165171625 0.970219120108 0.638006192566
0.641325873668 0.969515918073 0.640566688231
0.640198117034 0.968995978837 0.639633013945
0.638989001006 0.968682892259 0.636179960683
0.638055289799 0.968749199491 0.633886302188
0.637533420497 0.969141314380 0.635899338490
0.637426411788 0.969689795711 0.635899338490
0.637694855356 0.970380679252 0.638191764230
0.638356041583 0.971049466759 0.639967756678
0.639247366077 0.971508908569 0.638932516816
0.640145596717 0.971753973761 0.637753814112
0.640844580765 0.971783964271 0.637753814112
0.641362620980 0.971618515121 0.636452726142
0.641518398502 0.971257598708 0.636452726142
0.641345962497 0.970719006657 0.638402055084
0.640823597203 0.970187892290 0.638576778268
0.640180757524 0.969694857550 0.639633013945
0.639400152726 0.969417491210 0.638478668971
0.638694611402 0.969363223189 0.637203008564
0.638256018073 0.969523203800 0.637203008564
0.638059643172 0.969877745107 0.638191764230
0.638325170778 0.970244647558 0.638434190054
0.638812431757 0.970608385128 0.638434190054
0.639500957794 0.970969405817 0.638932516816
0.640220589764 0.971113325919 0.637753814112
0.640750877347 0.971038551888 0.637753814112
0.641109368266 0.970765292377 0.638402055084
0.641047642523 0.970471897247 0.638576778268
0.640813031237 0.970193414494 0.638576778268
0.640421418214 0.969928365355 0.638576778268
0.639887175445 0.969675411505 0.638478668971
0.639404867979 0.969655462080 0.638478668971
0.638969545269 0.969846849927 0.638434190054
0.638835283055 0.970053347067 0.638434190054
0.638973781303 0.970273652783 0.638434190054
0.639359458635 0.970506589597 0.638573768010
0.639747681489 0.970730645555 0.638573768010
0.640138370429 0.970946725750 0.637753814112
0.640364603668 0.970924900239 0.637753814112
0.640441671175 0.970687398921 0.638576778268
0.640323486038 0.970458864375 0.638576778268
0.640028205589 0.970238381992 0.638573768010
0.639801835284 0.970052883340 0.638573768010
0.639637932104 0.969899071699 0.638573768010
0.639530667914 0.969773964983 0.638478668971
0.639434560379 0.969882268940 0.638573768010
0.639388922537 0.969994175016 0.638573768010
0.639389070140 0.970109392150 0.638573768010
0.639430766602 0.970227656959 0.638573768010
0.639510180330 0.970348731108 0.638573768010
0.639623846111 0.970472398925 0.638573768010
0.639768630167 0.970598465234 0.638573768010
0.639941698523 0.970726753410 0.638573768010
0.640140488390 0.970857103601 0.637753814112
0.640184677131 0.970743304511 0.638576778268
0.640025079535 0.970625776470 0.638573768010
0.639923754965 0.970534174188 0.638573768010
0.639875248777 0.970466055617 0.638573768010
0.639874629615 0.970419212975 0.638573768010
0.639917439329 0.970391650335 0.638573768010
0.639999647673 0.970381563343 0.638573768010
0.640117611315 0.970387320875 0.638576778268
0.640019342253 0.970377417531 0.638573768010
0.639974568916 0.970383453295 0.638573768010
0.639978284130 0.970403943524 0.638573768010
0.640025962126 0.970437546265 0.638573768010
0.640113512348 0.970483048571 0.638576778268
0.639984117103 0.970508764265 0.638573768010
0.639912020637 0.970547251481 0.638573768010
0.639891840307 0.970597328925 0.638573768010
0.639918711753 0.970657928981 0.638573768010
0.639988239090 0.970728086783 0.638573768010
0.640096449870 0.970806930345 0.638576778268
0.639981349714 0.970862420727 0.638932516816
0.639994970581 0.970689730258 0.638573768010
0.640053127031 0.970549399295 0.638573768010
0.640151659739 0.970438349609 0.638576778268
0.640025042427 0.970322135679 0.638573768010
0.639956998467 0.970232978025 0.638573768010
0.639942006119 0.970168309278 0.638573768010
0.639975076705 0.970125809905 0.638573768010
0.640051703232 0.970103384325 0.638573768010
0.640167813955 0.970099139330 0.638576778268
0.640052830036 0.970079055863 0.638573768010
0.639996204219 0.970077032491 0.638573768010
0.639992426959 0.970091369658 0.638573768010
0.640036521330 0.970120532058 0.638573768010
0.640123991611 0.970163132790 0.638576778268
0.639979714120 0.970185080108 0.638573768010
0.639897384200 0.970221270331 0.638573768010
0.639871137400 0.970270371956 0.638573768010
0.639895676821 0.970331182278 0.638573768010
0.639966218272 0.970402614947 0.638573768010
0.640078440699 0.970483688722 0.638576778268
0.639952390480 0.970540049861 0.638573768010
0.639887403590 0.970607618467 0.638573768010
0.639877693475 0.970685355711 0.638573768010
0.639918034255 0.970772323352 0.638573768010
0.640003706472 0.970867674007 0.638932516816
0.640208097015 0.970712274963 0.638576778268
0.640161188971 0.970554859244 0.638576778268
0.639887026412 0.970395573576 0.638573768010
0.639689325204 0.970268819529 0.638573768010
0.639560793449 0.970171484195 0.638573768010
0.639494846757 0.970100756653 0.638573768010
0.639485539684 0.970054098712 0.638573768010
0.639527503801 0.970029218482 0.638573768010
0.639615891758 0.970024046503 0.638573768010
0.639746326757 0.970036714185 0.638573768010
0.639914856921 0.970065534327 0.638573768010
0.640117914077 0.970108983533 0.638576778268
0.640062549118 0.970130504679 0.638573768010
0.640063784041 0.970167465262 0.638573768010
0.640116247048 0.970218410390 0.638576778268
0.639923174606 0.970246544100 0.638573768010
0.639800528610 0.970289621180 0.638573768010
0.639741587816 0.970346234203 0.638573768010
0.639740284463 0.970415112519 0.638573768010
0.639791140802 0.970495108973 0.638573768010
0.639889211783 0.970585187912 0.638573768010
