0.761667608336 0.104997799643 0.598706300313
0.756663952285 0.109940274123 0.561752889062
0.751915482169 0.114640337665 0.553713195593
0.747449966881 0.116576155380 0.566399391590
0.743151196636 0.115644883173 0.600351153888
0.739231794442 0.113272983710 0.623362662151
0.736919337626 0.110282486438 0.614969404831
0.736845170824 0.107168524960 0.593257287173
0.738041081907 0.104142834025 0.575643263151
0.739742755299 0.101268703976 0.568492885368
0.741265209610 0.098626351920 0.574357808587
0.742016901695 0.096429654514 0.582654410678
0.741903940077 0.094688907308 0.592750117086
0.741017155949 0.093406931220 0.596648778694
0.739527075253 0.092470936822 0.600392585860
0.737592538040 0.091815859601 0.602674065238
0.735407976950 0.091374226148 0.603187622109
0.733229643137 0.091067991956 0.602914449103
0.731141315331 0.090743074201 0.604237783632
0.729175363357 0.090210964885 0.607952732843
0.727360230244 0.089233632776 0.614815757774
0.725624339970 0.087562691684 0.625847048962
0.723845279319 0.085100050491 0.636356063043
0.722070211654 0.081878825144 0.653974400680
0.720450007894 0.078080537012 0.662134911889
0.719372110467 0.073997256211 0.653498406145
0.718943573081 0.069877704572 0.637232265812
0.718987369167 0.065848590681 0.627003053133
0.719373801636 0.062001306929 0.619138885055
0.719955661266 0.058526894062 0.617909915198
0.720441139080 0.055583754015 0.621680478673
0.720518318147 0.053264315529 0.632284455634
0.719863853371 0.051440417790 0.643278611019
0.718387359674 0.049892103593 0.650324451070
0.715995207121 0.048389871415 0.673448175000
0.712686580044 0.046564105909 0.715027416935
0.708609080934 0.044146411058 0.758000599142
0.704107496841 0.041324728818 0.784658658434
0.699889840679 0.038732429907 0.779142685389
0.696244930332 0.036523353071 0.775606928737
0.692909415046 0.034486205199 0.779010408001
0.689701042881 0.032551011958 0.782006510370
0.686661618782 0.030920292635 0.773053917208
0.684052606437 0.030032246009 0.762674892765
0.681988101915 0.029980614049 0.752573109907
0.680441248123 0.030755560180 0.743713588746
0.679262079942 0.032313366651 0.739757126236
0.678202028795 0.034562768938 0.732443921584
0.677081061553 0.037384498704 0.721328486805
0.675807698286 0.040597298060 0.707403617255
0.674500220624 0.044018492557 0.700695302191
0.673262110765 0.047626979202 0.695034236807
0.672054381024 0.051511249941 0.680058784393
0.670784115730 0.055707051607 0.670119936808
0.669568165435 0.059962659914 0.667759631305
0.668475417501 0.063923991011 0.665816031938
0.667273166146 0.067370589239 0.655077687614
0.665570176981 0.070323396292 0.638552411790
0.663221209643 0.072753147582 0.630534077789
0.660376137785 0.074719236932 0.623652790650
0.657201669927 0.076334268517 0.616089828965
0.653796479492 0.077781557971 0.610430053147
0.650204868842 0.079217703531 0.598005494251
0.646471131934 0.080647993962 0.592664925393
0.642602815296 0.081891041546 0.588046702479
0.638629032532 0.082826402850 0.589223649481
0.634557123301 0.083500416138 0.591352250463
0.630484841256 0.084148196991 0.585685240947
0.626602039438 0.084918378803 0.580333140329
0.623126820169 0.085770978063 0.578910688261
0.620203817348 0.086593301342 0.580217887816
0.617829101370 0.087385711114 0.579250058902
0.615940540328 0.088214444316 0.578991022479
0.614444740046 0.089203161461 0.576428651733
0.613246162105 0.090496223493 0.575995167791
0.612330770907 0.092170609562 0.574060072267
0.611715503186 0.094237148566 0.574994215878
0.611527330403 0.096608131378 0.585247917887
0.611850446170 0.098918501248 0.592835264286
0.612614773988 0.100869228717 0.596748495918
0.613565728481 0.102216357343 0.596057416846
0.614484472361 0.102879956341 0.592757800511
0.615340147693 0.102963221198 0.589647380335
0.616112008790 0.102551764815 0.586691322762
0.616787381547 0.101716629005 0.584191097777
0.617349257971 0.100541544498 0.584603458910
0.617796694928 0.099098938624 0.583950268643
0.618073085298 0.097512718056 0.584908899405
0.618192695483 0.095855220894 0.586633478045
0.618203914683 0.094259734002 0.587506486518
0.618197995550 0.092836255744 0.587433267381
0.618230088697 0.091615341993 0.586957903808
0.618354458358 0.090614424339 0.586068630378
0.618620188079 0.089837784459 0.584785656542
0.619066904910 0.089277432277 0.583829368713
0.619720237591 0.088853453992 0.584160521412
0.620552551495 0.088500578942 0.582302185753
0.621588776147 0.088224934850 0.582456652101
0.622797137570 0.087986371407 0.582322667843
0.624109169413 0.087741991028 0.582128787691
0.625477458643 0.087483144428 0.580850385146
0.626878066379 0.087266400408 0.581083627306
0.628195226962 0.087092209421 0.581201242049
0.629374620883 0.086953296616 0.581284397547
0.630365789618 0.086837380741 0.581213872630
0.631066622120 0.086706516976 0.581213872630
0.631504196564 0.086562009566 0.582771030413
0.631620485702 0.086443720563 0.582771030413
0.631445700765 0.086349209002 0.582771030413
0.631007152439 0.086276265092 0.582605392004
0.630391288551 0.086257211121 0.582605392004
0.629614405484 0.086287109727 0.582270311648
0.628759044972 0.086388936479 0.581809818008
0.627903333861 0.086574797843 0.581274012419
0.627118960585 0.086846289095 0.581083627306
0.626462804751 0.087115032427 0.581083627306
0.625922829281 0.087381388110 0.580960247526
0.625551527971 0.087644592716 0.581644855063
0.625309999505 0.087833598322 0.581896557837
0.625240285968 0.087958051298 0.581896557837
0.625326432372 0.088023943899 0.581896557837
0.625554008545 0.088036697347 0.581644855063
0.625855310318 0.087998436464 0.581644855063
0.626223630990 0.087913853826 0.581644855063
0.626652903941 0.087787194366 0.581379633341
0.627078958514 0.087619467595 0.581379633341
0.627502251780 0.087414407925 0.581201242049
0.627871462617 0.087249886072 0.581201242049
0.628191730188 0.087122091420 0.581201242049
0.628467702081 0.087027577743 0.581284397547
0.628633063236 0.086953103408 0.581284397547
0.628698142563 0.086896784662 0.581284397547
0.628672279496 0.086856918075 0.581284397547
0.628563918543 0.086831963337 0.581284397547
0.628380694831 0.086820527670 0.581201242049
0.628201365522 0.086831680823 0.581201242049
0.628025505355 0.086863328012 0.581201242049
0.627852730009 0.086913575259 0.581201242049
0.627682692187 0.086980710184 0.581201242049
0.627515078068 0.087063184636 0.581201242049
0.627349604105 0.087159598964 0.581083627306
0.627258967278 0.087272617089 0.581083627306
0.627236156807 0.087400730117 0.581083627306
0.627274835690 0.087542573998 0.581083627306
0.627369276086 0.087696915640 0.581379633341
0.627495746707 0.087778724459 0.581095578088
0.627586349839 0.087789605954 0.581095578088
0.627644465864 0.087736195400 0.581095578088
0.627673149881 0.087624489446 0.581095578088
0.627675162944 0.087459907469 0.581201242049
0.627662413143 0.087333972018 0.581201242049
0.627636277595 0.087243026061 0.581201242049
0.627598000799 0.087183764885 0.581201242049
0.627548707382 0.087153202220 0.581201242049
0.627489413634 0.087148639612 0.581201242049
0.627421037921 0.087167638739 0.581083627306
0.627421387107 0.087212142494 0.581083627306
0.627484009235 0.087279772363 0.581201242049
0.627525583819 0.087364204881 0.581201242049
0.627548099403 0.087463888966 0.581201242049
0.627553352591 0.087577423173 0.581095578088
0.627533190738 0.087613559105 0.581095578088
0.627489996158 0.087579588591 0.581095578088
0.627425921093 0.087482098873 0.581083627306
0.627431846801 0.087422154277 0.581083627306
0.627501183602 0.087396204343 0.581201242049
0.627548411109 0.087396755648 0.581201242049
0.627575624722 0.087421313397 0.581201242049
0.627584717213 0.087467624016 0.581201242049
0.627577398291 0.087533651859 0.581201242049
0.627555212286 0.087617558166 0.581095578088
0.627509456920 0.087624750296 0.581095578088
0.627442341555 0.087562471861 0.581095578088
0.627355861732 0.087437265037 0.581083627306
0.627343634243 0.087353218366 0.581083627306
0.627398640559 0.087306422342 0.581083627306
0.627514542166 0.087293346147 0.581201242049
0.627603255247 0.087306364628 0.581201242049
0.627667373457 0.087343016055 0.581201242049
0.627709239067 0.087401077245 0.581201242049
0.627730967306 0.087478540477 0.581201242049
0.627734468332 0.087573592625 0.581095578088
0.627711024605 0.087588491981 0.581095578088
0.627663179140 0.087530834119 0.581201242049
0.627603732667 0.087504136284 0.581201242049
0.627533767066 0.087505460134 0.581201242049
0.627454259278 0.087532152441 0.581201242049
0.627366091479 0.087581817456 0.581379633341
0.627333835434 0.087560444107 0.581379633341
0.627352181665 0.087474764942 0.581083627306
0.627437792696 0.087427833572 0.581201242049
0.627498473376 0.087411340203 0.581201242049
0.627536604258 0.087422393432 0.581201242049
0.627554334629 0.087458382731 0.581201242049
0.627553604954 0.087516951193 0.581201242049
0.627536167140 0.087595970916 0.581095578088
0.627492730996 0.087593480225 0.581095578088
0.627425754295 0.087517227280 0.581083627306
0.627435933916 0.087479499835 0.581201242049
0.627428155122 0.087471900447 0.581083627306
