0.761667606064 0.228341483693 0.424917699983
0.756687975627 0.223616056033 0.437966626442
0.752007919012 0.224478412307 0.430893500369
0.747403796650 0.227031999340 0.409889528013
0.742686831463 0.230493743522 0.380998590312
0.737884892228 0.234457461208 0.347334644663
0.733035381423 0.238659510381 0.318087549722
0.728120663185 0.243093872479 0.281151781947
0.723142800596 0.247723964666 0.237741321903
0.718146483767 0.252512748448 0.188101001547
0.713061338386 0.257434497701 0.136940556055
0.708069784383 0.262236505878 0.156516765569
0.705032293378 0.265353058882 0.196056589273
0.703774394694 0.266830386561 0.220207337939
0.703795838325 0.267034846628 0.220207337939
0.704782902568 0.266265928329 0.205642525705
0.706525383376 0.264752608867 0.186724075711
0.708862263493 0.262687782450 0.160556947708
0.711606542183 0.260245209695 0.135161451864
0.714329105487 0.257802609741 0.135270990618
0.716540737556 0.255818483256 0.156779313673
0.717872529149 0.254691366935 0.168351087384
0.718388210439 0.254382305213 0.172603951580
0.718179447166 0.254779692215 0.172603951580
0.717343731600 0.255787654673 0.160650631307
0.715992687524 0.257282785415 0.143760967601
0.714329806190 0.259051680170 0.133206857574
0.712716946812 0.260758806815 0.136886531310
0.711566760222 0.262057696293 0.143875830023
0.711021087785 0.262840706593 0.153598887761
0.711155565911 0.263052739983 0.150615390326
0.711872690798 0.262806855727 0.150615390326
0.713104670453 0.262148113749 0.139664154476
0.714622854864 0.261283022729 0.134530382281
0.716212218027 0.260379066288 0.133661845083
0.717601240307 0.259692390635 0.137082298542
0.718595159704 0.259385955751 0.139250609427
0.719178349118 0.259494900392 0.141835814651
0.719341703153 0.260045122219 0.138270563588
0.719267088593 0.260902561799 0.136556146960
0.719138552282 0.261931402524 0.136877199109
0.719138927651 0.262992228817 0.139329545640
0.719441102077 0.263942173059 0.143911285101
0.720194228355 0.264638138775 0.148649897381
0.721429766772 0.264956334481 0.146873883426
0.723006447251 0.264950804810 0.143828957714
0.724681949620 0.264723321546 0.142697131418
0.726333368793 0.264348326271 0.143444724259
0.727609418910 0.264201348972 0.144740922475
0.728444184970 0.264332941304 0.146432896431
0.728789877548 0.264788232049 0.143511193899
0.728703275661 0.265459211131 0.143511193899
0.728225089131 0.266327319876 0.139418381442
0.727588266016 0.267082089787 0.139600784500
0.727046585223 0.267372858920 0.139600784500
0.726591702289 0.267243300473 0.142094712620
0.726340453058 0.266607981069 0.142094712620
0.726275212426 0.265518334036 0.141569938232
0.726104685862 0.264506876357 0.143444724259
0.725711923063 0.263794490181 0.143444724259
0.725116353181 0.263354656225 0.144585907430
0.724317920183 0.263305684728 0.142893936334
0.723435899196 0.263550448772 0.141529140954
0.722582560032 0.264000463588 0.141956087923
0.722041253450 0.264355422524 0.141956087923
0.721783980355 0.264623716741 0.146873883426
0.722083185921 0.264533942331 0.141956087923
0.722588070431 0.264398270872 0.141956087923
0.723280482992 0.264220591972 0.141824588195
0.724022318432 0.264063542821 0.142008265605
0.724684108632 0.263991609097 0.142008265605
0.725273198743 0.263997331552 0.142539499408
0.725669895632 0.264147235739 0.142539499408
0.725891376297 0.264428668913 0.143444724259
0.725830983072 0.264908592727 0.141569938232
0.725652876923 0.265318503710 0.141921979831
0.725504554414 0.265570588838 0.142807138918
0.725543065523 0.265389247747 0.141921979831
0.725591177210 0.265104824037 0.141921979831
0.725648069567 0.264726327984 0.141921979831
0.725712998207 0.264261936641 0.143444724259
0.725499488117 0.264076038320 0.142539499408
0.725160720847 0.264060890667 0.142539499408
0.724707761508 0.264201163991 0.142008265605
0.724285880203 0.264404580791 0.142008265605
0.723892096188 0.264665612281 0.142697131418
0.723700284650 0.264690136883 0.143828957714
0.723843662603 0.264429233198 0.142008265605
0.723961515362 0.264271072875 0.142008265605
0.724056183282 0.264206368449 0.142008265605
0.724129788169 0.264226700134 0.142008265605
0.724184253537 0.264324435316 0.142008265605
0.724221323002 0.264492655433 0.142008265605
0.724242576991 0.264725089582 0.142697131418
0.724433511294 0.264714551250 0.142697131418
0.724778728675 0.264483385339 0.142539499408
0.724933975613 0.264439184917 0.142539499408
0.724916640149 0.264564863331 0.142539499408
0.724742469244 0.264844947152 0.141921979831
0.724599706598 0.264963926219 0.142697131418
0.724647433262 0.264844563120 0.142697131418
0.724868186320 0.264508871681 0.142539499408
0.724906250352 0.264374781221 0.142539499408
0.724778398795 0.264423726248 0.142539499408
0.724499815361 0.264638901930 0.142697131418
0.724428827545 0.264601498032 0.142697131418
0.724546269982 0.264334980521 0.142008265605
0.724639355349 0.264179345826 0.142008265605
0.724710344139 0.264124391492 0.142539499408
0.724607771760 0.264249367387 0.142008265605
0.724501698789 0.264448911137 0.142008265605
0.724392400905 0.264716268778 0.142697131418
0.724480321876 0.264718777165 0.142697131418
0.724747205476 0.264481196159 0.142539499408
0.724817999190 0.264444766287 0.142539499408
0.724710896070 0.264590819095 0.142539499408
0.724442352495 0.264902468974 0.142697131418
0.724390189658 0.264940344580 0.142697131418
0.724534252837 0.264730141965 0.142697131418
0.724856316208 0.264295088181 0.142539499408
0.724972879574 0.264084262525 0.142539499408
0.724903102192 0.264076711835 0.142539499408
0.724664308977 0.264253490115 0.142008265605
0.724434439581 0.264504191138 0.142008265605
0.724212582980 0.264822068658 0.142697131418
0.724208703798 0.264858175783 0.142697131418
0.724402408758 0.264639093145 0.142697131418
0.724775263331 0.264188838178 0.142539499408
0.724932231512 0.263969710135 0.142539499408
0.724893549794 0.263960008384 0.142539499408
0.724677510500 0.264140118131 0.142008265605
0.724467832547 0.264396378570 0.142008265605
0.724263850195 0.264721800867 0.142697131418
0.724281991525 0.264757632105 0.142697131418
0.724501386576 0.264531312275 0.142008265605
0.724684955996 0.264421648878 0.142008265605
0.724836093022 0.264417737491 0.142539499408
0.724786709643 0.264607768414 0.141921979831
0.724759446888 0.264623385904 0.141921979831
0.724752237005 0.264480941204 0.142539499408
0.724557812617 0.264547869917 0.142008265605
0.724367174573 0.264705129507 0.142697131418
0.724404069078 0.264581194690 0.142008265605
0.724422302953 0.264566666720 0.142008265605
0.724423622866 0.264651308693 0.142697131418
0.724636019578 0.264459218179 0.142008265605
0.724812625003 0.264384093550 0.142539499408
0.724779557497 0.264516313859 0.142539499408
0.724556603487 0.264836323081 0.142697131418
0.724569278867 0.264853308663 0.142697131418
0.724795271028 0.264596195123 0.141921979831
0.725017517899 0.264201567540 0.142539499408
0.725022627578 0.264048258382 0.142539499408
0.724831145206 0.264113376551 0.142539499408
0.724461626773 0.264376248268 0.142008265605
0.724112218486 0.264714626407 0.142697131418
0.724015479687 0.264742593241 0.142697131418
0.724147387972 0.264489862729 0.142008265605
0.724250682741 0.264363479624 0.142008265605
0.724328081916 0.264351515002 0.142008265605
0.724382041046 0.264443192652 0.142008265605
0.724414778583 0.264628777865 0.142697131418
0.724667112497 0.264513959152 0.142008265605
0.724878881607 0.264513665266 0.142539499408
0.724867075560 0.264723542407 0.141921979831
0.724875351247 0.264743709285 0.141921979831
0.724901821327 0.264592151725 0.141921979831
0.724944780898 0.264285111264 0.142539499408
0.724778083515 0.264220572583 0.142539499408
0.724421643186 0.264375422126 0.142008265605
0.724083396779 0.264620637168 0.142697131418
0.724007068156 0.264552439481 0.142008265605
0.723921635705 0.264596843041 0.142697131418
0.724074704955 0.264346055540 0.142008265605
0.724196285036 0.264226177107 0.142008265605
0.724289382949 0.264224786234 0.142008265605
0.724356714412 0.264330665903 0.142008265605
0.724400732033 0.264533686930 0.142008265605
0.724423650763 0.264824702583 0.142697131418
0.724678610419 0.264791399673 0.142697131418
0.725143453716 0.264465051113 0.142539499408
0.725349718128 0.264390496767 0.142539499408
0.725322161396 0.264543640865 0.142539499408
0.725083128712 0.264902736364 0.141921979831
0.724887340400 0.265048851308 0.141921979831
0.724730649037 0.265002325560 0.141921979831
0.724609309700 0.264781518987 0.142697131418
0.724739068048 0.264281075244 0.142539499408
0.724639053195 0.264053209991 0.142008265605
0.724531475622 0.263958151951 0.142008265605
0.724417023350 0.263983254521 0.142008265605
0.724296317643 0.264117100660 0.142008265605
0.724169919481 0.264349383471 0.142008265605
0.724038335411 0.264670798347 0.142697131418
0.724163414634 0.264653847172 0.142697131418
0.724520511329 0.264331291324 0.142008265605
0.724825171867 0.264152705880 0.142539499408
0.724877709617 0.264220183535 0.142539499408
0.724702332316 0.264510108244 0.142008265605
0.724526301487 0.264885005858 0.142697131418
