0.761670425690 0.638332486580 0.738958604541
0.757282371493 0.643269620839 0.714873930336
0.753572325711 0.646960348158 0.714025676245
0.750059700530 0.650436279084 0.700338532683
0.746142614949 0.654154031075 0.681888316333
0.742193308892 0.657405724755 0.681179365606
0.738531651500 0.660298701622 0.675069883506
0.734945201938 0.663375039773 0.664573345953
0.731615860742 0.666444451560 0.663636248553
0.728772231506 0.669182539979 0.662852601906
0.726106490794 0.671878306803 0.655033469235
0.723294226122 0.674853754956 0.644458809729
0.720410898382 0.677946571269 0.639975968596
0.717722339997 0.680737780104 0.640831581767
0.715294328749 0.683185811862 0.639964749083
0.712945502760 0.685605117204 0.634225594981
0.710423108289 0.688222851402 0.626839922528
0.707652366916 0.690825363213 0.626579189576
0.705028835866 0.692169961998 0.642952845552
0.703183397214 0.691687484062 0.657568686220
0.702377976893 0.689946985111 0.652609887134
0.702441757067 0.687419848264 0.645370289553
0.703201485084 0.684436980291 0.638713825918
0.704490687156 0.681223949570 0.629726909054
0.705941482787 0.678156152941 0.628151907573
0.707273082551 0.675485992905 0.632753380211
0.708168873406 0.673386899121 0.635255551277
0.708528831874 0.671776802491 0.639800709556
0.708409437945 0.670517223793 0.641263871082
0.707860254377 0.669521531395 0.642085989842
0.706834222419 0.668730422241 0.643484198317
0.705301498056 0.668072837744 0.645521357237
0.703254275763 0.667470953253 0.646026508469
0.700567002079 0.666839388801 0.651063877920
0.697306783880 0.666051654675 0.661279955264
0.693675142307 0.664960548343 0.669499058937
0.689920891681 0.663685706867 0.672617643397
0.686403533620 0.662686660184 0.662036872047
0.683341187566 0.662583276575 0.645737026236
0.680652090305 0.663579816924 0.624600971869
0.678019280722 0.665602819744 0.607330965161
0.675170995197 0.668426772937 0.584637803981
0.672310148644 0.671579877970 0.581262757491
0.670609227081 0.674395621757 0.600484061022
0.670958697043 0.676406278230 0.615568466054
0.672897663358 0.677443725938 0.611944172747
0.675830121819 0.677510385845 0.597400881270
0.679226794323 0.677063798823 0.595533957117
0.682456809094 0.677072011599 0.610574808942
0.685137604823 0.678064627692 0.631751330896
0.687141716255 0.680008214934 0.642408884131
0.688535380979 0.682638388130 0.645109925514
0.689461576832 0.685784587624 0.647812354208
0.690224365415 0.689343891146 0.656892680619
0.691295133663 0.693296169299 0.673809863940
0.692861272252 0.697592766820 0.696267786229
0.694518446333 0.701960492349 0.700074583895
0.695920330229 0.706146525708 0.698114361525
0.697065305536 0.709850115723 0.696324555635
0.698207660867 0.712879617383 0.695101194862
0.699393867894 0.715093556922 0.692273737504
0.700548188465 0.716436218536 0.681520994202
0.701686034414 0.716865358335 0.675254351864
0.702827150307 0.716441624447 0.668667897047
0.703982079991 0.715242643271 0.661528993449
0.705081098047 0.713365156880 0.655332588406
0.705959689706 0.710941461943 0.652171530094
0.706513330450 0.708105126164 0.649338440230
0.706915905885 0.704920994824 0.648974539224
0.707440152980 0.701359732351 0.636908388827
0.708346451828 0.697468620393 0.624581035862
0.709434010508 0.693459616499 0.620500060052
0.710273861773 0.689646777267 0.625218314437
0.710664942775 0.686272396649 0.629847950079
0.710707197445 0.683354295542 0.633222847614
0.710546237370 0.680895228080 0.635305551439
0.710269748912 0.678882671404 0.636420479062
0.709888038440 0.677280771063 0.635128037691
0.709392471518 0.676071480040 0.635830844074
0.708766366495 0.675214909593 0.634723090714
0.707971652709 0.674683760925 0.633891503338
0.706958084045 0.674435612948 0.632091887446
0.705732776954 0.674421025551 0.630580889221
0.704316098352 0.674570425151 0.629554264219
0.702740869777 0.674796546095 0.629636023649
0.701091678828 0.674889234516 0.633265873853
0.699480559518 0.674624934808 0.636443231113
0.697959847139 0.673930439145 0.644983712645
0.696536279736 0.672725019149 0.649872811601
0.695174925941 0.671054501315 0.659450067250
0.693842745801 0.669039325683 0.664205986428
0.692458331550 0.666823005629 0.670302632688
0.691046008009 0.664631761365 0.672454625406
0.689608343185 0.662627110589 0.671427893232
0.688294471903 0.661064456543 0.668492308376
0.687204296043 0.660075456370 0.664198473013
0.686405231772 0.659722821903 0.659732874544
0.685926491599 0.660016066416 0.659732874544
0.685738239748 0.660887507967 0.655758334794
0.685819810824 0.662329555738 0.661430218506
0.686075397606 0.664190137314 0.662419755322
0.686373695344 0.666411638973 0.661935060460
0.686486702333 0.669000596021 0.660144752682
0.686279703661 0.671987638114 0.655455691173
0.685595609945 0.675458021750 0.638750939085
0.684334704264 0.679544366658 0.622211213288
0.682800240054 0.684080093451 0.611442062510
0.681762699838 0.688468162651 0.618637535632
0.681472046679 0.692368111759 0.629202393159
0.681947825481 0.695862942756 0.642858148732
0.683299197811 0.699231020552 0.656597233563
0.685482911665 0.702615002842 0.676988820444
0.688227551549 0.706016052927 0.691566685067
0.691217502048 0.709297965409 0.702111795663
0.694392689301 0.712296300020 0.705856554256
0.697630851240 0.714821490041 0.696472652641
0.700702898313 0.716548988439 0.681520994202
0.703588802026 0.717335122791 0.662660035374
0.706419831091 0.717200703840 0.643359117425
0.709175570212 0.716358069316 0.629297796402
0.711612734518 0.715211681714 0.625846790904
0.713598371346 0.714062690727 0.626938789139
0.715116105953 0.713138236504 0.631006436064
0.716241388264 0.712553842103 0.633978491765
0.717060889567 0.712303917312 0.636243293255
0.717617185085 0.712367508863 0.636243293255
0.717935040185 0.712714870784 0.638505855445
0.718048997414 0.713308221931 0.637805482407
0.717957595040 0.714131969067 0.637044822145
0.717668884606 0.715175934073 0.633743358275
0.717169928623 0.716441452500 0.632854688964
0.716486880419 0.717920171760 0.628571020917
0.715672246280 0.719578137405 0.625670052540
0.714800775689 0.721324590707 0.623903357963
0.714059237160 0.722999219937 0.624751396723
0.713568838380 0.724542123618 0.626102443077
0.713431546019 0.725786888188 0.628600825016
0.713670566251 0.726704222772 0.629954498233
0.714256702034 0.727306993469 0.628761058398
0.715120533246 0.727763558178 0.629697037023
0.716206800173 0.728197523671 0.630311461865
0.717439956636 0.728728502896 0.632457936353
0.718753785455 0.729412623818 0.634296920318
0.720059706895 0.730311572591 0.639052872144
0.721166933571 0.731447295956 0.640913052780
0.721979971766 0.732767443971 0.641068132838
0.722421428526 0.734179442774 0.640043392719
0.722543109239 0.735634243122 0.638291420873
0.722447646415 0.737059335538 0.637644768120
0.722205181368 0.738434474773 0.636908301754
0.721934586008 0.739748835814 0.636809247397
0.721684585881 0.741018107359 0.636347928953
0.721436221723 0.742201293960 0.636272997239
0.721189951858 0.743335893363 0.636028531237
0.720912239319 0.744512205056 0.635781875421
0.720574096950 0.745778068918 0.633914577633
0.720041877930 0.747076129664 0.633062284584
0.719298893258 0.748444881673 0.629740132714
0.718286864133 0.749783513090 0.628496351727
0.717068146247 0.750907482934 0.629043585660
0.715784800101 0.751602741653 0.636701745392
0.714741434268 0.751458874778 0.642778800408
0.714040313663 0.750412174964 0.642095627338
0.713568512813 0.748629411792 0.646811544118
0.713370725013 0.746254044867 0.645451790539
0.713369996794 0.743528403818 0.643798311160
0.713524064864 0.740741035724 0.642222494251
0.713820949370 0.738071695983 0.640566063370
0.714261344422 0.735567725385 0.638626535308
0.714880624144 0.733222107735 0.635962512949
0.715745294902 0.730990615826 0.633172707440
0.716868315135 0.728943968152 0.631264582211
0.718174249312 0.727211937887 0.633495755982
0.719460902633 0.726024917465 0.636260972923
0.720659357581 0.725413439060 0.639609343835
0.721752018220 0.725352694748 0.643063396944
0.722743942219 0.725771309228 0.646255458780
0.723596041435 0.726581539637 0.649147073935
0.724326747207 0.727686924241 0.650811663911
0.724775070861 0.728999928358 0.652033288571
0.724886166312 0.730447908007 0.650937265935
0.724610534148 0.732026263810 0.646119654198
0.723906566963 0.733734666395 0.643162930706
0.722838476799 0.735528482321 0.639295212415
0.721595156470 0.737316696372 0.637182554447
0.720350535460 0.738971804847 0.636678317505
0.719173989520 0.740431257417 0.636622748287
0.718011489574 0.741678570171 0.636801140715
0.716797274793 0.742699505325 0.638278162457
0.715527541172 0.743424135181 0.639401765078
0.714250134584 0.743797533300 0.641483861515
0.713098322148 0.743813814132 0.643798311160
0.712223875143 0.743480121948 0.646261536433
0.711782508652 0.742814818786 0.647194806749
0.711860714493 0.741921665034 0.645784064220
0.712344031377 0.740884407404 0.643362041192
0.713039997710 0.739777342916 0.641684781276
0.713839957666 0.738650325973 0.641134683078
0.714738898416 0.737525815206 0.639922274487
0.715724928860 0.736420252175 0.638770278270
