0.095003830562 0.638331397724 0.539291140154
0.090063277025 0.643299202268 0.531268689749
0.086393146774 0.644681122632 0.546121286354
0.084900882677 0.643378520298 0.549183157195
0.084650553957 0.640945884113 0.546988616667
0.084921607796 0.637992532612 0.546136816447
0.085182110954 0.634959272606 0.547094547081
0.084780850938 0.632129041057 0.550892786910
0.083155532110 0.629501774659 0.555997681966
0.080448240985 0.627242925787 0.564132545287
0.077048225330 0.625916522933 0.557367519200
0.073382143234 0.626014193310 0.538281161900
0.070213313383 0.627196858309 0.527604229397
0.067765232485 0.628855769767 0.524505148977
0.065641543292 0.630427279522 0.524549103112
0.063376913839 0.631600981735 0.526548704164
0.060972910168 0.632212794127 0.533151440070
0.058800159593 0.632201799437 0.538459872256
0.057021188842 0.631567743913 0.544597130819
0.055694709912 0.630313243465 0.547144819665
0.054547745761 0.628481921881 0.550843699631
0.053481267551 0.626122316714 0.558284875730
0.052747034320 0.623351534727 0.554274471719
0.052948549214 0.620337375504 0.544963547019
0.054429533980 0.617229988542 0.530038222275
0.056941516650 0.614103427237 0.514906351326
0.059841724283 0.611121427309 0.516170799494
0.061730784633 0.608806627270 0.535097697987
0.061809331990 0.607556378948 0.540893892649
0.060561684252 0.607283098195 0.536510778937
0.058361139726 0.607820562083 0.524731714335
0.055518010554 0.608915192775 0.514860884329
0.052383108784 0.610331098069 0.507133106416
0.049786224071 0.611763032893 0.507940658843
0.048062350518 0.613187653728 0.514573084878
0.047449440949 0.614614691441 0.518698357559
0.047862012624 0.616088296726 0.529748648582
0.049155413207 0.617467485376 0.535003139873
0.051182175992 0.618672131540 0.538871893899
0.053793028899 0.619573845129 0.538826931999
0.056795020799 0.619975631890 0.533967997893
0.059973009415 0.619677936001 0.522532234946
0.063203815226 0.618651960107 0.508168828509
0.066254822050 0.617140211008 0.499666929088
0.068812591583 0.615576189087 0.503883305062
0.070468231606 0.614159640399 0.508652477775
0.071230338522 0.612979906493 0.513692674807
0.071111202449 0.611954852612 0.519173001056
0.070052361689 0.610915208699 0.526933166121
0.067999739170 0.609753324346 0.545031302971
0.065044533865 0.608832171143 0.546606949614
0.061484585400 0.608664124254 0.535097697987
0.057548900750 0.609307949443 0.516800928775
0.053580402031 0.610392752741 0.508730330476
0.050003390090 0.611548350315 0.507940658843
0.047198205920 0.612728873366 0.508817719948
0.045334192024 0.614090897382 0.515754167781
0.044438505996 0.615723556767 0.519240011553
0.044425455233 0.617679485858 0.530814408855
0.045175524518 0.619881855698 0.549006046952
0.046524990724 0.622155715782 0.559667505578
0.048319006742 0.624347694570 0.567045881761
0.050350284197 0.626136589204 0.567943697237
0.052381376737 0.627199592225 0.562431368602
0.054283541165 0.627411536432 0.554836861851
0.056023098191 0.626826743254 0.547126227562
0.057607178583 0.625558276384 0.539448768034
0.059109838681 0.623707351254 0.533930758741
0.060641873901 0.621288783160 0.520452417544
0.062306971440 0.618340672780 0.508168828509
0.063911227036 0.615089956292 0.507991940706
0.065036011216 0.611893795006 0.519937386962
0.065245200670 0.609153599232 0.542075070041
0.064402813816 0.607111873110 0.553523235307
0.062755586033 0.605997800383 0.557119544559
0.060558203147 0.605880251969 0.547961133733
0.057855141033 0.606611799314 0.529854570234
0.054734065603 0.607957133723 0.515624836414
0.051461343677 0.609671455475 0.504895586078
0.048623531228 0.611505598396 0.505929577166
0.046583295177 0.613425054685 0.512196827768
0.045436814270 0.615478279128 0.521376607239
0.045144467465 0.617679468308 0.532698294654
0.045607192283 0.619967929715 0.549006046952
0.046680186617 0.622302264781 0.559667505578
0.048210379570 0.624537883995 0.569899617685
0.049922930237 0.626321735485 0.567943697237
0.051656842107 0.627412530603 0.562431368602
0.053284456783 0.627691247104 0.558822086389
0.054762927574 0.627189019385 0.550957473651
0.056106109755 0.626011398218 0.546978537747
0.057357388922 0.624241975391 0.541868661804
0.058626408731 0.621931779774 0.530829030769
0.060021650055 0.619098265769 0.520366676173
0.061570290719 0.615866124239 0.510350427738
0.062963672808 0.612548928446 0.517903318714
0.063668069462 0.609768812695 0.536515582267
0.063436871377 0.607868472565 0.549585204902
0.062383545118 0.606928467850 0.551379595336
0.060667007777 0.606920270572 0.542226541256
0.058384636418 0.607719403643 0.528356208400
0.055680033032 0.609113947118 0.512330020323
0.052979163786 0.610711887797 0.507912211019
0.050630717311 0.612297481454 0.511439905612
0.048945699432 0.613739120632 0.515075243916
0.048008424529 0.615098771741 0.524494253609
0.047840288476 0.616387119869 0.529748648582
0.048375262953 0.617589143486 0.535087340216
0.049542328624 0.618695906476 0.545375845821
0.051234054104 0.619610963171 0.543750882855
0.053360477432 0.620223239701 0.544963547019
0.055778104809 0.620394737770 0.537242473516
0.058362150560 0.619969150188 0.530383436833
0.061030945762 0.618896065774 0.516553359292
0.063675718580 0.617228120148 0.505205286481
0.066003294638 0.615266075671 0.505587359564
0.067654125605 0.613302048266 0.514294943526
0.068325222675 0.611477415129 0.528465649281
0.067905800869 0.609761604943 0.545031302971
0.066487459376 0.608337546150 0.551914254968
0.064257267952 0.607408264536 0.553523235307
0.061438164137 0.607270510848 0.540893892649
0.058196533951 0.607972562529 0.524731714335
0.054700086849 0.609245784299 0.510585425193
0.051364831114 0.610695429424 0.506279352317
0.048573571018 0.612178663633 0.510056995595
0.046593153631 0.613708082036 0.512196827768
0.045451633288 0.615407439235 0.521376607239
0.045115724201 0.617287335335 0.532698294654
0.045496967781 0.619282723985 0.543742571415
0.046488274696 0.621356674815 0.555048037540
0.047958072646 0.623368781999 0.563653526510
0.049723323567 0.625048244007 0.566249351204
0.051554993072 0.626111117386 0.565052787286
0.053346078024 0.626476342850 0.558691168712
0.054994473320 0.626078597776 0.550803533932
0.056519767202 0.624999442625 0.542698062869
0.057976334399 0.623304083942 0.536630046643
0.059474942026 0.621026783914 0.524647157311
0.061082584196 0.618205066457 0.514855850782
0.062727599327 0.615035480731 0.509356542550
0.064016053838 0.611915356313 0.519015889923
0.064559490033 0.609290864670 0.539549323961
0.064175419014 0.607454805706 0.549585204902
0.063040528767 0.606581406317 0.551379595336
0.061296662321 0.606646126895 0.546778558369
0.059021083171 0.607548346136 0.528356208400
0.056357450531 0.609050560477 0.512330020323
0.053711376710 0.610751410273 0.508730330476
0.051345276952 0.612447940190 0.511439905612
0.049618155644 0.613987819382 0.519612478918
0.048628700736 0.615335508464 0.524494253609
0.048372741971 0.616612197868 0.529748648582
0.048789678970 0.617802568530 0.540247602633
0.049796619090 0.618811107903 0.544734960584
0.051296497481 0.619568515679 0.543750882855
0.053220756035 0.620035646283 0.544963547019
0.055431169574 0.620072755521 0.540174091221
0.057838935914 0.619587170442 0.527622713721
0.060359243166 0.618508912385 0.514855850782
0.062823953962 0.616899085503 0.507819102897
0.065049963300 0.614939727992 0.506715241827
0.066694747038 0.612943405979 0.514518829111
0.067437496391 0.611107525757 0.528578705608
0.067148045837 0.609475226501 0.545031302971
0.065885898871 0.608129386480 0.549619569685
0.063870041346 0.607427398998 0.549585204902
0.061300229415 0.607581094467 0.540893892649
0.058300196039 0.608550218923 0.520323158446
0.055128053953 0.609999719201 0.509695778894
0.052224764720 0.611509472048 0.508842652240
0.049860918888 0.612930185188 0.515211453767
0.048229527271 0.614209166531 0.519409592498
0.047352970688 0.615455874234 0.523954032853
0.047196512775 0.616727898744 0.529335018534
0.047696499114 0.617997845399 0.540418467471
0.048770312340 0.619148402000 0.545375845821
0.050328405500 0.620098328189 0.549488278065
0.052269793033 0.620767514828 0.550757368343
0.054451368582 0.620998853861 0.546178134787
0.056789438188 0.620695328992 0.536650428810
0.059188952149 0.619717603377 0.526544428251
0.061634849205 0.618085767349 0.511453696134
0.063972434148 0.615976465352 0.506140086399
0.065916545689 0.613698529656 0.514634975675
0.067004701080 0.611632328954 0.528192233727
0.067088829341 0.609890346832 0.543941679361
0.066222147408 0.608607864825 0.551914254968
0.064532340397 0.607815923483 0.553523235307
0.062234226832 0.607818299958 0.540893892649
0.059491177828 0.608668454360 0.527184963851
0.056466357408 0.610147983233 0.512416338792
0.053572460055 0.611804106291 0.509453729064
0.051105281786 0.613370896557 0.515065347943
0.049339839931 0.614735373235 0.519690693798
0.048307739714 0.615984045116 0.529748648582
0.047996041815 0.617149720924 0.535087340216
0.048335402212 0.618222402718 0.540418467471
0.049252625284 0.619194630875 0.545375845821
0.050658599821 0.619981989330 0.548332729905
