0.761667464024 0.771664251047 0.696376970307
0.756951513862 0.776635463414 0.683205004933
0.754163385046 0.781627543052 0.689383128712
0.752767381358 0.786527005444 0.689630007707
0.751289549641 0.791076160588 0.683907651944
0.749743450064 0.794524391720 0.685161500731
0.748435349546 0.796821712100 0.686273842263
0.747328066910 0.799031907023 0.684862054349
0.746158446928 0.801779445807 0.679107872432
0.744669140829 0.805186304447 0.667638546286
0.742895378926 0.809004075621 0.660950789044
0.741296848145 0.812670113852 0.661724171443
0.739897440270 0.815840607250 0.661392761466
0.738409462887 0.818740252362 0.657753568777
0.736679479914 0.821561028744 0.653037228099
0.734911340493 0.824400182633 0.651348673546
0.733484116239 0.827275987926 0.652987880436
0.732505973835 0.830288835696 0.653711463110
0.731720633520 0.833620280561 0.650565338200
0.730708337251 0.837335324153 0.641433081699
0.729160640474 0.841323332737 0.630192233367
0.727327292545 0.845314853598 0.625664077172
0.725610641088 0.849024663923 0.626969529745
0.724123400180 0.852020600849 0.628439907425
0.722658404800 0.854022447339 0.632726820067
0.720984685461 0.854525010049 0.635458081559
0.718994243772 0.853717973516 0.645556924334
0.716976723469 0.851933782700 0.651668245450
0.715605936316 0.849737346672 0.649676408848
0.715317868580 0.847678727598 0.643162020605
0.716076647527 0.845754469602 0.635905901703
0.717640501875 0.843856492014 0.629634119875
0.719678551501 0.841987470162 0.625471077198
0.721791973310 0.840218936931 0.625115927561
0.723611368643 0.838710565575 0.626205354192
0.725041636144 0.837515758600 0.630187328939
0.725969063933 0.836777495348 0.631550364809
0.726419639322 0.836529871909 0.632928951037
0.726427730842 0.836745358339 0.631550364809
0.726045149358 0.837359824034 0.631550364809
0.725308277266 0.838335261160 0.628961323404
0.724305361032 0.839545966865 0.626198095733
0.723213428289 0.840849757956 0.625248891305
0.722172817284 0.842147241963 0.625134814097
0.721342597018 0.843341558520 0.625955651269
0.720894651781 0.844337442879 0.627144871903
0.720898951602 0.845061172467 0.628634312424
0.721387647466 0.845427283520 0.630321351518
0.722352892515 0.845345155035 0.628980312280
0.723624169082 0.844881752997 0.626876160187
0.725032202130 0.844233705310 0.625633762538
0.726330976033 0.843626706905 0.625674623462
0.727455048814 0.843119682817 0.626400477484
0.728291356224 0.842826438554 0.627016339309
0.728807916200 0.842778849944 0.627786491584
0.728988163135 0.843001970273 0.627786491584
0.728862236420 0.843471923823 0.627048780699
0.728567884343 0.844141122997 0.626384441188
0.728141168055 0.844930032799 0.626031257390
0.727684939020 0.845810210182 0.625960113448
0.727293174298 0.846784261879 0.625735397177
0.727006667437 0.847727249963 0.626013586382
0.726861102003 0.848678078994 0.626406996883
0.726876406391 0.849704385893 0.626875541999
0.727057016254 0.850899775886 0.627377696996
0.727392978815 0.852377974951 0.628322879558
0.727840407785 0.854428401578 0.633084627086
0.728533044753 0.857671824344 0.634738650932
0.729238437890 0.862134039904 0.640115613844
0.729440174958 0.867622732119 0.631999159666
0.729052222721 0.873498227120 0.627001115166
0.728766928464 0.879179381211 0.632546232344
0.728937160731 0.884865998876 0.636135342875
0.728992283523 0.890756675716 0.630570199823
0.728641389639 0.896566630721 0.628390906600
0.728573939386 0.901909243815 0.637903934158
0.729210327725 0.906753200126 0.646087155729
0.730118978548 0.911232601139 0.647538185284
0.730806262284 0.915414304037 0.644400203739
0.731116746441 0.919428465001 0.641929400378
0.731296361159 0.923285179100 0.642183504406
0.731582039971 0.926977787609 0.644096586050
0.732006777302 0.930431694520 0.645546853000
0.732464398161 0.933775685439 0.645658040122
0.732835621430 0.937184604110 0.646804114939
0.733113311289 0.940752196479 0.646084391802
0.733313918022 0.944486869099 0.645995193396
0.733531505235 0.948228463904 0.647675527044
0.733804817670 0.951813587961 0.648991421765
0.734200042243 0.955147872364 0.649981891691
0.734645426890 0.958315131127 0.651292087384
0.735022579377 0.961515330551 0.650668192732
0.735246537971 0.964798141813 0.649842976555
0.735380282138 0.968125616004 0.650345193214
0.735687881826 0.971390033333 0.653347941432
0.736303469386 0.974579963206 0.656137558884
0.737210992468 0.977690467803 0.659300815971
0.738076584720 0.980744304214 0.659309304613
0.738576342003 0.983758946165 0.657289300163
0.738540208517 0.986771887951 0.653471370754
0.738028473584 0.989815441859 0.649459827464
0.737325301171 0.992868287248 0.647667913447
0.736725539750 0.995916051655 0.648465537725
0.736325116933 0.998961478734 0.648034763091
0.736012292530 1.002089764416 1.000000000000
0.735729342617 1.004919304847 1.000000000000
0.735473425538 1.007478516267 1.000000000000
0.735241968658 1.009793124761 1.000000000000
0.735032643040 1.011886419491 1.000000000000
0.734843340490 1.013779482251 1.000000000000
0.734672152745 1.015491395546 1.000000000000
0.734517352617 1.017039431185 1.000000000000
0.734377376897 1.018439221202 1.000000000000
0.734250810867 1.019704912742 1.000000000000
0.734136374268 1.020849308409 1.000000000000
0.734032908577 1.021883993427 1.000000000000
0.733939365491 1.022819450847 1.000000000000
0.733854796490 1.023665165914 1.000000000000
0.733778343379 1.024429720603 1.000000000000
0.733709229730 1.025120879257 1.000000000000
0.733646753122 1.025745666136 1.000000000000
0.733590278117 1.026310435662 1.000000000000
0.733539229903 1.026820936023 1.000000000000
0.733493088531 1.027282366773 1.000000000000
0.733451383699 1.027699430980 1.000000000000
0.733413690033 1.028076382450 1.000000000000
0.733379622810 1.028417068470 1.000000000000
0.733348834089 1.028724968513 1.000000000000
0.733321009205 1.029003229270 1.000000000000
0.733295863604 1.029254696357 1.000000000000
0.733273139965 1.029481943022 1.000000000000
0.733252605607 1.029687296120 1.000000000000
0.733234050139 1.029872859622 1.000000000000
0.733217283329 1.030040535895 1.000000000000
0.733202133179 1.030192044952 1.000000000000
0.733188444185 1.030328941875 1.000000000000
0.733176075760 1.030452632580 1.000000000000
0.733164900807 1.030564388076 1.000000000000
0.733154804427 1.030665357375 1.000000000000
0.733145682756 1.030756579162 1.000000000000
0.733137441904 1.030838992357 1.000000000000
0.733129997004 1.030913445671 1.000000000000
0.733123271344 1.030980706244 1.000000000000
0.733117195587 1.031041467465 1.000000000000
0.733111707066 1.031096356043 1.000000000000
0.733106749140 1.031145938399 1.000000000000
0.733102270619 1.031190726450 1.000000000000
0.733098225242 1.031231182843 1.000000000000
0.733094571198 1.031267725678 1.000000000000
0.733091270708 1.031300732794 1.000000000000
0.733088289627 1.031330545630 1.000000000000
0.733085597104 1.031357472723 1.000000000000
0.733083165259 1.031381792876 1.000000000000
0.733080968902 1.031403758011 1.000000000000
0.733078985272 1.031423595756 1.000000000000
0.733077193801 1.031441511783 1.000000000000
0.733075575908 1.031457691921 1.000000000000
0.733074114804 1.031472304065 1.000000000000
0.733072795321 1.031485499904 1.000000000000
0.733071603757 1.031497416479 1.000000000000
0.733070527730 1.031508177600 1.000000000000
0.733069556056 1.031517895113 1.000000000000
0.733068678632 1.031526670061 1.000000000000
0.733067886332 1.031534593720 1.000000000000
0.733067170909 1.031541748545 1.000000000000
0.733066524916 1.031548209017 1.000000000000
0.733065941626 1.031554042415 1.000000000000
0.733065414962 1.031559309511 1.000000000000
0.733064939435 1.031564065197 1.000000000000
0.733064510087 1.031568359054 1.000000000000
0.733064122441 1.031572235863 1.000000000000
0.733063772452 1.031575736071 1.000000000000
0.733063456467 1.031578896208 1.000000000000
0.733063171188 1.031581749268 1.000000000000
0.733062913634 1.031584325048 1.000000000000
0.733062681115 1.031586650457 1.000000000000
0.733062471201 1.031588749798 1.000000000000
0.733062281698 1.031590645019 1.000000000000
0.733062110622 1.031592355939 1.000000000000
0.733061956186 1.031593900457 1.000000000000
0.733061816772 1.031595294735 1.000000000000
0.733061690921 1.031596553369 1.000000000000
0.733061577316 1.031597689538 1.000000000000
0.733061474766 1.031598715141 1.000000000000
0.733061382198 1.031599640926 1.000000000000
0.733061298639 1.031600476595 1.000000000000
0.733061223216 1.031601230910 1.000000000000
0.733061155136 1.031601911779 1.000000000000
0.733061093686 1.031602526347 1.000000000000
0.733061038221 1.031603081061 1.000000000000
0.733060988158 1.031603581743 1.000000000000
0.733060942972 1.031604033652 1.000000000000
0.733060902189 1.031604441531 1.000000000000
0.733060865380 1.031604809667 1.000000000000
0.733060832157 1.031605141927 1.000000000000
0.733060802173 1.031605441804 1.000000000000
0.733060775112 1.031605712450 1.000000000000
0.733060750689 1.031605956711 1.000000000000
0.733060728647 1.031606177158 1.000000000000
0.733060708754 1.031606376108 1.000000000000
