0.771634455767 0.904998298018 0.698077848784
0.768884031674 0.909643029087 0.692376626710
0.765157550471 0.914198630707 0.681406655076
0.760992562559 0.918925826947 0.671470281498
0.762238446627 0.923758025343 0.705371788946
0.765060207847 0.926572743804 0.717196106382
0.768512977712 0.926430088023 0.701365045578
0.772167485452 0.925746216595 0.696114379403
0.775986303579 0.925277922460 0.700602489549
0.780092148969 0.925269770013 0.704856736869
0.784449893832 0.925445435419 0.706577286288
0.788873334123 0.925723116120 0.710417446365
0.793131639419 0.926427726849 0.723405381590
0.797285742319 0.927723953577 0.735063225302
0.801453178618 0.929302086434 0.744890935702
0.805687669607 0.930566938045 0.739634256293
0.809933143528 0.930970471731 0.731780640176
0.814015784394 0.930709537045 0.725246843432
0.817733165331 0.930321220641 0.723311275484
0.821018738760 0.929796075704 0.718972415680
0.823969036494 0.928875238154 0.713873083726
0.826584856430 0.927620868989 0.712108869123
0.828807237246 0.926273990690 0.713562916385
0.830591763908 0.925270337389 0.716226331038
0.831966807144 0.924670846476 0.720355502933
0.833051101422 0.924510269353 0.721844519969
0.833925562352 0.924773711114 0.723378157763
0.834663521948 0.925415533537 0.724639651259
0.835283167720 0.926433947752 0.724129888921
0.835740846135 0.927844143278 0.725081028637
0.836004403605 0.929543676424 0.722219948660
0.835946040347 0.931507272474 0.717703026391
0.835482325497 0.933638199480 0.711293309600
0.834658791500 0.935805352656 0.704027088352
0.833566541168 0.937636999702 0.704305887657
0.832410587437 0.938923109657 0.704774822544
0.831293529799 0.939487638680 0.706909964208
0.830246700568 0.939422805268 0.708948844560
0.829289200822 0.938836277741 0.710790426752
0.828427619439 0.937845417847 0.712165634644
0.827691570548 0.936573837619 0.712507241430
0.827125053210 0.935110669783 0.711869124959
0.826726779227 0.933475203600 0.711663507991
0.826473562528 0.931668188755 0.710714445637
0.826293258254 0.929707787756 0.710722072951
0.826070927338 0.927644238872 0.712108869123
0.825674282425 0.925547656100 0.715702301996
0.825016953505 0.923401337592 0.719541483384
0.824025883944 0.921323269092 0.724177732096
0.822729653735 0.919453580591 0.726811078434
0.821264365229 0.918099353846 0.728031540273
0.819703964595 0.917458924245 0.723799719202
0.818136403773 0.917510348823 0.721678939182
0.816597546745 0.918146504145 0.718094333332
0.815132049901 0.919138950430 0.715951925472
0.813809336560 0.920200631902 0.715770286692
0.812675852936 0.921233155627 0.716807351518
0.811818587518 0.922241774117 0.717512133647
0.811232446547 0.923214889750 0.718368362465
0.810916403676 0.924133188611 0.719561128894
0.810889087887 0.925016286985 0.719561128894
0.811124760019 0.925867755794 0.720928781954
0.811627833233 0.926675174256 0.722485140079
0.812350586870 0.927468625530 0.723837305522
0.813207845105 0.928237760152 0.724730644613
0.814149235902 0.928902174386 0.724694252755
0.815111505405 0.929509199939 0.724871874559
0.815985236977 0.929997246444 0.724323679378
0.816676478638 0.930306465300 0.723880157199
0.817172929659 0.930427449753 0.723311275484
0.817481071571 0.930321614961 0.723311275484
0.817617632724 0.930009178603 0.723311275484
0.817597805656 0.929508489870 0.723836723695
0.817496131557 0.928844026698 0.724072056157
0.817385015909 0.928048410520 0.724072056157
0.817265222511 0.927132993748 0.724012287819
0.817201719532 0.926139975177 0.723679503644
0.817246325630 0.925123195132 0.723120833009
0.817433430380 0.924147712990 0.722404130478
0.817777273061 0.923287902032 0.721611737333
0.818271118783 0.922624025487 0.721400284171
0.818813299670 0.922202435177 0.721400284171
0.819399792186 0.922001127192 0.721901286824
0.819902010567 0.922103417539 0.721901286824
0.820327701015 0.922481275648 0.722161557316
0.820613547335 0.922907087279 0.722161557316
0.820772202052 0.923376778559 0.721801699062
0.820844295811 0.923726255688 0.721801699062
0.820837610861 0.923966451854 0.721801699062
0.820759203365 0.924107279448 0.721801699062
0.820615470683 0.924157724670 0.721550213869
0.820434730288 0.923975129118 0.721801699062
0.820197577749 0.923732092714 0.721801699062
0.819908981381 0.923433945855 0.721922911150
0.819676752200 0.923153213291 0.721922911150
0.819495704363 0.922888194549 0.721851241834
0.819336406263 0.922793227635 0.721851241834
0.819196821496 0.922852789098 0.721851241834
0.819075105207 0.923052819455 0.721851241834
0.818969586193 0.923380585823 0.721858187440
0.818999347604 0.923737902913 0.721858187440
0.819152066415 0.924122247829 0.721922911150
0.819320395553 0.924458573538 0.722067308778
0.819514760930 0.924603676246 0.722067308778
0.819732880347 0.924575163923 0.722067308778
0.819972686765 0.924388974666 0.722067308778
0.820232308085 0.924059534403 0.721801699062
0.820387580641 0.923677840499 0.721801699062
0.820448106048 0.923248512079 0.721801699062
0.820422576109 0.922775731271 0.722161557316
0.820286012670 0.922443320853 0.722161557316
0.820048559545 0.922238273477 0.722161557316
0.819719397139 0.922148817218 0.721901286824
0.819387956959 0.922397908595 0.721851241834
0.819093227138 0.922780231223 0.721851241834
0.818831722336 0.923283598764 0.721858187440
0.818730399856 0.923803966223 0.721858187440
0.818774418722 0.924339974806 0.722355830759
0.818951034373 0.924754338882 0.722355830759
0.819248038814 0.925058423127 0.722067308778
0.819562002180 0.925162027662 0.722228312590
0.819887983499 0.924948043150 0.722067308778
0.820228514708 0.924582460778 0.721550213869
0.820477242551 0.923988642385 0.721801699062
0.820616350292 0.923362200981 0.721801699062
0.820656033227 0.922705926722 0.722161557316
0.820570317479 0.922214172162 0.722161557316
0.820370819505 0.921871503414 0.722654278086
0.820027277075 0.921861728935 0.721901286824
0.819680659778 0.922203281036 0.721851241834
0.819372714693 0.922678708718 0.721851241834
0.819099746613 0.923275651988 0.721922911150
0.818887503861 0.923802254079 0.721858187440
0.818840514151 0.924347604908 0.722355830759
0.818944053262 0.924765981595 0.722355830759
0.819184086172 0.925069339535 0.722067308778
0.819449439471 0.925162122819 0.722228312590
0.819734121988 0.924920461979 0.722067308778
0.820040176606 0.924520051713 0.721550213869
0.820253817495 0.923879886011 0.721801699062
0.820355659183 0.923206735890 0.721801699062
0.820356173419 0.922503458968 0.722161557316
0.820227422466 0.921975154785 0.722654278086
0.819938318953 0.921813349640 0.721901286824
0.819638910299 0.922035595146 0.721901286824
0.819330058535 0.922604690807 0.721851241834
0.819056682121 0.923294117750 0.721858187440
0.818962141393 0.923989400795 0.721858187440
0.819029588753 0.924690216461 0.722355830759
0.819244569205 0.925245329722 0.722228312590
0.819485803819 0.925407838218 0.722228312590
0.819750912413 0.925215662495 0.722228312590
0.820037743904 0.924703013756 0.722067308778
0.820348300174 0.924050278123 0.721801699062
0.820533044073 0.923362204504 0.721801699062
0.820603851538 0.922641903483 0.722161557316
0.820532197974 0.922102590007 0.722654278086
0.820286209291 0.921943161271 0.722654278086
0.819882318048 0.922126939722 0.721901286824
0.819477358075 0.922675546391 0.721851241834
0.819117542078 0.923353054764 0.721922911150
0.818830708244 0.923950921277 0.721858187440
0.818731824022 0.924566346697 0.722355830759
0.818803882271 0.925041262593 0.722355830759
0.819030721527 0.925389043957 0.722818408712
0.819374026284 0.925486822857 0.722228312590
0.819733554752 0.925222274848 0.722228312590
0.820107885162 0.924630529635 0.721550213869
0.820376630451 0.923795294154 0.721801699062
0.820518927788 0.922938719160 0.722161557316
0.820505752800 0.922280551718 0.722161557316
0.820351828552 0.921801846892 0.722654278086
0.820023044938 0.921709869149 0.721901286824
0.819684218417 0.922023955203 0.721901286824
0.819336199788 0.922704374773 0.721851241834
0.819028162907 0.923507527336 0.721858187440
0.818917109530 0.924310685816 0.722355830759
0.818985123799 0.924952230120 0.722355830759
0.819215194150 0.925447629285 0.722228312590
0.819474382222 0.925530757610 0.722228312590
0.819760006003 0.925241791922 0.722228312590
0.820069643390 0.924616954661 0.721550213869
0.820277017661 0.923742556223 0.721801699062
0.820359690205 0.922847615681 0.722161557316
0.820286812956 0.922158542158 0.722654278086
0.820023934327 0.921886386800 0.721901286824
0.819743060494 0.922049038591 0.721901286824
0.819445820708 0.922603796202 0.721851241834
0.819183910521 0.923298564609 0.721922911150
0.818988856937 0.923910825776 0.721858187440
0.818986536685 0.924543875600 0.722355830759
0.819159425443 0.925029280660 0.722067308778
0.819373308089 0.925258815916 0.722228312590
0.819619904869 0.925091842721 0.722067308778
0.819900630454 0.924732107664 0.722067308778
0.820212316090 0.924198000692 0.721550213869
0.820418644239 0.923396038452 0.721801699062
0.820496242389 0.922563419277 0.722161557316
0.820413023575 0.921934296528 0.722654278086
0.820133184773 0.921726693652 0.722654278086
