0.904999726301 0.228333844694 0.482902993524
0.909901531683 0.223550268356 0.431331144532
0.914082541707 0.219698952801 0.426057585183
0.917570448003 0.216661911257 0.428610096073
0.920481954574 0.214350963091 0.432978336176
0.922916258258 0.212640396773 0.436413435945
0.924970564581 0.211376107729 0.438662816777
0.926688993858 0.210382635375 0.440316038060
0.928080428139 0.209530951544 0.441795030520
0.929116742791 0.208740363850 0.443908717187
0.929733792305 0.207973900933 0.447377568746
0.929843143830 0.207225033114 0.447377568746
0.929510162508 0.206490127758 0.452268101374
0.928643115263 0.205780102597 0.458694534076
0.927188897176 0.205202496912 0.466047693651
0.925133962134 0.204895396345 0.463411747944
0.922626475877 0.204962693097 0.458481241961
0.919763592057 0.205342349959 0.448408093116
0.916660919452 0.205789302323 0.449903060095
0.913230676765 0.205848171679 0.461848200869
0.909374402805 0.205024564674 0.495131948414
0.905100894593 0.203449328662 0.518569814302
0.900569371729 0.202126236101 0.511354052431
0.896171204155 0.202522348710 0.476574820700
0.892028755033 0.203976066530 0.451854928876
0.888157812271 0.205918046892 0.438464073723
0.884557963371 0.207872660224 0.437240448865
0.881266851107 0.209497508375 0.442355472529
0.878265989103 0.210784563963 0.444377235040
0.875505301097 0.211925189936 0.443442809908
0.872922752298 0.213038554927 0.438642701981
0.870441043103 0.214166929526 0.435243882101
0.868082739956 0.215270341524 0.433545108187
0.865852988078 0.216285953908 0.432710656889
0.863751547378 0.217180400117 0.432371376896
0.861760999412 0.217967311245 0.431443856328
0.859855112195 0.218685181194 0.431480267399
0.857991629232 0.219327004230 0.429861851697
0.856170083425 0.219927057267 0.428083965695
0.854383967725 0.220489005957 0.428187921771
0.852594205918 0.220965258701 0.426659997274
0.850807478237 0.221352686297 0.427350697803
0.848994651399 0.221625960301 0.428257892463
0.847142798359 0.221786994847 0.429117871202
0.845258125202 0.221860497608 0.427662472055
0.843369651756 0.221848228229 0.428438904426
0.841511876121 0.221765410475 0.430124543559
0.839708940626 0.221681844854 0.430159384541
0.838011806801 0.221604127392 0.430224102238
0.836465374333 0.221519258073 0.430492536239
0.835098168462 0.221400171470 0.430740551073
0.833907656062 0.221232573813 0.431073567745
0.832885301341 0.221002653430 0.431491539683
0.832016547665 0.220698125285 0.431545259590
0.831255918084 0.220286122061 0.432255678193
0.830580787000 0.219748525187 0.433260341524
0.829935518615 0.219032247231 0.433260341524
0.829317157047 0.218152549324 0.435062039820
0.828676355756 0.217064230273 0.437524745540
0.827979752843 0.215747258707 0.440237056340
0.827198947380 0.214226978382 0.443193001947
0.826346245959 0.212546587700 0.447067990120
0.825453268117 0.210807202222 0.449925306033
0.824551213118 0.209094584412 0.452223889434
0.823639135186 0.207427466819 0.453787140183
0.822696214589 0.205778723095 0.457365167430
0.821665305036 0.204068930329 0.462529288451
0.820494430893 0.202223413380 0.468837759594
0.819168781359 0.200222603364 0.475211706811
0.817721340505 0.198114140670 0.481422311740
0.816226798692 0.196026271883 0.484912047625
0.814748412702 0.194024677458 0.487503819641
0.813325206892 0.192146134504 0.489142066740
0.811966572162 0.190393912029 0.490519861939
0.810685494888 0.188802409428 0.490845309289
0.809491177788 0.187393133831 0.490972623257
0.808397512706 0.186214965428 0.490577550362
0.807408275692 0.185253896960 0.490153603229
0.806516497588 0.184458988155 0.489976166132
0.805702955985 0.183741312487 0.490315584681
0.804939245394 0.182984502411 0.490938162318
0.804206429703 0.182097999906 0.492476255928
0.803476162639 0.180970963469 0.494646057710
0.802734300031 0.179529172103 0.495956579000
0.801993756992 0.177810374074 0.498314963851
0.801308981978 0.175912015451 0.498828040558
0.800765128822 0.174043918351 0.497198005444
0.800384652690 0.172410951516 0.495574166772
0.800199862968 0.171104097606 0.493088439649
0.800161042548 0.170217597407 0.492146106898
0.800220907902 0.169737665689 0.492146106898
0.800370606819 0.169625988887 0.492146106898
0.800602115608 0.169847921130 0.493437022510
0.800899442637 0.170390296416 0.494254828906
0.801278864875 0.171184861025 0.494254828906
0.801733121606 0.172208202075 0.496765321429
0.802224498949 0.173261721594 0.497368296940
0.802737580320 0.174243523679 0.497509658803
0.803205538214 0.175027577037 0.497509658803
0.803632666352 0.175632185258 0.496713933773
0.803965731497 0.175975978866 0.496713933773
0.804213413084 0.176083119268 0.496240202493
0.804370716777 0.175908038528 0.496713933773
0.804458845841 0.175544581972 0.496713933773
0.804484130377 0.175010023885 0.496575988966
0.804434646984 0.174382905055 0.497076316774
0.804350738727 0.173686134736 0.497309812016
0.804253219782 0.173009478483 0.497404866212
0.804161717973 0.172435512539 0.497404866212
0.804075645468 0.171954619544 0.497362229164
0.804012198537 0.171638861259 0.497362229164
0.803969282644 0.171472939686 0.497362229164
0.803945001908 0.171443010949 0.497362229164
0.803937640331 0.171536547602 0.497362229164
0.803945644809 0.171742213909 0.497362229164
0.803967609719 0.172049752867 0.497362229164
0.804002262972 0.172449883876 0.497404866212
0.804030143119 0.172851141698 0.497404866212
0.804051883562 0.173253581215 0.497309812016
0.804048667252 0.173568300033 0.497309812016
0.804022789571 0.173803498340 0.497309812016
0.803976327283 0.173966594658 0.497309812016
0.803911159288 0.174064300096 0.497309812016
0.803828985421 0.174102685579 0.497309812016
0.803731343471 0.174087242718 0.497309812016
0.803619624589 0.174022938924 0.497309812016
0.803495087241 0.173914267297 0.497408569902
0.803407025925 0.173807347755 0.497408569902
0.803352033987 0.173701978484 0.497408569902
0.803327030471 0.173597977076 0.497408569902
0.803329229077 0.173495178676 0.497408569902
0.803356110055 0.173393434310 0.497408569902
0.803405394770 0.173292609363 0.497408569902
0.803475022694 0.173192582211 0.497408569902
0.803563130570 0.173093242980 0.497404866212
0.803639022247 0.173046093813 0.497404866212
0.803703859443 0.173046267067 0.497404866212
0.803758692446 0.173089361874 0.497404866212
0.803804470762 0.173171399484 0.497309812016
0.803821005323 0.173192266618 0.497309812016
0.803811024525 0.173157669492 0.497309812016
0.803776994830 0.173072766358 0.497404866212
0.803742432616 0.173039824160 0.497404866212
0.803707375778 0.173053985073 0.497404866212
0.803671858602 0.173110858166 0.497404866212
0.803635912110 0.173206474623 0.497309812016
0.803577959956 0.173238195878 0.497309812016
0.803500038517 0.173212004973 0.497408569902
0.803456216612 0.173178908737 0.497408569902
0.803443291743 0.173139541823 0.497173100817
0.803478064473 0.173210852471 0.497408569902
0.803536317483 0.173265721319 0.497309812016
0.803562895981 0.173259455052 0.497309812016
0.803560774892 0.173197781098 0.497309812016
0.803532642437 0.173085874791 0.497404866212
0.803503232508 0.173030642302 0.497404866212
0.803472655565 0.173026750088 0.497173100817
0.803492635126 0.173132702355 0.497173100817
0.803558431210 0.173338191826 0.497309812016
0.803591179774 0.173466596457 0.497309812016
0.803593994473 0.173525199615 0.497309812016
0.803569688355 0.173520581238 0.497309812016
0.803520802838 0.173458685675 0.497309812016
0.803449633899 0.173344882975 0.497408569902
0.803413430894 0.173232158426 0.497408569902
0.803408893193 0.173120376594 0.497173100817
0.803453831642 0.173132198432 0.497173100817
0.803543599508 0.173255955085 0.497309812016
0.803597182816 0.173308847326 0.497309812016
0.803618006412 0.173297571510 0.497309812016
0.803609163812 0.173228176002 0.497309812016
0.803573449213 0.173106123791 0.497404866212
0.803536971974 0.173044351220 0.497404866212
0.803499793436 0.173037151706 0.497173100817
0.803516523399 0.173146228665 0.497404866212
0.803527354964 0.173293562759 0.497309812016
0.803508967302 0.173366250840 0.497309812016
0.803464115070 0.173371368818 0.497408569902
0.803452950789 0.173365582468 0.497408569902
0.803472287389 0.173349920594 0.497408569902
0.803519246715 0.173325312293 0.497309812016
0.803533040763 0.173241863866 0.497309812016
0.803516810609 0.173105122275 0.497404866212
0.803497782944 0.173031743394 0.497173100817
0.803532446458 0.173084604351 0.497404866212
0.803559333096 0.173182657680 0.497309812016
0.803554579748 0.173209030945 0.497309812016
0.803521182287 0.173170525988 0.497309812016
0.803461845806 0.173073284233 0.497173100817
0.803460888711 0.173106327359 0.497173100817
0.803512773857 0.173257274535 0.497309812016
0.803530161370 0.173330504683 0.497309812016
0.803516328062 0.173333413811 0.497309812016
0.803474232423 0.173272679206 0.497408569902
0.803466967706 0.173206967238 0.497408569902
0.803491225634 0.173136733057 0.497173100817
0.803566767693 0.173196522326 0.497309812016
0.803605001779 0.173186418759 0.497309812016
0.803609481863 0.173113063931 0.497404866212
0.803608944086 0.173099203486 0.497404866212
