0.895004581141 0.495000588852 0.502603644875
0.890037780857 0.490171242187 0.498667629262
0.891589789716 0.487545989194 0.497260717177
0.894274764418 0.486414550814 0.501210059039
0.897447229941 0.485654638639 0.494176693350
0.901073619454 0.484193960839 0.457966799426
0.905119161151 0.481641881502 0.405785804625
0.909441170942 0.478450698521 0.349102983429
0.913985133447 0.475273990626 0.327238058519
0.918575455854 0.472436408255 0.310809523097
0.923264616277 0.469788923492 0.284091241812
0.928107773393 0.467198685890 0.254568837026
0.933088241681 0.464398564055 0.199464305562
0.938175853651 0.461144768003 0.143954872937
0.943263914005 0.457761592227 0.140497905810
0.947683847245 0.455706072832 0.195836978916
0.950881655487 0.455164559491 0.233440112051
0.952876949859 0.455694499196 0.244980981846
0.953965253253 0.457026576935 0.247621022227
0.954369159641 0.458996093087 0.246290057430
0.954326945630 0.461485629504 0.235250723857
0.953985061937 0.464433256554 0.215336661564
0.953341186719 0.467795653639 0.203946205244
0.952390480351 0.471483668037 0.181410898001
0.951275168721 0.475312448240 0.168551620191
0.950357830269 0.478984404026 0.175783781439
0.949752807868 0.482188449932 0.181740351813
0.949348706999 0.484751599624 0.191132869163
0.949092178433 0.486512141429 0.192970126739
0.948935748359 0.487466943485 0.193734835249
0.948870977284 0.487675567105 0.193734835249
0.948890609276 0.487229292228 0.192970126739
0.948988475307 0.486239798547 0.192141356770
0.949171329997 0.484804722326 0.191132869163
0.949457162304 0.483011363819 0.183071984432
0.949840493544 0.481021681401 0.180058977954
0.950387771820 0.478954709887 0.175783781439
0.951141435937 0.476941616366 0.171136642520
0.951988333417 0.475138010241 0.171084213790
0.952753202353 0.473702226655 0.176767246981
0.953231019395 0.472786075672 0.176767246981
0.953446253768 0.472341023934 0.184795026897
0.953257010136 0.472402998789 0.178900521849
0.952820474892 0.472928213282 0.176767246981
0.952201440140 0.473787445529 0.171316340368
0.951589592191 0.474861472936 0.171084213790
0.951026972580 0.476044413725 0.169731968654
0.950671265705 0.477233895125 0.171136642520
0.950524716696 0.478345574577 0.172647729435
0.950575321946 0.479303624116 0.174150962951
0.950798954778 0.480042184330 0.175545041497
0.951162381227 0.480506712461 0.175545041497
0.951653993681 0.480721024979 0.173616153055
0.952150677204 0.480650786301 0.173616153055
0.952652359355 0.480321059938 0.170762004756
0.953080728379 0.479812107083 0.170762004756
0.953442233491 0.479139198421 0.169294489546
0.953628684499 0.478371517349 0.170522603564
0.953620205395 0.477592700313 0.172040862665
0.953393214605 0.476892254654 0.172040862665
0.952966771722 0.476263071430 0.172610941898
0.952463197646 0.475817263085 0.172610941898
0.951888819166 0.475538765170 0.171084213790
0.951360480968 0.475525004074 0.168551620191
0.951021383369 0.475741039162 0.169731968654
0.950893510216 0.476068705906 0.169731968654
0.950958242967 0.476498483299 0.169731968654
0.951198664951 0.477021715008 0.171136642520
0.951622383561 0.477531634646 0.171529780311
0.952068351765 0.478031430653 0.172032936657
0.952550459958 0.478423553232 0.171354391219
0.952927760477 0.478705962259 0.171007328764
0.953228723384 0.478799536426 0.171007328764
0.953460185761 0.478721050041 0.169294489546
0.953510318365 0.478472294160 0.170522603564
0.953355955437 0.478154334228 0.170522603564
0.953015362569 0.477773096158 0.171354391219
0.952644801551 0.477351894181 0.171867247789
0.952217177121 0.476997794129 0.171529780311
0.951895849262 0.476717063840 0.171529780311
0.951671243905 0.476503071585 0.171183129207
0.951503880558 0.476462314372 0.171183129207
0.951388599877 0.476579248571 0.171183129207
0.951320720796 0.476839777535 0.171136642520
0.951487541431 0.477115021035 0.171529780311
0.951707002949 0.477405726100 0.171529780311
0.951974517297 0.477710662300 0.172032936657
0.952303234428 0.477918976581 0.172032936657
0.952687830380 0.478039416233 0.171354391219
0.952969328064 0.478066923308 0.171354391219
0.953157110259 0.478009854433 0.171354391219
0.953259682389 0.477875784989 0.171354391219
0.953284753984 0.477671581679 0.171354391219
0.953239312673 0.477403468431 0.171867247789
0.953097232552 0.477190993667 0.171867247789
0.952867188891 0.477029046466 0.171867247789
0.952557042243 0.476912995630 0.171867247789
0.952173914564 0.476838644939 0.171529780311
0.951900798723 0.476815974717 0.171529780311
0.951727603586 0.476840298372 0.171529780311
0.951645188636 0.476907370329 0.171529780311
0.951645274901 0.477013344736 0.171529780311
0.951720364174 0.477154738016 0.171529780311
0.951863665736 0.477328394892 0.171529780311
0.952069029910 0.477531457582 0.171529780311
0.952330887809 0.477761337853 0.172032936657
0.952663326059 0.477894291828 0.171354391219
0.952890830284 0.477924949869 0.171354391219
0.953023082231 0.477862680018 0.171354391219
0.953068846284 0.477715962587 0.171354391219
0.953036056011 0.477492473948 0.171867247789
0.952896582542 0.477323235530 0.171867247789
0.952660173388 0.477203213247 0.171867247789
0.952335649926 0.477127850813 0.171867247789
0.951930995104 0.477093024583 0.171529780311
0.951644883893 0.477109967039 0.171529780311
0.951466302841 0.477173931264 0.171529780311
0.951385286786 0.477280621684 0.171529780311
0.951392819439 0.477426151290 0.171529780311
0.951480743347 0.477607002902 0.171529780311
0.951641678348 0.477819994081 0.172032936657
0.951889413108 0.477932264183 0.172032936657
0.952216013493 0.477953155595 0.172032936657
0.952614302551 0.477891119138 0.171354391219
0.952895448192 0.477738404877 0.171354391219
0.953070390402 0.477503353762 0.171867247789
0.953111346225 0.477326001954 0.171867247789
0.953030769746 0.477200948395 0.171867247789
0.952839922865 0.477123308291 0.171867247789
0.952548989129 0.477088663913 0.171867247789
0.952167176744 0.477093020067 0.171529780311
0.951907340254 0.477148774767 0.171529780311
0.951758055700 0.477251179627 0.171529780311
0.951708994023 0.477395940888 0.171529780311
0.951750816393 0.477579175988 0.171529780311
0.951875079512 0.477797374265 0.172032936657
0.952095867999 0.477909230012 0.172032936657
0.952404251943 0.477924687282 0.171354391219
0.952599633091 0.477836455150 0.171354391219
0.952692613148 0.477654181753 0.171354391219
0.952692775377 0.477386588226 0.171867247789
0.952568907605 0.477182044060 0.171867247789
0.952332579348 0.477034602586 0.171529780311
0.952208166233 0.476955649601 0.171529780311
0.952185165666 0.476938765678 0.171529780311
0.952254085618 0.476978148667 0.171529780311
0.952406347574 0.477068554463 0.171867247789
0.952417169849 0.477188241856 0.171867247789
0.952299831227 0.477334513093 0.171529780311
0.952284801855 0.477522052896 0.171529780311
0.952362487218 0.477747059144 0.171354391219
0.952345514797 0.477843119807 0.171354391219
0.952242757464 0.477822371344 0.172032936657
0.952265243181 0.477712959826 0.172032936657
0.952401204384 0.477523175379 0.171867247789
0.952393808444 0.477390873104 0.171867247789
0.952256553844 0.477310620320 0.171529780311
0.952226021930 0.477295110721 0.171529780311
0.952292167337 0.477338259953 0.171529780311
0.952445914922 0.477434570924 0.171867247789
0.952452435977 0.477561301055 0.171867247789
0.952325624116 0.477715630733 0.172032936657
0.952329804169 0.477761515713 0.172032936657
0.952452619821 0.477709185877 0.171354391219
0.952472630445 0.477550061892 0.171867247789
0.952356326767 0.477446789273 0.171867247789
0.952116561791 0.477394079536 0.171529780311
0.951996490404 0.477405341017 0.171529780311
0.951984781422 0.477474548113 0.171529780311
0.952071200654 0.477596258140 0.171529780311
0.952246504848 0.477765555014 0.172032936657
0.952526757665 0.477822221672 0.171354391219
0.952686627240 0.477758637659 0.171354391219
0.952737536563 0.477586163460 0.171867247789
0.952645394911 0.477472009491 0.171867247789
0.952423740408 0.477410636744 0.171867247789
0.952084797468 0.477397042789 0.171529780311
0.951878160883 0.477445462923 0.171529780311
0.951791247054 0.477550047435 0.171529780311
0.951812693117 0.477705513633 0.172032936657
0.951957311237 0.477747026407 0.172032936657
0.952213451053 0.477685395427 0.172032936657
0.952570593495 0.477530381249 0.171867247789
0.952751212141 0.477433139755 0.171867247789
0.952772133702 0.477388175005 0.171867247789
0.952648549120 0.477390524339 0.171867247789
0.952394172428 0.477435706690 0.171867247789
0.952021384194 0.477519675900 0.171529780311
0.951787345704 0.477658143336 0.172032936657
0.951704532908 0.477681686519 0.172032936657
0.951758538826 0.477601229368 0.171529780311
0.951910522326 0.477591817982 0.171529780311
0.952151208694 0.477646706409 0.172032936657
0.952498190025 0.477593682875 0.171867247789
0.952665315712 0.477589867698 0.171867247789
0.952669773841 0.477630587715 0.171354391219
0.952574253176 0.477544327255 0.171867247789
0.952340954039 0.477510880118 0.171867247789
0.951982967280 0.477525219537 0.171529780311
0.951765358290 0.477602770898 0.171529780311
