0.895002399470 0.628334795712 0.503658674165
0.890089855387 0.623334000083 0.539920509093
0.885139215978 0.618329673916 0.566799167591
0.880847912926 0.613587641767 0.567900891603
0.878037863983 0.609320103687 0.565955970408
0.875809596902 0.605461454915 0.567116414423
0.873700966224 0.601982970542 0.568112837197
0.871816925151 0.599028521099 0.566891578406
0.870153711058 0.596700666283 0.565297125336
0.868489610715 0.595040911133 0.564126014416
0.866616095190 0.594032435032 0.562280037613
0.864510612867 0.593623978627 0.559697470155
0.862299036243 0.593617174336 0.558255185513
0.860167928495 0.593717210566 0.558551448277
0.858338372480 0.593598037765 0.560730977601
0.857019398974 0.592988427904 0.561618066370
0.856176002273 0.591898309902 0.562629338421
0.855780165258 0.590345750789 0.562947929707
0.855769648471 0.588391259409 0.561520541367
0.856072788421 0.586144917570 0.558871640676
0.856627423637 0.583781662904 0.557625063982
0.857416819749 0.581349260977 0.555472724074
0.858291580822 0.579064941330 0.555423867354
0.859013091485 0.577174617499 0.557412587095
0.859277503219 0.575941957964 0.558348966243
0.859022298868 0.575362379939 0.559495662243
0.858220916870 0.575429305668 0.557822116061
0.857040805831 0.575944591906 0.555929867203
0.855710417436 0.576649517248 0.555255528353
0.854511595634 0.577273948717 0.555847224483
0.853615949752 0.577629227131 0.556644948346
0.853119881731 0.577654616042 0.556644948346
0.852987657028 0.577378991214 0.557667287562
0.853297212324 0.576767237867 0.556016824538
0.853870709533 0.575992534436 0.556016824538
0.854685477223 0.575067884841 0.555202846296
0.855546476910 0.574195733804 0.555402176740
0.856248719225 0.573600945173 0.556703697747
0.856603541328 0.573504118320 0.556703697747
0.856641305283 0.573856816071 0.556703697747
0.856389620196 0.574615424115 0.556173854749
0.855904613614 0.575631819063 0.555281106726
0.855423372847 0.576644048389 0.555255528353
0.855000461629 0.577545129339 0.555847224483
0.854833106686 0.578128933563 0.556295405750
0.854944302725 0.578337716089 0.556295405750
0.855309915569 0.578205133652 0.555546806458
0.855787103773 0.577875283929 0.555546806458
0.856366887102 0.577364775895 0.555193595433
0.856827644519 0.576919787477 0.555193595433
0.857179559739 0.576534585549 0.555929867203
0.857184277313 0.576467477005 0.555929867203
0.856873026606 0.576690255436 0.555388601322
0.856436784267 0.577017175683 0.555193595433
0.855972035940 0.577333829559 0.555341358833
0.855634564382 0.577491596216 0.555341358833
0.855413406324 0.577504080950 0.555341358833
0.855298576419 0.577383672784 0.555341358833
0.855280981347 0.577141651687 0.555341358833
0.855352341307 0.576788286539 0.555255528353
0.855434149727 0.576445112293 0.555255528353
0.855525572062 0.576111037521 0.555255528353
0.855625848311 0.575785070133 0.555281106726
0.855669186392 0.575593492437 0.555281106726
0.855660495598 0.575524598666 0.555281106726
0.855604241884 0.575567743122 0.555281106726
0.855504487375 0.575713245422 0.555281106726
0.855364926424 0.575952304052 0.555255528353
0.855256524508 0.576145163896 0.555255528353
0.855176519134 0.576295940411 0.555255528353
0.855122399525 0.576408373936 0.555255528353
0.855091883982 0.576485863440 0.555255528353
0.855082899230 0.576531497293 0.555255528353
0.855093561606 0.576548081311 0.555255528353
0.855122159906 0.576538164314 0.555255528353
0.855167139767 0.576504061411 0.555255528353
0.855227089426 0.576447875208 0.555255528353
0.855300726769 0.576371515127 0.555255528353
0.855386887524 0.576276714988 0.555255528353
0.855484514516 0.576165049029 0.555255528353
0.855592647895 0.576037946467 0.555255528353
0.855710416234 0.575896704767 0.555255528353
0.855837028434 0.575742501704 0.555281106726
0.855896935460 0.575722325393 0.555281106726
0.855896100659 0.575824178322 0.555281106726
0.855839933451 0.576037179876 0.555255528353
0.855809521035 0.576203127209 0.555255528353
0.855802551076 0.576326300996 0.555255528353
0.855816926590 0.576410582985 0.555255528353
0.855850746038 0.576459492876 0.555255528353
0.855902285233 0.576476221842 0.555255528353
0.855969980907 0.576463662974 0.555255528353
0.856052415782 0.576424438938 0.555388601322
0.855923418251 0.576553401425 0.555255528353
0.855828058769 0.576641958392 0.555255528353
0.855763263103 0.576693790613 0.555255528353
0.855726245510 0.576712233494 0.555255528353
0.855714481826 0.576700309284 0.555255528353
0.855725685052 0.576660756307 0.555255528353
0.855757783192 0.576596055493 0.555255528353
0.855808899152 0.576508454446 0.555255528353
0.855877332492 0.576399989280 0.555255528353
0.855961542883 0.576272504436 0.555255528353
0.856060135097 0.576127670645 0.555388601322
0.855933764048 0.576170872398 0.555255528353
0.855842085198 0.576180153823 0.555255528353
0.855781900503 0.576158607388 0.555255528353
0.855750314364 0.576109033217 0.555255528353
0.855744705155 0.576033966608 0.555255528353
0.855762699417 0.575935702978 0.555255528353
0.855802148467 0.575816320471 0.555281106726
0.855774321738 0.575846876124 0.555281106726
0.855685371640 0.576013567195 0.555255528353
0.855628445692 0.576133352872 0.555255528353
0.855600585978 0.576210580775 0.555255528353
0.855599115564 0.576249185464 0.555255528353
0.855621611903 0.576252727532 0.555255528353
0.855665882752 0.576224429022 0.555255528353
0.855729944351 0.576167205498 0.555255528353
0.855812001654 0.576083695105 0.555255528353
0.855910430438 0.575976284882 0.555255528353
0.856023761085 0.575847134595 0.555281106726
0.856059487000 0.575875818449 0.555388601322
0.855856808659 0.576091482000 0.555255528353
0.855698269396 0.576253962017 0.555255528353
0.855579733485 0.576368231290 0.555255528353
0.855497460210 0.576438787666 0.555255528353
0.855448066248 0.576469699273 0.555255528353
0.855428491634 0.576464645450 0.555255528353
0.855435968942 0.576426953797 0.555255528353
0.855467995400 0.576359633712 0.555255528353
0.855522307644 0.576265406737 0.555255528353
0.855596858878 0.576146734030 0.555255528353
0.855689798195 0.576005841221 0.555255528353
0.855799451875 0.575844740905 0.555281106726
0.855828232569 0.575852419896 0.555281106726
0.855783675314 0.576013087535 0.555255528353
0.855769393662 0.576124080842 0.555255528353
0.855782566335 0.576190059726 0.555255528353
0.855820642737 0.576215236901 0.555255528353
0.855881317047 0.576203420703 0.555255528353
0.855962504774 0.576158053814 0.555255528353
0.856062321555 0.576082248297 0.555388601322
0.855898295955 0.576218979808 0.555255528353
0.855776771115 0.576307433668 0.555255528353
0.855693739420 0.576352146060 0.555255528353
0.855645578711 0.576357216897 0.555255528353
0.855629015287 0.576326351698 0.555255528353
0.855641090455 0.576262899446 0.555255528353
0.855679130279 0.576169886833 0.555255528353
0.855740718224 0.576050049224 0.555255528353
0.855823670419 0.575905858644 0.555255528353
0.855926013299 0.575739549102 0.555281106726
0.855943401560 0.575752881785 0.555281106726
0.855883811683 0.575928909570 0.555255528353
0.855857701638 0.576051448971 0.555255528353
0.855861923517 0.576125555088 0.555255528353
0.855893633038 0.576155795357 0.555255528353
0.855950260313 0.576146296509 0.555255528353
0.856029483412 0.576100787024 0.555255528353
0.856129204477 0.576022635499 0.555388601322
0.855948778462 0.576170349003 0.555255528353
0.855814196869 0.576266452675 0.555255528353
0.855721108226 0.576315828884 0.555255528353
0.855665581551 0.576322888222 0.555255528353
0.855644065787 0.576291615018 0.555255528353
0.855653353142 0.576225608477 0.555255528353
0.855690545951 0.576128119849 0.555255528353
0.855753026745 0.576002086024 0.555255528353
0.855838431184 0.575850159895 0.555281106726
0.855836229284 0.575885766314 0.555255528353
0.855863415398 0.575879551485 0.555255528353
0.855917225618 0.575835458504 0.555281106726
0.855885753368 0.575969957440 0.555255528353
0.855886786816 0.576052674285 0.555255528353
0.855917257481 0.576088521797 0.555255528353
0.855974394084 0.576081936829 0.555255528353
0.856055693798 0.576036926371 0.555388601322
0.855843951557 0.576226330210 0.555255528353
0.855682676812 0.576358030778 0.555255528353
0.855567052767 0.576437521278 0.555255528353
0.855492729700 0.576469762260 0.555255528353
0.855455779723 0.576459233202 0.555255528353
0.855452655932 0.576409979106 0.555255528353
0.855480155493 0.576325652595 0.555255528353
0.855535386308 0.576209551931 0.555255528353
0.855615736896 0.576064655359 0.555255528353
0.855718849196 0.575893652127 0.555255528353
0.855842593998 0.575698970507 0.555281106726
0.855870394447 0.575705950316 0.555281106726
0.855811366955 0.575895336605 0.555255528353
0.855789025804 0.576025618731 0.555255528353
0.855799884866 0.576102438597 0.555255528353
0.855840796687 0.576130889924 0.555255528353
0.855908919623 0.576115571456 0.555255528353
0.856001688152 0.576060635011 0.555255528353
0.856116786069 0.575969828867 0.555388601322
0.855919715968 0.576130589035 0.555255528353
0.855773378534 0.576234244704 0.555255528353
0.855672915079 0.576286249660 0.555255528353
