0.228333778386 0.095001882194 0.365816976441
0.223353022228 0.090106837243 0.414728071363
0.218586839918 0.085159908804 0.463446034147
0.213996637040 0.080489451144 0.540727421660
0.209264850971 0.075918021213 0.625525647867
0.204423086018 0.071202882296 0.674101368574
0.199926732233 0.067884679552 0.642341949179
0.196196822805 0.066061839721 0.622434209154
0.192886489031 0.064866234163 0.618601193664
0.189794316355 0.063858202655 0.622236939455
0.186841129651 0.062714219861 0.632111061270
0.184012687185 0.061185110407 0.649278974551
0.181323478616 0.059111735575 0.671645415736
0.178743189705 0.056466173876 0.697673081847
0.176206858852 0.053355366169 0.720507401546
0.173678485694 0.049951384791 0.739592243040
0.171229672315 0.046604861405 0.747466803365
0.168849323377 0.043547178108 0.753647049774
0.166387777464 0.040767745672 0.765411645036
0.163724454810 0.038208455992 0.773459736659
0.160895537042 0.036007830260 0.775035383867
0.158031081054 0.034323412773 0.772048122171
0.155226200885 0.033055874815 0.772726113746
0.152494699757 0.031840079031 0.780942865260
0.149839758963 0.030296041110 0.791529543897
0.147253849974 0.028318503459 0.810706774918
0.144702782301 0.025967602041 0.829545462190
0.142063434459 0.023557879755 0.837973054147
0.139288514420 0.021453154425 0.834605634063
0.136445547593 0.020293661389 0.815738080426
0.133645857177 0.020350515776 0.787890145795
0.130992044645 0.021322906387 0.766223178619
0.128610472098 0.022764086104 0.759749694247
0.126624159842 0.024409576343 0.757861446648
0.125007743361 0.026153746970 0.754565253476
0.123591665509 0.027973173778 0.751644760443
0.122219952412 0.029986241435 0.740619536511
0.120674459423 0.032257180247 0.727517098430
0.118914544434 0.034795102638 0.714758702374
0.117054280318 0.037377855049 0.709655800139
0.115364319318 0.039637403646 0.715433722650
0.114012138125 0.041333712014 0.722309779390
0.112991224383 0.042412871945 0.728017536281
0.112266098513 0.042936262803 0.733320080902
0.111776635161 0.043009964820 0.736431932103
0.111518919536 0.042780779750 0.734759936614
0.111529763185 0.042281103590 0.734759936614
0.111786002784 0.041534566369 0.732731605477
0.112302422442 0.040562156419 0.727589319891
0.113070403831 0.039315703828 0.722071145296
0.114048547201 0.037801651150 0.715390258470
0.115115182073 0.036109969377 0.712086138093
0.116153794392 0.034352520108 0.711477445243
0.116944699541 0.032710434312 0.715683025582
0.117291895599 0.031351756630 0.718638400829
0.117158201358 0.030263924818 0.722122444750
0.116525171172 0.029423989317 0.725352448868
0.115386972098 0.028685619434 0.729956415274
0.113762327722 0.027916400580 0.737899065382
0.111716479352 0.026884322706 0.749214833391
0.109362491012 0.025400612785 0.763308953655
0.106822554858 0.023326084903 0.792639947682
0.104244204005 0.020470068288 0.816695765300
0.101538940934 0.016791618954 0.866715080661
0.098458766950 0.012353326692 0.921388599908
0.095116334700 0.007589823383 0.953447920888
0.091906549025 0.003041176425 0.959180026334
0.088970594887 -0.001087329458 1.000000000000
0.086308416056 -0.004830857227 1.000000000000
0.083894717904 -0.008224975583 1.000000000000
0.081706515852 -0.011302004912 1.000000000000
0.079722927490 -0.014091309589 1.000000000000
0.077924983059 -0.016619564482 1.000000000000
0.076295452701 -0.018910997855 1.000000000000
0.074818689038 -0.020987612733 1.000000000000
0.073480483750 -0.022869388579 1.000000000000
0.072267936925 -0.024574465007 1.000000000000
0.071169338079 -0.026119309084 1.000000000000
0.070174057824 -0.027518867672 1.000000000000
0.069272449243 -0.028786706103 1.000000000000
0.068455758128 -0.029935134401 1.000000000000
0.067716041303 -0.030975322139 1.000000000000
0.067046092303 -0.031917402941 1.000000000000
0.066439373774 -0.032770569539 1.000000000000
0.065889955994 -0.033543160232 1.000000000000
0.065392460961 -0.034242737495 1.000000000000
0.064942011565 -0.034876159461 1.000000000000
0.064534185382 -0.035449644890 1.000000000000
0.064164972680 -0.035968832224 1.000000000000
0.063830738256 -0.036438833248 1.000000000000
0.063528186763 -0.036864281847 1.000000000000
0.063254331209 -0.037249378301 1.000000000000
0.063006464348 -0.037597929517 1.000000000000
0.062782132691 -0.037913385571 1.000000000000
0.062579112914 -0.038198872886 1.000000000000
0.062395390431 -0.038457224359 1.000000000000
0.062229139948 -0.038691006710 1.000000000000
0.062078707802 -0.038902545305 1.000000000000
0.061942595949 -0.039093946691 1.000000000000
0.061819447414 -0.039267119040 1.000000000000
0.061708033099 -0.039423790702 1.000000000000
0.061607239819 -0.039565527037 1.000000000000
0.061516059434 -0.039693745688 1.000000000000
0.061433579006 -0.039809730427 1.000000000000
0.061358971861 -0.039914643721 1.000000000000
0.061291489490 -0.040009538123 1.000000000000
0.061230454201 -0.040095366605 1.000000000000
0.061175252456 -0.040172991921 1.000000000000
0.061125328839 -0.040243195101 1.000000000000
0.061080180571 -0.040306683151 1.000000000000
0.061039352557 -0.040364096027 1.000000000000
0.061002432884 -0.040416012964 1.000000000000
0.060969048744 -0.040462958203 1.000000000000
0.060938862742 -0.040505406190 1.000000000000
0.060911569552 -0.040543786280 1.000000000000
0.060886892875 -0.040578487000 1.000000000000
0.060864582702 -0.040609859918 1.000000000000
0.060844412819 -0.040638223136 1.000000000000
0.060826178554 -0.040663864466 1.000000000000
0.060809694735 -0.040687044298 1.000000000000
0.060794793839 -0.040707998203 1.000000000000
0.060781324318 -0.040726939289 1.000000000000
0.060769149083 -0.040744060332 1.000000000000
0.060758144130 -0.040759535709 1.000000000000
0.060748197294 -0.040773523147 1.000000000000
0.060739207124 -0.040786165305 1.000000000000
0.060731081866 -0.040797591210 1.000000000000
0.060723738538 -0.040807917555 1.000000000000
0.060717102092 -0.040817249868 1.000000000000
0.060711104662 -0.040825683586 1.000000000000
0.060705684880 -0.040833305007 1.000000000000
0.060700787249 -0.040840192168 1.000000000000
0.060696361593 -0.040846415630 1.000000000000
0.060692362540 -0.040852039193 1.000000000000
0.060688749070 -0.040857120544 1.000000000000
0.060685484094 -0.040861711834 1.000000000000
0.060682534083 -0.040865860215 1.000000000000
0.060679868723 -0.040869608313 1.000000000000
0.060677460611 -0.040872994664 1.000000000000
0.060675284974 -0.040876054102 1.000000000000
0.060673319421 -0.040878818117 1.000000000000
0.060671543709 -0.040881315172 1.000000000000
0.060669939542 -0.040883570996 1.000000000000
0.060668490384 -0.040885608844 1.000000000000
0.060667181288 -0.040887449733 1.000000000000
0.060665998745 -0.040889112660 1.000000000000
0.060664930545 -0.040890614795 1.000000000000
0.060663965655 -0.040891971653 1.000000000000
0.060663094103 -0.040893197256 1.000000000000
0.060662306878 -0.040894304277 1.000000000000
0.060661595836 -0.040895304166 1.000000000000
0.060660953619 -0.040896207272 1.000000000000
0.060660373578 -0.040897022945 1.000000000000
0.060659849704 -0.040897759633 1.000000000000
0.060659376569 -0.040898424972 1.000000000000
0.060658949267 -0.040899025859 1.000000000000
0.060658563365 -0.040899568527 1.000000000000
0.060658214861 -0.040900058606 1.000000000000
0.060657900136 -0.040900501184 1.000000000000
0.060657615921 -0.040900900856 1.000000000000
0.060657359264 -0.040901261777 1.000000000000
0.060657127498 -0.040901587695 1.000000000000
0.060656918211 -0.040901882001 1.000000000000
0.060656729229 -0.040902147756 1.000000000000
0.060656558583 -0.040902387724 1.000000000000
0.060656404497 -0.040902604405 1.000000000000
0.060656265368 -0.040902800054 1.000000000000
0.060656139745 -0.040902976710 1.000000000000
0.060656026319 -0.040903136214 1.000000000000
0.060655923909 -0.040903280228 1.000000000000
0.060655831444 -0.040903410255 1.000000000000
0.060655747962 -0.040903527651 1.000000000000
0.060655672591 -0.040903633641 1.000000000000
0.060655604544 -0.040903729332 1.000000000000
0.060655543110 -0.040903815723 1.000000000000
0.060655487647 -0.040903893717 1.000000000000
0.060655437577 -0.040903964128 1.000000000000
0.060655392374 -0.040904027694 1.000000000000
0.060655351568 -0.040904085078 1.000000000000
0.060655314730 -0.040904136881 1.000000000000
0.060655281475 -0.040904183645 1.000000000000
0.060655251456 -0.040904225860 1.000000000000
0.060655224357 -0.040904263967 1.000000000000
0.060655199896 -0.040904298366 1.000000000000
0.060655177815 -0.040904329417 1.000000000000
0.060655157884 -0.040904357445 1.000000000000
0.060655139893 -0.040904382745 1.000000000000
0.060655123653 -0.040904405582 1.000000000000
0.060655108995 -0.040904426195 1.000000000000
0.060655095765 -0.040904444800 1.000000000000
0.060655083823 -0.040904461593 1.000000000000
0.060655073045 -0.040904476750 1.000000000000
0.060655063316 -0.040904490431 1.000000000000
0.060655054536 -0.040904502778 1.000000000000
0.060655046611 -0.040904513922 1.000000000000
0.060655039459 -0.040904523980 1.000000000000
0.060655033004 -0.040904533058 1.000000000000
0.060655027178 -0.040904541250 1.000000000000
0.060655021920 -0.040904548644 1.000000000000
0.060655017175 -0.040904555317 1.000000000000
