0.238331878142 0.228334272660 0.534347762908
0.242592027303 0.224093238944 0.552685461885
0.240962467269 0.223224610356 0.551891912768
0.238100576615 0.224334671623 0.536692476607
0.235204829616 0.225929491682 0.538057590644
0.233431089117 0.226619349477 0.543365568131
0.232861141656 0.226312385063 0.543365568131
0.233202478015 0.225248644366 0.539242096498
0.234159617181 0.223713974489 0.532852071996
0.235172894229 0.222282153155 0.533720567767
0.235850288992 0.221414825186 0.538880217164
0.235837109746 0.221510692805 0.538880217164
0.235239864981 0.222376702895 0.533720567767
0.234489430825 0.223502095447 0.533095880617
0.233817078242 0.224675150712 0.534399104185
0.233559204583 0.225505916259 0.537021729918
0.233822440889 0.225851740186 0.540451305028
0.234642611551 0.225606025139 0.535475140767
0.235726001125 0.225134966796 0.534634816488
0.236896184861 0.224605216640 0.534940938208
0.237803652221 0.224419913640 0.536692476607
0.238269744445 0.224694188287 0.536692476607
0.238337175064 0.225379664105 0.536210423470
0.238027061794 0.226305351839 0.534461789454
0.237731809233 0.227089420895 0.534857161736
0.237603409069 0.227526313328 0.534857161736
0.237628333943 0.227646635868 0.536129804732
0.237931526402 0.227304577948 0.534857161736
0.238351744120 0.226717013132 0.533878266582
0.238725235820 0.226031888966 0.534480251576
0.238863987653 0.225476077406 0.536210423470
0.238588813029 0.225297670043 0.536210423470
0.237939048742 0.225462840459 0.535045744756
0.237154460714 0.225809939467 0.535043276530
0.236616408357 0.225920952605 0.535043276530
0.236304337843 0.225815492093 0.536243908574
0.236382911851 0.225368131978 0.534501586391
0.236467752492 0.225011061087 0.534501586391
0.236558439996 0.224736792222 0.534501586391
0.236654590244 0.224538489544 0.534940938208
0.236559045479 0.224696285041 0.534940938208
0.236287631665 0.225178185588 0.534634816488
0.236268344192 0.225497094904 0.534634816488
0.236479769983 0.225666577229 0.534501586391
0.236686310869 0.225874172721 0.535043276530
0.237068250392 0.225837135246 0.535043276530
0.237611048638 0.225576329046 0.535045744756
0.237882487141 0.225562582967 0.535045744756
0.237905961416 0.225774721728 0.534461789454
0.237911296829 0.225895110506 0.534461789454
0.237899991741 0.225931430766 0.534461789454
0.237873412976 0.225890687891 0.534461789454
0.237832807217 0.225779269886 0.534461789454
0.237779311425 0.225603001056 0.535045744756
0.237495614586 0.225680171092 0.535045744756
0.237001679840 0.225988661038 0.535043276530
0.236767298688 0.226021359887 0.535043276530
0.236769738944 0.225802579912 0.535043276530
0.236988326196 0.225354419984 0.534501586391
0.237202855460 0.225007992681 0.534501586391
0.237413813294 0.224754424605 0.535045744756
0.237357323991 0.224773651795 0.535045744756
0.237057137529 0.225041419530 0.534501586391
0.236801404292 0.225346332763 0.534501586391
0.236586156127 0.225685393893 0.535043276530
0.236618941813 0.225729459011 0.535043276530
0.236877715468 0.225505076116 0.534501586391
0.237129444968 0.225365295708 0.534501586391
0.237374891726 0.225302708841 0.535045744756
0.237335582188 0.225508454544 0.534501586391
0.237317357002 0.225759904799 0.535043276530
0.237537687585 0.225714411084 0.534461789454
0.237718428749 0.225587835843 0.535045744756
0.237613917549 0.225742113945 0.534461789454
0.237500011804 0.225795547923 0.534461789454
0.237377469637 0.225757032494 0.534461789454
0.237246979912 0.225634644328 0.534501586391
0.237146963152 0.225591597447 0.534501586391
0.237074682860 0.225620870145 0.534501586391
0.237027654999 0.225716088569 0.535043276530
0.237235873800 0.225513647970 0.534501586391
0.237443122210 0.225399742398 0.535045744756
0.237347106429 0.225580494213 0.534501586391
0.237279006719 0.225814321573 0.535043276530
0.237473606592 0.225731094294 0.534461789454
0.237629318955 0.225563745788 0.535045744756
0.237480718674 0.225701964990 0.534461789454
0.237325481246 0.225734175552 0.535043276530
0.237446592410 0.225462985617 0.535045744756
0.237262611836 0.225511303865 0.534501586391
0.237115586553 0.225627537773 0.534501586391
0.237002132613 0.225805641798 0.535043276530
0.237166137599 0.225660578332 0.534501586391
0.237334383820 0.225602872094 0.534501586391
0.237506569851 0.225624621153 0.535045744756
0.237359713456 0.225946262072 0.534461789454
0.237205201717 0.226140370194 0.535043276530
0.237338559147 0.226002638395 0.535043276530
0.237732993246 0.225564266077 0.535045744756
0.237781846596 0.225474996957 0.535045744756
0.237517654335 0.225701958555 0.534461789454
0.237256607965 0.225808596239 0.535043276530
0.237299002006 0.225586243143 0.534501586391
0.237358020743 0.225461710972 0.535045744756
0.237097761750 0.225661829663 0.534501586391
0.236883195976 0.225920007156 0.535043276530
0.236972226948 0.225829349538 0.535043276530
0.237336355424 0.225422919634 0.534501586391
0.237686743348 0.225133397076 0.535045744756
0.237683320124 0.225190358164 0.535045744756
0.237359656435 0.225560950633 0.535045744756
0.236746081048 0.226215494086 0.535043276530
0.236480563808 0.226476343397 0.535043276530
0.236530187024 0.226381052647 0.535043276530
0.236865204023 0.225963539720 0.535043276530
0.237458734499 0.225254437536 0.535045744756
0.237668001747 0.224938845394 0.535045744756
0.237529678985 0.224979200493 0.535045744756
0.237076885487 0.225341579490 0.534501586391
0.236689347862 0.225749595425 0.535043276530
0.236635072704 0.225780449095 0.535043276530
0.236882435508 0.225470239057 0.534501586391
0.237128031658 0.225271058842 0.534501586391
0.237372118266 0.225172574550 0.535045744756
0.237257333744 0.225416238855 0.534501586391
0.237175835079 0.225718504560 0.535043276530
0.237403984680 0.225647263566 0.535045744756
0.237271718303 0.225918394937 0.535043276530
0.237455540010 0.225817520021 0.534461789454
0.237597452210 0.225618683228 0.535045744756
0.237384358956 0.225777526344 0.534461789454
0.237167438478 0.225812689280 0.535043276530
0.237278812965 0.225494786533 0.534501586391
0.237402245430 0.225291500394 0.535045744756
0.237168139114 0.225450404932 0.534501586391
0.236979544811 0.225678408279 0.534501586391
0.236832167218 0.225969155429 0.535043276530
0.237011347729 0.225876236231 0.535043276530
0.237485860969 0.225436674462 0.535045744756
0.237563277594 0.225387167302 0.535045744756
0.237281928844 0.225690094071 0.535043276530
0.237342943719 0.225605384793 0.534501586391
0.237421425475 0.225614764298 0.535045744756
0.237138244558 0.225973375919 0.535043276530
0.237200101829 0.225936218827 0.535043276530
0.237573880945 0.225541597687 0.535045744756
0.237554733599 0.225537830561 0.535045744756
0.237180675181 0.225887128346 0.535043276530
0.237163115808 0.225838961916 0.535043276530
0.237467772659 0.225431849856 0.535045744756
0.237383498901 0.225419324555 0.535045744756
0.236947964441 0.225763184561 0.535043276530
0.236877439731 0.225707588931 0.535043276530
0.237136765175 0.225291296847 0.534501586391
0.237394930132 0.225003236445 0.535045744756
0.237264765280 0.225101672134 0.534501586391
0.237171293014 0.225278875838 0.534501586391
0.237111042143 0.225527498557 0.534501586391
0.237080876400 0.225840900683 0.535043276530
0.237382243019 0.225751105477 0.534461789454
0.237628170110 0.225554050030 0.535045744756
0.237480697065 0.225740411190 0.534461789454
0.237321186331 0.225792134477 0.535043276530
0.237509251078 0.225462970446 0.535045744756
0.237307150524 0.225532494472 0.534501586391
0.237149318467 0.225685560610 0.535043276530
0.237341084011 0.225445434844 0.534501586391
0.237539010054 0.225319349161 0.535045744756
0.237342159083 0.225575299401 0.534501586391
0.237189318588 0.225897489540 0.535043276530
0.237388807739 0.225806342433 0.534461789454
0.237542010442 0.225605233265 0.535045744756
0.237301283987 0.225796848925 0.535043276530
0.237423644862 0.225585848137 0.535045744756
0.237153978413 0.225769548115 0.535043276530
0.237251270043 0.225550395597 0.534501586391
0.237364346295 0.225444847812 0.535045744756
0.237084013052 0.225725683052 0.535043276530
0.237173741176 0.225591914586 0.534501586391
0.237280135670 0.225563956247 0.534501586391
0.237401650738 0.225631778795 0.535045744756
0.237125501236 0.226072008934 0.535043276530
0.237222054393 0.226078623549 0.535043276530
0.237655101547 0.225694073554 0.534461789454
0.238018401327 0.225225399948 0.535045744756
0.237957302951 0.225184602241 0.535045744756
0.237513349016 0.225529834233 0.535045744756
0.236723981618 0.226223377570 0.535043276530
0.236361258035 0.226454783393 0.536243908574
0.236740920348 0.225996244863 0.535043276530
0.237431403072 0.225190091023 0.535045744756
0.237663714653 0.224846580531 0.535045744756
0.237482771787 0.224920395792 0.535045744756
0.236929054841 0.225370692365 0.534501586391
0.236455210598 0.225871649152 0.535043276530
0.236379074934 0.225927088799 0.536243908574
0.237020314324 0.225306433059 0.534501586391
0.237624979605 0.224841063630 0.535045744756
0.237777021454 0.224807596875 0.535045744756
0.237520853813 0.225163708540 0.535045744756
