0.228335918600 0.361669910231 0.595058666315
0.223333549768 0.356694147499 0.591901847988
0.221185948642 0.356879829773 0.584291721547
0.220655188478 0.359056299636 0.583462720668
0.221087288153 0.362229408102 0.590413297272
0.221563064545 0.365858466568 0.587110140418
0.220827019308 0.369697049678 0.577589730918
0.218918591768 0.373512105757 0.567910280997
0.216830962932 0.377263368777 0.569879584512
0.216468747876 0.380693884228 0.581858581389
0.217152937258 0.383532603093 0.584959690583
0.217906992119 0.385526362849 0.581481827399
0.218072263200 0.386605454061 0.579684719678
0.217410522932 0.386991409467 0.581652110195
0.215978777873 0.387013555881 0.582528781431
0.213861410691 0.386962836937 0.578582063175
0.211111008140 0.387534473730 0.568009249553
0.207778869534 0.388799828840 0.554054914101
0.204276134316 0.390073785524 0.565761677354
0.201799297629 0.389835658912 0.581470147169
0.200967539994 0.388239719229 0.583920340229
0.201698588984 0.385768029092 0.557986402965
0.203374617290 0.383069145683 0.543655117064
0.205380509566 0.380885393974 0.545963131692
0.207474754660 0.379543788027 0.553608432422
0.209678621627 0.379019267070 0.560629061806
0.212121052528 0.379132130746 0.571357119860
0.214899004822 0.379609090949 0.578675081928
0.217938523542 0.380203206280 0.575951687784
0.221084155905 0.380412217275 0.567395276887
0.224104437036 0.380021516556 0.555843536992
0.226705121020 0.379224266319 0.550678932462
0.228654893412 0.378324642933 0.551831327413
0.229958423187 0.377492052980 0.551964664636
0.230697567655 0.376784136279 0.554704185109
0.230975832349 0.376213617724 0.556770259509
0.230865030166 0.375732094771 0.556770259509
0.230400761939 0.375332093362 0.558818780329
0.229595559740 0.374924390624 0.558818780329
0.228480922576 0.374509241357 0.562498387653
0.227005272395 0.373974352540 0.563587918280
0.225166647683 0.373311787732 0.568886167304
0.222954174863 0.372540439004 0.573367304579
0.220410604348 0.371814736830 0.571004258975
0.217765419473 0.371434480054 0.563433379745
0.215318012056 0.371707234483 0.556661840130
0.213377198058 0.372495408350 0.550037829637
0.212083913298 0.373691337538 0.553177870506
0.211549504175 0.375161920103 0.554183183937
0.211723029746 0.376887055988 0.561391375115
0.212540958122 0.378898758156 0.571357119860
0.213895361234 0.381147355089 0.579926037706
0.215583027121 0.383527948855 0.586807900862
0.217143563532 0.385734227386 0.583764960186
0.218259488496 0.387449247726 0.576978888500
0.218680862366 0.388663127907 0.573442256507
0.218341471877 0.389504711894 0.569210930782
0.217226982832 0.390098613614 0.564544952135
0.215290912429 0.390689400968 0.562432043945
0.212550889062 0.391519403679 0.548949770004
0.209124228630 0.392687651200 0.540133461961
0.205398650403 0.393455486951 0.551248745845
0.201727489550 0.392859908396 0.593004590436
0.198778042362 0.390590896560 0.618066533860
0.197436255380 0.387261573742 0.604725537114
0.198019543745 0.383491964304 0.556441778639
0.199817290417 0.379659169886 0.528533857512
0.201908760767 0.376306400919 0.529119346957
0.203638239329 0.373617692669 0.536393680824
0.204978574066 0.371387038774 0.542422978012
0.205870245350 0.369161782181 0.544218109995
0.206385958086 0.366669301372 0.545735733726
0.206545702926 0.363651159848 0.553295669095
0.206295350667 0.359916181903 0.563605806244
0.205766525083 0.355460434073 0.576907404881
0.205364801396 0.350429552201 0.568997140724
0.205292352787 0.345384121965 0.563765583128
0.205167120716 0.340729717451 0.573440400923
0.204613774793 0.336532559443 0.586322354803
0.203908715586 0.332842363345 0.585271285082
0.203429831065 0.329761728314 0.578387136438
0.203251478977 0.327332415010 0.573806670427
0.203111186453 0.325400783594 0.575769865224
0.202654539434 0.323804538178 0.582729114406
0.201538616578 0.322344135798 0.588772075127
0.199596994701 0.320943086134 0.604850748097
0.196713665643 0.319706192233 0.606335059468
0.193184471982 0.319147151411 0.582946642634
0.189594635870 0.319517959571 0.561317274109
0.186473110084 0.320256393521 0.563014225853
0.184052373960 0.320537501721 0.572961117162
0.182212759752 0.319885153847 0.589014222352
0.180790749652 0.317961037946 0.609824411055
0.179819421158 0.314793335764 0.613298084201
0.179390124757 0.310892317257 0.605647040825
0.179047502007 0.307148201005 0.611039435563
0.178347714035 0.304433249442 0.612022270365
0.177338266275 0.302915099909 0.607048599443
0.176060559127 0.302365460787 0.597870850755
0.174485525988 0.302403984963 0.593754840411
0.172626743215 0.302841491209 0.585910787687
0.170582081122 0.303414333869 0.584302100524
0.168376139001 0.303953629565 0.582557940819
0.166114496187 0.304388676795 0.583962854210
0.163809138804 0.304746251364 0.582621383634
0.161515905823 0.305075876253 0.582152965413
0.159256408738 0.305420235494 0.580580098405
0.157094574061 0.305799964446 0.579067940288
0.155088027051 0.306185769177 0.578393726567
0.153261290406 0.306574024421 0.577723947416
0.151620224968 0.306974032223 0.576580775807
0.150149559670 0.307426438999 0.575755674911
0.148819240085 0.307953279752 0.573406437799
0.147620847259 0.308591904579 0.572125751760
0.146561902429 0.309331072291 0.570798998192
0.145655546876 0.310157646105 0.570242392173
0.144963965713 0.311011750439 0.571193408523
0.144506942927 0.311845042136 0.572494985433
0.144371191268 0.312561723784 0.574353449713
0.144552159074 0.313111086220 0.574353449713
0.145019813736 0.313508782925 0.575209933428
0.145679279705 0.313749275759 0.575209933428
0.146512739661 0.313847206025 0.574407758073
0.147423669070 0.313852360267 0.573872758408
0.148324125005 0.313804235214 0.573559295664
0.149137277265 0.313733127618 0.573426231853
0.149799995803 0.313661939006 0.573426231853
0.150326451041 0.313590650204 0.573443016330
0.150668103476 0.313537195753 0.573443016330
0.150842270218 0.313499905535 0.573594548461
0.150817135234 0.313494571012 0.573594548461
0.150611350421 0.313518229052 0.573443016330
0.150289496174 0.313550758865 0.573443016330
0.149862292870 0.313591349326 0.573443016330
0.149339432095 0.313639266954 0.573426231853
0.148792421293 0.313675383978 0.573559295664
0.148297449460 0.313679145550 0.573559295664
0.147849505581 0.313653561014 0.573872758408
0.147526290436 0.313574594274 0.573872758408
0.147316066799 0.313447189526 0.573872758408
0.147208225029 0.313275816416 0.573872758408
0.147193175002 0.313064515495 0.573403443269
0.147256886165 0.312882570588 0.573403443269
0.147392024525 0.312727183197 0.573403443269
0.147591961235 0.312595823865 0.573403443269
0.147850704914 0.312486206383 0.573403443269
0.148162840456 0.312396264453 0.573553427926
0.148447360195 0.312346074117 0.573553427926
0.148706938436 0.312331903639 0.573553427926
0.148943991917 0.312350380455 0.573833064825
0.149093657784 0.312412872699 0.573833064825
0.149164168974 0.312515280164 0.573833064825
0.149162965010 0.312653897568 0.573833064825
0.149096768327 0.312825376580 0.573833064825
0.148971653268 0.313026691481 0.573833064825
0.148793108461 0.313255108126 0.573559295664
0.148631078544 0.313430340123 0.573559295664
0.148483963667 0.313557431635 0.573559295664
0.148350318416 0.313640940090 0.573559295664
0.148228836939 0.313684983066 0.573559295664
0.148118339500 0.313693280665 0.573559295664
0.148017760326 0.313669193821 0.573559295664
0.147926136622 0.313615758919 0.573559295664
0.147842598645 0.313535719091 0.573872758408
0.147856402007 0.313402223390 0.573872758408
0.147958375816 0.313220265236 0.573553427926
0.148053195651 0.313089102027 0.573553427926
0.148141563269 0.313003912059 0.573553427926
0.148224112520 0.312960339944 0.573553427926
0.148301415898 0.312954451587 0.573553427926
0.148373990477 0.312982693490 0.573553427926
0.148442303254 0.313041855988 0.573553427926
0.148506775996 0.313129040018 0.573553427926
0.148567789607 0.313241627104 0.573559295664
0.148622041957 0.313310347475 0.573559295664
0.148670186762 0.313339361926 0.573559295664
0.148712814402 0.313332428225 0.573559295664
0.148750458041 0.313292940092 0.573559295664
0.148783599168 0.313223962431 0.573553427926
0.148816375186 0.313196199614 0.573553427926
0.148848829812 0.313205747121 0.573833064825
0.148806862687 0.313265022543 0.573559295664
0.148768126864 0.313284797309 0.573559295664
0.148732305914 0.313268814746 0.573559295664
0.148699114120 0.313220455074 0.573553427926
0.148672062869 0.313211929575 0.573553427926
0.148650563355 0.313239463259 0.573559295664
0.148630292401 0.313230084027 0.573559295664
0.148611128127 0.313187287196 0.573553427926
0.148596774090 0.313184195385 0.573553427926
0.148586770493 0.313217043271 0.573553427926
0.148580702193 0.313282431197 0.573559295664
0.148574347821 0.313306721613 0.573559295664
0.148567732829 0.313293820419 0.573559295664
0.148560880198 0.313247254009 0.573559295664
0.148553810682 0.313170206104 0.573553427926
0.148550433223 0.313136916254 0.573553427926
0.148550396364 0.313143219664 0.573553427926
0.148553382813 0.313185356457 0.573553427926
0.148559106126 0.313259932341 0.573559295664
