0.681117475159 0.936143440753 0.572290685125
0.681117475159 0.936143440753 0.572290685125
0.681117475159 0.936143440753 0.572290685125
0.681117475159 0.936143440753 0.572290685125
0.681117475159 0.936143440753 0.572290685125
0.681117475159 0.936143440753 0.572290685125
0.681117475159 0.936143440753 0.572290685125
0.681117475159 0.936143440753 0.572290685125
0.681117475159 0.936143440753 0.572290685125
0.681117475159 0.936143440753 0.572290685125
0.681117475159 0.936143440753 0.572290685125
0.308554473494 0.928426127130 0.546337547917
0.308554473494 0.928426127130 0.546337547917
0.148206605079 0.963843455370 0.524503808892
0.148206605079 0.963843455370 0.524503808892
0.895764890461 0.650755305069 0.503273801227
0.895764890461 0.650755305069 0.503273801227
0.895764890461 0.650755305069 0.503273801227
0.899069320210 0.653145538828 0.479278257614
0.899069320210 0.653145538828 0.479278257614
0.899069320210 0.653145538828 0.479278257614
0.899069320210 0.653145538828 0.479278257614
0.899069320210 0.653145538828 0.479278257614
0.899069320210 0.653145538828 0.479278257614
0.899069320210 0.653145538828 0.479278257614
0.899069320210 0.653145538828 0.479278257614
0.899069320210 0.653145538828 0.479278257614
0.899069320210 0.653145538828 0.479278257614
0.899069320210 0.653145538828 0.479278257614
0.899069320210 0.653145538828 0.479278257614
0.899069320210 0.653145538828 0.479278257614
0.899069320210 0.653145538828 0.479278257614
0.899069320210 0.653145538828 0.479278257614
0.899069320210 0.653145538828 0.479278257614
0.899069320210 0.653145538828 0.479278257614
0.933857625194 0.556679152795 0.431832496640
0.933857625194 0.556679152795 0.431832496640
0.949631071891 0.454352235832 0.223532892679
0.949631071891 0.454352235832 0.223532892679
0.939111806216 0.455108892816 0.123418152589
0.939111806216 0.455108892816 0.123418152589
0.939111806216 0.455108892816 0.123418152589
0.939111806216 0.455108892816 0.123418152589
0.939111806216 0.455108892816 0.123418152589
0.939111806216 0.455108892816 0.123418152589
0.939111806216 0.455108892816 0.123418152589
0.939111806216 0.455108892816 0.123418152589
0.936168755479 0.454028953339 0.118331404160
0.936168755479 0.454028953339 0.118331404160
0.981398053756 0.592172346402 0.352244902226
0.981398053756 0.592172346402 0.352244902226
0.981398053756 0.592172346402 0.352244902226
0.981398053756 0.592172346402 0.352244902226
0.981398053756 0.592172346402 0.352244902226
0.981398053756 0.592172346402 0.352244902226
0.981398053756 0.592172346402 0.352244902226
0.981398053756 0.592172346402 0.352244902226
0.958908621785 0.458727253033 0.281058951169
0.958908621785 0.458727253033 0.281058951169
0.958908621785 0.458727253033 0.281058951169
0.958908621785 0.458727253033 0.281058951169
0.958908621785 0.458727253033 0.281058951169
0.958908621785 0.458727253033 0.281058951169
0.958908621785 0.458727253033 0.281058951169
0.931553202080 0.437289864731 0.184759881593
0.931553202080 0.437289864731 0.184759881593
0.931553202080 0.437289864731 0.184759881593
0.931553202080 0.437289864731 0.184759881593
0.931553202080 0.437289864731 0.184759881593
0.931553202080 0.437289864731 0.184759881593
0.931553202080 0.437289864731 0.184759881593
0.931553202080 0.437289864731 0.184759881593
0.931553202080 0.437289864731 0.184759881593
0.931553202080 0.437289864731 0.184759881593
0.931553202080 0.437289864731 0.184759881593
0.931553202080 0.437289864731 0.184759881593
0.928181520927 0.451392853250 0.147377930902
0.928181520927 0.451392853250 0.147377930902
0.928181520927 0.451392853250 0.147377930902
0.928181520927 0.451392853250 0.147377930902
0.928181520927 0.451392853250 0.147377930902
0.928181520927 0.451392853250 0.147377930902
0.928181520927 0.451392853250 0.147377930902
0.928181520927 0.451392853250 0.147377930902
0.928181520927 0.451392853250 0.147377930902
0.928181520927 0.451392853250 0.147377930902
0.928181520927 0.451392853250 0.147377930902
0.928181520927 0.451392853250 0.147377930902
0.928181520927 0.451392853250 0.147377930902
0.928181520927 0.451392853250 0.147377930902
0.928181520927 0.451392853250 0.147377930902
0.928181520927 0.451392853250 0.147377930902
0.928181520927 0.451392853250 0.147377930902
0.928181520927 0.451392853250 0.147377930902
0.761150570113 0.649107397172 0.744864932757
0.646204457140 0.730833207591 0.616823831796
0.646204457140 0.730833207591 0.616823831796
0.627067836860 0.815957661403 0.613855078199
0.627067836860 0.815957661403 0.613855078199
0.627067836860 0.815957661403 0.613855078199
0.627067836860 0.815957661403 0.613855078199
0.259413046582 0.660507081172 0.545499304787
0.259413046582 0.660507081172 0.545499304787
0.259413046582 0.660507081172 0.545499304787
0.218725034741 0.597602001241 0.541822172732
0.218725034741 0.597602001241 0.541822172732
0.218725034741 0.597602001241 0.541822172732
0.265967141197 0.616601336738 0.540478058815
0.265967141197 0.616601336738 0.540478058815
0.191457778092 0.769966603197 0.532331924022
0.191457778092 0.769966603197 0.532331924022
0.191457778092 0.769966603197 0.532331924022
0.000000000000 0.386919886161 0.503139570493
0.000000000000 0.386919886161 0.503139570493
0.000000000000 0.200811900000 0.496296347068
0.310269292539 0.165848307872 0.312479102252
0.310269292539 0.165848307872 0.312479102252
0.310269292539 0.165848307872 0.312479102252
0.310269292539 0.165848307872 0.312479102252
0.310269292539 0.165848307872 0.312479102252
0.373572124767 0.124440186028 0.311702599027
0.373572124767 0.124440186028 0.311702599027
0.373572124767 0.124440186028 0.311702599027
0.373572124767 0.124440186028 0.311702599027
0.373572124767 0.124440186028 0.311702599027
0.373572124767 0.124440186028 0.311702599027
0.373572124767 0.124440186028 0.311702599027
0.373572124767 0.124440186028 0.311702599027
0.392136248051 0.138405002707 0.185230771919
0.392136248051 0.138405002707 0.185230771919
0.392136248051 0.138405002707 0.185230771919
0.392136248051 0.138405002707 0.185230771919
0.392136248051 0.138405002707 0.185230771919
0.392136248051 0.138405002707 0.185230771919
0.392136248051 0.138405002707 0.185230771919
0.392136248051 0.138405002707 0.185230771919
0.392136248051 0.138405002707 0.185230771919
0.392136248051 0.138405002707 0.185230771919
0.392136248051 0.138405002707 0.185230771919
0.392136248051 0.138405002707 0.185230771919
0.392136248051 0.138405002707 0.185230771919
0.392136248051 0.138405002707 0.185230771919
0.392136248051 0.138405002707 0.185230771919
0.381491419047 0.141593529679 0.153359407489
0.381798501195 0.154893916943 0.051194766537
0.381798501195 0.154893916943 0.051194766537
0.381798501195 0.154893916943 0.051194766537
0.128973056014 0.383685027441 0.544378319448
0.132565060276 0.420043553015 0.519113882318
0.132565060276 0.420043553015 0.519113882318
0.132565060276 0.420043553015 0.519113882318
0.132565060276 0.420043553015 0.519113882318
0.132565060276 0.420043553015 0.519113882318
0.132565060276 0.420043553015 0.519113882318
0.132565060276 0.420043553015 0.519113882318
0.007375232234 0.629584537646 0.512317915259
0.007375232234 0.629584537646 0.512317915259
0.007375232234 0.629584537646 0.512317915259
0.007375232234 0.629584537646 0.512317915259
0.007375232234 0.629584537646 0.512317915259
0.007375232234 0.629584537646 0.512317915259
0.007375232234 0.629584537646 0.512317915259
0.007375232234 0.629584537646 0.512317915259
0.007375232234 0.629584537646 0.512317915259
0.000000000000 0.321311491130 0.497630063524
0.822244288700 0.301417027473 0.281113273699
0.894774870815 0.387334460469 0.139794506448
0.894774870815 0.387334460469 0.139794506448
0.894774870815 0.387334460469 0.139794506448
0.894774870815 0.387334460469 0.139794506448
0.894774870815 0.387334460469 0.139794506448
0.894774870815 0.387334460469 0.139794506448
0.894774870815 0.387334460469 0.139794506448
0.894774870815 0.387334460469 0.139794506448
0.894774870815 0.387334460469 0.139794506448
0.894774870815 0.387334460469 0.139794506448
0.894774870815 0.387334460469 0.139794506448
0.894774870815 0.387334460469 0.139794506448
0.888832998858 0.387965620074 0.105587431254
0.888832998858 0.387965620074 0.105587431254
0.888832998858 0.387965620074 0.105587431254
0.888832998858 0.387965620074 0.105587431254
0.888832998858 0.387965620074 0.105587431254
0.888832998858 0.387965620074 0.105587431254
0.888832998858 0.387965620074 0.105587431254
0.888832998858 0.387965620074 0.105587431254
0.888832998858 0.387965620074 0.105587431254
0.888832998858 0.387965620074 0.105587431254
0.888832998858 0.387965620074 0.105587431254
0.888832998858 0.387965620074 0.105587431254
0.888832998858 0.387965620074 0.105587431254
0.888832998858 0.387965620074 0.105587431254
0.888832998858 0.387965620074 0.105587431254
0.857835604379 0.194288717423 0.458326652440
0.857835604379 0.194288717423 0.458326652440
0.857835604379 0.194288717423 0.458326652440
0.857835604379 0.194288717423 0.458326652440
0.857835604379 0.194288717423 0.458326652440
0.841850572814 0.343544920102 0.101561590588
0.841850572814 0.343544920102 0.101561590588
0.841850572814 0.343544920102 0.101561590588
0.841850572814 0.343544920102 0.101561590588
0.841850572814 0.343544920102 0.101561590588
0.841850572814 0.343544920102 0.101561590588
0.841850572814 0.343544920102 0.101561590588
0.841850572814 0.343544920102 0.101561590588
0.841850572814 0.343544920102 0.101561590588
0.841850572814 0.343544920102 0.101561590588
0.841850572814 0.343544920102 0.101561590588
0.841850572814 0.343544920102 0.101561590588
0.841850572814 0.343544920102 0.101561590588
0.841850572814 0.343544920102 0.101561590588
0.841850572814 0.343544920102 0.101561590588
0.841850572814 0.343544920102 0.101561590588
0.841850572814 0.343544920102 0.101561590588
0.841850572814 0.343544920102 0.101561590588
0.841850572814 0.343544920102 0.101561590588
0.841850572814 0.343544920102 0.101561590588
0.841850572814 0.343544920102 0.101561590588
0.841850572814 0.343544920102 0.101561590588
0.841850572814 0.343544920102 0.101561590588
0.841850572814 0.343544920102 0.101561590588
0.841850572814 0.343544920102 0.101561590588
0.841850572814 0.343544920102 0.101561590588
0.841850572814 0.343544920102 0.101561590588
0.841850572814 0.343544920102 0.101561590588
0.841850572814 0.343544920102 0.101561590588
0.841850572814 0.343544920102 0.101561590588
0.841850572814 0.343544920102 0.101561590588
0.841850572814 0.343544920102 0.101561590588
0.841850572814 0.343544920102 0.101561590588
0.841850572814 0.343544920102 0.101561590588
0.841850572814 0.343544920102 0.101561590588
0.841850572814 0.343544920102 0.101561590588
0.841850572814 0.343544920102 0.101561590588
0.841850572814 0.343544920102 0.101561590588
0.841850572814 0.343544920102 0.101561590588
0.841850572814 0.343544920102 0.101561590588
0.500644971906 0.412135263830 0.641048183865
0.500644971906 0.412135263830 0.641048183865
0.267981562030 0.552387747084 0.535440734449
0.267981562030 0.552387747084 0.535440734449
0.228102419711 0.546856082578 0.526260269592
0.228102419711 0.546856082578 0.526260269592
0.228102419711 0.546856082578 0.526260269592
0.228102419711 0.546856082578 0.526260269592
0.228102419711 0.546856082578 0.526260269592
0.228102419711 0.546856082578 0.526260269592
0.228102419711 0.546856082578 0.526260269592
0.228102419711 0.546856082578 0.526260269592
0.228102419711 0.546856082578 0.526260269592
0.228102419711 0.546856082578 0.526260269592
0.228102419711 0.546856082578 0.526260269592
0.228102419711 0.546856082578 0.526260269592
0.228102419711 0.546856082578 0.526260269592
0.228102419711 0.546856082578 0.526260269592
0.228102419711 0.546856082578 0.526260269592
0.228102419711 0.546856082578 0.526260269592
0.228102419711 0.546856082578 0.526260269592
0.228102419711 0.546856082578 0.526260269592
0.228102419711 0.546856082578 0.526260269592
0.228102419711 0.546856082578 0.526260269592
0.228102419711 0.546856082578 0.526260269592
0.228102419711 0.546856082578 0.526260269592
0.228102419711 0.546856082578 0.526260269592
0.228102419711 0.546856082578 0.526260269592
0.228102419711 0.546856082578 0.526260269592
0.228102419711 0.546856082578 0.526260269592
0.228102419711 0.546856082578 0.526260269592
0.228102419711 0.546856082578 0.526260269592
0.064818049114 0.543667294735 0.454632350262
0.064818049114 0.543667294735 0.454632350262
0.064818049114 0.543667294735 0.454632350262
0.064818049114 0.543667294735 0.454632350262
0.064818049114 0.543667294735 0.454632350262
0.064818049114 0.543667294735 0.454632350262
0.064818049114 0.543667294735 0.454632350262
0.064818049114 0.543667294735 0.454632350262
0.064818049114 0.543667294735 0.454632350262
0.064818049114 0.543667294735 0.454632350262
0.064818049114 0.543667294735 0.454632350262
0.938570273023 0.254457613196 0.481708410973
0.938570273023 0.254457613196 0.481708410973
0.938570273023 0.254457613196 0.481708410973
0.561578145160 0.214788164683 0.323236740261
0.561578145160 0.214788164683 0.323236740261
0.561578145160 0.214788164683 0.323236740261
0.561578145160 0.214788164683 0.323236740261
0.418976098755 0.154992824487 0.070930763322
0.418976098755 0.154992824487 0.070930763322
0.418976098755 0.154992824487 0.070930763322
0.418976098755 0.154992824487 0.070930763322
0.418976098755 0.154992824487 0.070930763322
0.418976098755 0.154992824487 0.070930763322
0.418976098755 0.154992824487 0.070930763322
0.418976098755 0.154992824487 0.070930763322
0.418976098755 0.154992824487 0.070930763322
0.418976098755 0.154992824487 0.070930763322
0.418976098755 0.154992824487 0.070930763322
0.418976098755 0.154992824487 0.070930763322
0.418976098755 0.154992824487 0.070930763322
0.418976098755 0.154992824487 0.070930763322
0.418976098755 0.154992824487 0.070930763322
0.418976098755 0.154992824487 0.070930763322
0.418976098755 0.154992824487 0.070930763322
0.418976098755 0.154992824487 0.070930763322
0.418976098755 0.154992824487 0.070930763322
0.418976098755 0.154992824487 0.070930763322
0.418976098755 0.154992824487 0.070930763322
0.418976098755 0.154992824487 0.070930763322
0.418976098755 0.154992824487 0.070930763322
0.418976098755 0.154992824487 0.070930763322
0.418976098755 0.154992824487 0.070930763322
0.418976098755 0.154992824487 0.070930763322
0.418976098755 0.154992824487 0.070930763322
0.418976098755 0.154992824487 0.070930763322
0.418976098755 0.154992824487 0.070930763322
0.418976098755 0.154992824487 0.070930763322
0.418976098755 0.154992824487 0.070930763322
0.418976098755 0.154992824487 0.070930763322
0.418976098755 0.154992824487 0.070930763322
0.418976098755 0.154992824487 0.070930763322
0.418976098755 0.154992824487 0.070930763322
0.570045943041 0.653321644305 0.583889712533
0.059021368839 0.672911557352 0.528043915005
0.059021368839 0.672911557352 0.528043915005
0.059021368839 0.672911557352 0.528043915005
0.059021368839 0.672911557352 0.528043915005
0.059021368839 0.672911557352 0.528043915005
0.059021368839 0.672911557352 0.528043915005
0.059021368839 0.672911557352 0.528043915005
0.059021368839 0.672911557352 0.528043915005
0.059021368839 0.672911557352 0.528043915005
0.000000000000 0.238984626103 0.480947483383
0.000000000000 0.159016487925 0.325000205719
0.000000000000 0.159016487925 0.325000205719
0.000000000000 0.159016487925 0.325000205719
0.000000000000 0.159016487925 0.325000205719
0.000000000000 0.159016487925 0.325000205719
0.000000000000 0.159016487925 0.325000205719
0.000000000000 0.159016487925 0.325000205719
0.000000000000 0.159016487925 0.325000205719
0.000000000000 0.159016487925 0.325000205719
0.000000000000 0.157663296087 0.323844091995
0.000000000000 0.157663296087 0.323844091995
0.000000000000 0.157663296087 0.323844091995
0.000000000000 0.157663296087 0.323844091995
0.000000000000 0.157663296087 0.323844091995
0.000000000000 0.157663296087 0.323844091995
0.000000000000 0.157663296087 0.323844091995
0.000000000000 0.157663296087 0.323844091995
0.000000000000 0.157663296087 0.323844091995
0.000000000000 0.157663296087 0.323844091995
0.000000000000 0.157663296087 0.323844091995
0.000000000000 0.157663296087 0.323844091995
0.000000000000 0.157663296087 0.323844091995
0.327304665806 0.131836942022 0.243527790378
0.327304665806 0.131836942022 0.243527790378
0.327304665806 0.131836942022 0.243527790378
0.327304665806 0.131836942022 0.243527790378
0.327304665806 0.131836942022 0.243527790378
0.327304665806 0.131836942022 0.243527790378
0.335780074291 0.138391156647 0.160896017475
0.302932275017 0.134124997355 0.127752659806
0.302932275017 0.134124997355 0.127752659806
0.349025715730 0.139443981705 0.123454271853
0.349025715730 0.139443981705 0.123454271853
0.349025715730 0.139443981705 0.123454271853
0.349025715730 0.139443981705 0.123454271853
0.349025715730 0.139443981705 0.123454271853
0.349025715730 0.139443981705 0.123454271853
0.963252670023 0.480178461532 0.167683877291
0.963252670023 0.480178461532 0.167683877291
0.963252670023 0.480178461532 0.167683877291
0.963252670023 0.480178461532 0.167683877291
0.963252670023 0.480178461532 0.167683877291
0.963252670023 0.480178461532 0.167683877291
0.963252670023 0.480178461532 0.167683877291
0.963252670023 0.480178461532 0.167683877291
0.963252670023 0.480178461532 0.167683877291
0.963252670023 0.480178461532 0.167683877291
0.963252670023 0.480178461532 0.167683877291
0.963252670023 0.480178461532 0.167683877291
0.963252670023 0.480178461532 0.167683877291
0.963252670023 0.480178461532 0.167683877291
0.963252670023 0.480178461532 0.167683877291
0.963252670023 0.480178461532 0.167683877291
0.963252670023 0.480178461532 0.167683877291
0.963252670023 0.480178461532 0.167683877291
0.963252670023 0.480178461532 0.167683877291
0.963252670023 0.480178461532 0.167683877291
0.963252670023 0.480178461532 0.167683877291
0.963252670023 0.480178461532 0.167683877291
0.963252670023 0.480178461532 0.167683877291
0.963252670023 0.480178461532 0.167683877291
0.963252670023 0.480178461532 0.167683877291
0.963252670023 0.480178461532 0.167683877291
0.963252670023 0.480178461532 0.167683877291
0.963252670023 0.480178461532 0.167683877291
0.963252670023 0.480178461532 0.167683877291
0.963252670023 0.480178461532 0.167683877291
0.963252670023 0.480178461532 0.167683877291
0.963252670023 0.480178461532 0.167683877291
0.963252670023 0.480178461532 0.167683877291
0.963252670023 0.480178461532 0.167683877291
0.963252670023 0.480178461532 0.167683877291
0.963252670023 0.480178461532 0.167683877291
0.963252670023 0.480178461532 0.167683877291
0.963252670023 0.480178461532 0.167683877291
0.963252670023 0.480178461532 0.167683877291
0.963252670023 0.480178461532 0.167683877291
0.963252670023 0.480178461532 0.167683877291
0.134397661855 0.090942267345 0.515536463705
0.602837490846 0.168106219601 0.408758750386
0.602837490846 0.168106219601 0.408758750386
0.602837490846 0.168106219601 0.408758750386
0.602837490846 0.168106219601 0.408758750386
0.602837490846 0.168106219601 0.408758750386
0.602837490846 0.168106219601 0.408758750386
0.602837490846 0.168106219601 0.408758750386
0.602837490846 0.168106219601 0.408758750386
0.602837490846 0.168106219601 0.408758750386
0.602837490846 0.168106219601 0.408758750386
0.602837490846 0.168106219601 0.408758750386
0.602837490846 0.168106219601 0.408758750386
0.602837490846 0.168106219601 0.408758750386
0.602837490846 0.168106219601 0.408758750386
0.602837490846 0.168106219601 0.408758750386
0.602837490846 0.168106219601 0.408758750386
0.602837490846 0.168106219601 0.408758750386
0.457781387702 0.168194918852 0.138957378651
0.457781387702 0.168194918852 0.138957378651
0.457781387702 0.168194918852 0.138957378651
0.457781387702 0.168194918852 0.138957378651
0.394532761642 0.155902406763 0.042126256473
0.394532761642 0.155902406763 0.042126256473
0.394532761642 0.155902406763 0.042126256473
0.394532761642 0.155902406763 0.042126256473
0.393676464785 0.160409712238 0.040526757191
0.393676464785 0.160409712238 0.040526757191
0.393676464785 0.160409712238 0.040526757191
0.393676464785 0.160409712238 0.040526757191
0.393676464785 0.160409712238 0.040526757191
0.393676464785 0.160409712238 0.040526757191
0.393676464785 0.160409712238 0.040526757191
0.393676464785 0.160409712238 0.040526757191
0.393676464785 0.160409712238 0.040526757191
0.393676464785 0.160409712238 0.040526757191
0.393676464785 0.160409712238 0.040526757191
0.393676464785 0.160409712238 0.040526757191
0.393676464785 0.160409712238 0.040526757191
0.393676464785 0.160409712238 0.040526757191
0.393676464785 0.160409712238 0.040526757191
0.393676464785 0.160409712238 0.040526757191
0.393676464785 0.160409712238 0.040526757191
0.393676464785 0.160409712238 0.040526757191
0.671503954179 0.218629877461 0.250398101534
0.671503954179 0.218629877461 0.250398101534
0.671503954179 0.218629877461 0.250398101534
0.671503954179 0.218629877461 0.250398101534
0.671503954179 0.218629877461 0.250398101534
0.738790570416 0.268076737581 0.158285530889
0.738790570416 0.268076737581 0.158285530889
0.738790570416 0.268076737581 0.158285530889
0.844175296201 0.364948100033 0.150941621817
0.844175296201 0.364948100033 0.150941621817
0.844175296201 0.364948100033 0.150941621817
0.844175296201 0.364948100033 0.150941621817
0.844175296201 0.364948100033 0.150941621817
0.844175296201 0.364948100033 0.150941621817
0.844175296201 0.364948100033 0.150941621817
0.844175296201 0.364948100033 0.150941621817
0.844175296201 0.364948100033 0.150941621817
0.844175296201 0.364948100033 0.150941621817
0.844175296201 0.364948100033 0.150941621817
0.844175296201 0.364948100033 0.150941621817
0.844175296201 0.364948100033 0.150941621817
0.844175296201 0.364948100033 0.150941621817
0.844175296201 0.364948100033 0.150941621817
0.844175296201 0.364948100033 0.150941621817
0.844175296201 0.364948100033 0.150941621817
0.844175296201 0.364948100033 0.150941621817
0.844175296201 0.364948100033 0.150941621817
0.844175296201 0.364948100033 0.150941621817
0.844175296201 0.364948100033 0.150941621817
0.844175296201 0.364948100033 0.150941621817
0.844175296201 0.364948100033 0.150941621817
0.838889607938 0.343880624107 0.079901722408
0.838889607938 0.343880624107 0.079901722408
0.838889607938 0.343880624107 0.079901722408
0.838889607938 0.343880624107 0.079901722408
0.838889607938 0.343880624107 0.079901722408
0.838889607938 0.343880624107 0.079901722408
0.838889607938 0.343880624107 0.079901722408
0.838889607938 0.343880624107 0.079901722408
0.838889607938 0.343880624107 0.079901722408
0.838889607938 0.343880624107 0.079901722408
0.838889607938 0.343880624107 0.079901722408
0.838480011545 0.343382488653 0.078435150787
0.838480011545 0.343382488653 0.078435150787
0.997312374368 0.167921809025 0.470826032819
