0.681117475159 0.936143440753 0.572290685125
0.681117475159 0.936143440753 0.572290685125
0.681117475159 0.936143440753 0.572290685125
0.681117475159 0.936143440753 0.572290685125
0.681117475159 0.936143440753 0.572290685125
0.681117475159 0.936143440753 0.572290685125
0.681117475159 0.936143440753 0.572290685125
0.681117475159 0.936143440753 0.572290685125
0.681117475159 0.936143440753 0.572290685125
0.681117475159 0.936143440753 0.572290685125
0.681117475159 0.936143440753 0.572290685125
0.681117475159 0.936143440753 0.572290685125
0.681117475159 0.936143440753 0.572290685125
0.681117475159 0.936143440753 0.572290685125
0.192012408099 0.866373494258 0.528144181263
0.896083316859 0.474624390399 0.376372912161
0.896083316859 0.474624390399 0.376372912161
0.896083316859 0.474624390399 0.376372912161
0.896083316859 0.474624390399 0.376372912161
0.896083316859 0.474624390399 0.376372912161
0.896083316859 0.474624390399 0.376372912161
0.896083316859 0.474624390399 0.376372912161
0.896083316859 0.474624390399 0.376372912161
0.857858474509 0.301132206272 0.347591717924
0.857858474509 0.301132206272 0.347591717924
0.857858474509 0.301132206272 0.347591717924
0.857858474509 0.301132206272 0.347591717924
0.857858474509 0.301132206272 0.347591717924
0.857858474509 0.301132206272 0.347591717924
0.857858474509 0.301132206272 0.347591717924
0.857858474509 0.301132206272 0.347591717924
0.900094875066 0.427631823677 0.253473587216
0.900094875066 0.427631823677 0.253473587216
0.900094875066 0.427631823677 0.253473587216
0.900094875066 0.427631823677 0.253473587216
0.900094875066 0.427631823677 0.253473587216
0.900094875066 0.427631823677 0.253473587216
0.900094875066 0.427631823677 0.253473587216
0.900094875066 0.427631823677 0.253473587216
0.900094875066 0.427631823677 0.253473587216
0.937928533287 0.458856231307 0.127163198989
0.937928533287 0.458856231307 0.127163198989
0.937928533287 0.458856231307 0.127163198989
0.937928533287 0.458856231307 0.127163198989
0.937928533287 0.458856231307 0.127163198989
0.937928533287 0.458856231307 0.127163198989
0.937928533287 0.458856231307 0.127163198989
0.937928533287 0.458856231307 0.127163198989
0.937928533287 0.458856231307 0.127163198989
0.937928533287 0.458856231307 0.127163198989
0.937928533287 0.458856231307 0.127163198989
0.937928533287 0.458856231307 0.127163198989
0.937928533287 0.458856231307 0.127163198989
0.937928533287 0.458856231307 0.127163198989
0.937928533287 0.458856231307 0.127163198989
0.937928533287 0.458856231307 0.127163198989
0.937928533287 0.458856231307 0.127163198989
0.937928533287 0.458856231307 0.127163198989
0.937928533287 0.458856231307 0.127163198989
0.937928533287 0.458856231307 0.127163198989
0.937928533287 0.458856231307 0.127163198989
0.937928533287 0.458856231307 0.127163198989
0.937928533287 0.458856231307 0.127163198989
0.937928533287 0.458856231307 0.127163198989
0.937928533287 0.458856231307 0.127163198989
0.937928533287 0.458856231307 0.127163198989
0.937928533287 0.458856231307 0.127163198989
0.937928533287 0.458856231307 0.127163198989
0.937928533287 0.458856231307 0.127163198989
0.937928533287 0.458856231307 0.127163198989
0.937928533287 0.458856231307 0.127163198989
0.937928533287 0.458856231307 0.127163198989
0.937928533287 0.458856231307 0.127163198989
0.937928533287 0.458856231307 0.127163198989
0.937928533287 0.458856231307 0.127163198989
0.937928533287 0.458856231307 0.127163198989
0.937928533287 0.458856231307 0.127163198989
0.937928533287 0.458856231307 0.127163198989
0.937928533287 0.458856231307 0.127163198989
0.937928533287 0.458856231307 0.127163198989
0.937928533287 0.458856231307 0.127163198989
0.937928533287 0.458856231307 0.127163198989
0.937928533287 0.458856231307 0.127163198989
0.937928533287 0.458856231307 0.127163198989
0.937928533287 0.458856231307 0.127163198989
0.937928533287 0.458856231307 0.127163198989
0.937928533287 0.458856231307 0.127163198989
0.937928533287 0.458856231307 0.127163198989
0.937928533287 0.458856231307 0.127163198989
0.937928533287 0.458856231307 0.127163198989
0.937928533287 0.458856231307 0.127163198989
0.937928533287 0.458856231307 0.127163198989
0.937928533287 0.458856231307 0.127163198989
0.937928533287 0.458856231307 0.127163198989
0.937928533287 0.458856231307 0.127163198989
0.937928533287 0.458856231307 0.127163198989
0.937928533287 0.458856231307 0.127163198989
0.937928533287 0.458856231307 0.127163198989
0.937928533287 0.458856231307 0.127163198989
0.937928533287 0.458856231307 0.127163198989
0.937928533287 0.458856231307 0.127163198989
0.937928533287 0.458856231307 0.127163198989
0.937928533287 0.458856231307 0.127163198989
0.937928533287 0.458856231307 0.127163198989
0.937928533287 0.458856231307 0.127163198989
0.937928533287 0.458856231307 0.127163198989
0.937928533287 0.458856231307 0.127163198989
0.937928533287 0.458856231307 0.127163198989
0.937928533287 0.458856231307 0.127163198989
0.937928533287 0.458856231307 0.127163198989
0.937928533287 0.458856231307 0.127163198989
0.937928533287 0.458856231307 0.127163198989
0.937928533287 0.458856231307 0.127163198989
0.937928533287 0.458856231307 0.127163198989
0.937928533287 0.458856231307 0.127163198989
0.937928533287 0.458856231307 0.127163198989
0.937928533287 0.458856231307 0.127163198989
0.937928533287 0.458856231307 0.127163198989
0.937928533287 0.458856231307 0.127163198989
0.937928533287 0.458856231307 0.127163198989
0.937928533287 0.458856231307 0.127163198989
0.937928533287 0.458856231307 0.127163198989
0.937928533287 0.458856231307 0.127163198989
0.937928533287 0.458856231307 0.127163198989
0.937928533287 0.458856231307 0.127163198989
0.937928533287 0.458856231307 0.127163198989
0.937928533287 0.458856231307 0.127163198989
0.384335299732 0.146085315536 0.119886779382
0.384335299732 0.146085315536 0.119886779382
0.384335299732 0.146085315536 0.119886779382
0.384335299732 0.146085315536 0.119886779382
0.389111621750 0.168977831246 0.112784436257
0.389111621750 0.168977831246 0.112784436257
0.389111621750 0.168977831246 0.112784436257
0.389111621750 0.168977831246 0.112784436257
0.389111621750 0.168977831246 0.112784436257
0.389111621750 0.168977831246 0.112784436257
0.389111621750 0.168977831246 0.112784436257
0.389111621750 0.168977831246 0.112784436257
0.389111621750 0.168977831246 0.112784436257
0.389111621750 0.168977831246 0.112784436257
0.389111621750 0.168977831246 0.112784436257
0.389111621750 0.168977831246 0.112784436257
0.389111621750 0.168977831246 0.112784436257
0.389111621750 0.168977831246 0.112784436257
0.389111621750 0.168977831246 0.112784436257
0.389111621750 0.168977831246 0.112784436257
0.389111621750 0.168977831246 0.112784436257
0.389111621750 0.168977831246 0.112784436257
0.389111621750 0.168977831246 0.112784436257
0.389111621750 0.168977831246 0.112784436257
0.389111621750 0.168977831246 0.112784436257
0.389111621750 0.168977831246 0.112784436257
0.389111621750 0.168977831246 0.112784436257
0.389111621750 0.168977831246 0.112784436257
0.389111621750 0.168977831246 0.112784436257
0.389111621750 0.168977831246 0.112784436257
0.389111621750 0.168977831246 0.112784436257
0.389111621750 0.168977831246 0.112784436257
0.389111621750 0.168977831246 0.112784436257
0.389111621750 0.168977831246 0.112784436257
0.389111621750 0.168977831246 0.112784436257
0.389111621750 0.168977831246 0.112784436257
0.389111621750 0.168977831246 0.112784436257
0.389111621750 0.168977831246 0.112784436257
0.389111621750 0.168977831246 0.112784436257
0.389111621750 0.168977831246 0.112784436257
0.389111621750 0.168977831246 0.112784436257
0.389111621750 0.168977831246 0.112784436257
0.389111621750 0.168977831246 0.112784436257
0.389111621750 0.168977831246 0.112784436257
0.389111621750 0.168977831246 0.112784436257
0.389111621750 0.168977831246 0.112784436257
0.389111621750 0.168977831246 0.112784436257
0.389111621750 0.168977831246 0.112784436257
0.389111621750 0.168977831246 0.112784436257
0.389111621750 0.168977831246 0.112784436257
0.389111621750 0.168977831246 0.112784436257
0.389111621750 0.168977831246 0.112784436257
0.389111621750 0.168977831246 0.112784436257
0.389111621750 0.168977831246 0.112784436257
0.389111621750 0.168977831246 0.112784436257
0.389111621750 0.168977831246 0.112784436257
0.389111621750 0.168977831246 0.112784436257
0.389111621750 0.168977831246 0.112784436257
0.888967922512 0.389294694852 0.105389911304
0.888967922512 0.389294694852 0.105389911304
0.888967922512 0.389294694852 0.105389911304
0.888967922512 0.389294694852 0.105389911304
0.888967922512 0.389294694852 0.105389911304
0.888967922512 0.389294694852 0.105389911304
0.888967922512 0.389294694852 0.105389911304
0.888967922512 0.389294694852 0.105389911304
0.888967922512 0.389294694852 0.105389911304
0.888967922512 0.389294694852 0.105389911304
0.888967922512 0.389294694852 0.105389911304
0.888967922512 0.389294694852 0.105389911304
0.888967922512 0.389294694852 0.105389911304
0.888967922512 0.389294694852 0.105389911304
0.888967922512 0.389294694852 0.105389911304
0.888967922512 0.389294694852 0.105389911304
0.888967922512 0.389294694852 0.105389911304
0.888967922512 0.389294694852 0.105389911304
0.888967922512 0.389294694852 0.105389911304
0.888967922512 0.389294694852 0.105389911304
0.888967922512 0.389294694852 0.105389911304
0.888967922512 0.389294694852 0.105389911304
0.888967922512 0.389294694852 0.105389911304
0.888967922512 0.389294694852 0.105389911304
0.888967922512 0.389294694852 0.105389911304
0.888967922512 0.389294694852 0.105389911304
0.888967922512 0.389294694852 0.105389911304
0.888967922512 0.389294694852 0.105389911304
0.888967922512 0.389294694852 0.105389911304
0.888967922512 0.389294694852 0.105389911304
0.888967922512 0.389294694852 0.105389911304
0.888967922512 0.389294694852 0.105389911304
0.888967922512 0.389294694852 0.105389911304
0.888967922512 0.389294694852 0.105389911304
0.888967922512 0.389294694852 0.105389911304
0.888967922512 0.389294694852 0.105389911304
0.888967922512 0.389294694852 0.105389911304
0.888967922512 0.389294694852 0.105389911304
0.888967922512 0.389294694852 0.105389911304
0.888967922512 0.389294694852 0.105389911304
0.888967922512 0.389294694852 0.105389911304
0.888967922512 0.389294694852 0.105389911304
0.888967922512 0.389294694852 0.105389911304
0.888967922512 0.389294694852 0.105389911304
0.888967922512 0.389294694852 0.105389911304
0.888967922512 0.389294694852 0.105389911304
0.888967922512 0.389294694852 0.105389911304
0.888967922512 0.389294694852 0.105389911304
0.888967922512 0.389294694852 0.105389911304
0.888967922512 0.389294694852 0.105389911304
0.888967922512 0.389294694852 0.105389911304
0.888967922512 0.389294694852 0.105389911304
0.888967922512 0.389294694852 0.105389911304
0.888967922512 0.389294694852 0.105389911304
0.888967922512 0.389294694852 0.105389911304
0.888967922512 0.389294694852 0.105389911304
0.888967922512 0.389294694852 0.105389911304
0.888967922512 0.389294694852 0.105389911304
0.888967922512 0.389294694852 0.105389911304
0.888967922512 0.389294694852 0.105389911304
0.888967922512 0.389294694852 0.105389911304
0.888967922512 0.389294694852 0.105389911304
0.888967922512 0.389294694852 0.105389911304
0.888967922512 0.389294694852 0.105389911304
0.888967922512 0.389294694852 0.105389911304
0.888967922512 0.389294694852 0.105389911304
0.888967922512 0.389294694852 0.105389911304
0.888967922512 0.389294694852 0.105389911304
0.888967922512 0.389294694852 0.105389911304
0.888967922512 0.389294694852 0.105389911304
0.888967922512 0.389294694852 0.105389911304
0.888967922512 0.389294694852 0.105389911304
0.888967922512 0.389294694852 0.105389911304
0.888967922512 0.389294694852 0.105389911304
0.888967922512 0.389294694852 0.105389911304
0.888967922512 0.389294694852 0.105389911304
0.888967922512 0.389294694852 0.105389911304
0.888967922512 0.389294694852 0.105389911304
0.888967922512 0.389294694852 0.105389911304
0.888967922512 0.389294694852 0.105389911304
0.888967922512 0.389294694852 0.105389911304
0.888967922512 0.389294694852 0.105389911304
0.888967922512 0.389294694852 0.105389911304
0.888967922512 0.389294694852 0.105389911304
0.888967922512 0.389294694852 0.105389911304
0.888967922512 0.389294694852 0.105389911304
0.888967922512 0.389294694852 0.105389911304
0.888967922512 0.389294694852 0.105389911304
0.888967922512 0.389294694852 0.105389911304
0.888967922512 0.389294694852 0.105389911304
0.888967922512 0.389294694852 0.105389911304
0.888967922512 0.389294694852 0.105389911304
0.888967922512 0.389294694852 0.105389911304
0.888967922512 0.389294694852 0.105389911304
0.888967922512 0.389294694852 0.105389911304
0.888967922512 0.389294694852 0.105389911304
0.888967922512 0.389294694852 0.105389911304
0.888967922512 0.389294694852 0.105389911304
0.888967922512 0.389294694852 0.105389911304
0.888967922512 0.389294694852 0.105389911304
0.888967922512 0.389294694852 0.105389911304
0.888967922512 0.389294694852 0.105389911304
0.888967922512 0.389294694852 0.105389911304
0.888967922512 0.389294694852 0.105389911304
0.888967922512 0.389294694852 0.105389911304
0.888967922512 0.389294694852 0.105389911304
0.888967922512 0.389294694852 0.105389911304
0.888967922512 0.389294694852 0.105389911304
0.888967922512 0.389294694852 0.105389911304
0.888967922512 0.389294694852 0.105389911304
0.888967922512 0.389294694852 0.105389911304
0.888967922512 0.389294694852 0.105389911304
0.888967922512 0.389294694852 0.105389911304
0.888967922512 0.389294694852 0.105389911304
0.888967922512 0.389294694852 0.105389911304
0.888967922512 0.389294694852 0.105389911304
0.888967922512 0.389294694852 0.105389911304
0.888967922512 0.389294694852 0.105389911304
0.888967922512 0.389294694852 0.105389911304
0.888967922512 0.389294694852 0.105389911304
0.888967922512 0.389294694852 0.105389911304
0.888967922512 0.389294694852 0.105389911304
0.888967922512 0.389294694852 0.105389911304
0.888967922512 0.389294694852 0.105389911304
0.888967922512 0.389294694852 0.105389911304
0.888967922512 0.389294694852 0.105389911304
0.888967922512 0.389294694852 0.105389911304
0.888967922512 0.389294694852 0.105389911304
0.888967922512 0.389294694852 0.105389911304
0.888967922512 0.389294694852 0.105389911304
0.418976098755 0.154992824487 0.070930763322
0.418976098755 0.154992824487 0.070930763322
0.418976098755 0.154992824487 0.070930763322
0.418976098755 0.154992824487 0.070930763322
0.418976098755 0.154992824487 0.070930763322
0.418976098755 0.154992824487 0.070930763322
0.418976098755 0.154992824487 0.070930763322
0.418976098755 0.154992824487 0.070930763322
0.418976098755 0.154992824487 0.070930763322
0.418976098755 0.154992824487 0.070930763322
0.418976098755 0.154992824487 0.070930763322
0.418976098755 0.154992824487 0.070930763322
0.418976098755 0.154992824487 0.070930763322
0.418976098755 0.154992824487 0.070930763322
0.418976098755 0.154992824487 0.070930763322
0.418976098755 0.154992824487 0.070930763322
0.418976098755 0.154992824487 0.070930763322
0.418976098755 0.154992824487 0.070930763322
0.418976098755 0.154992824487 0.070930763322
0.418976098755 0.154992824487 0.070930763322
0.418976098755 0.154992824487 0.070930763322
0.418976098755 0.154992824487 0.070930763322
0.418976098755 0.154992824487 0.070930763322
0.418976098755 0.154992824487 0.070930763322
0.418976098755 0.154992824487 0.070930763322
0.418976098755 0.154992824487 0.070930763322
0.418976098755 0.154992824487 0.070930763322
0.418976098755 0.154992824487 0.070930763322
0.418976098755 0.154992824487 0.070930763322
0.418976098755 0.154992824487 0.070930763322
0.418976098755 0.154992824487 0.070930763322
0.418976098755 0.154992824487 0.070930763322
0.418976098755 0.154992824487 0.070930763322
0.418976098755 0.154992824487 0.070930763322
0.418976098755 0.154992824487 0.070930763322
0.418976098755 0.154992824487 0.070930763322
0.418976098755 0.154992824487 0.070930763322
0.418976098755 0.154992824487 0.070930763322
0.418976098755 0.154992824487 0.070930763322
0.418976098755 0.154992824487 0.070930763322
0.418976098755 0.154992824487 0.070930763322
0.418976098755 0.154992824487 0.070930763322
0.418976098755 0.154992824487 0.070930763322
0.418976098755 0.154992824487 0.070930763322
0.418976098755 0.154992824487 0.070930763322
0.418976098755 0.154992824487 0.070930763322
0.418976098755 0.154992824487 0.070930763322
0.418976098755 0.154992824487 0.070930763322
0.418976098755 0.154992824487 0.070930763322
0.418976098755 0.154992824487 0.070930763322
0.418976098755 0.154992824487 0.070930763322
0.418976098755 0.154992824487 0.070930763322
0.418976098755 0.154992824487 0.070930763322
0.418976098755 0.154992824487 0.070930763322
0.418976098755 0.154992824487 0.070930763322
0.418976098755 0.154992824487 0.070930763322
0.418976098755 0.154992824487 0.070930763322
0.418976098755 0.154992824487 0.070930763322
0.418976098755 0.154992824487 0.070930763322
0.418976098755 0.154992824487 0.070930763322
0.418976098755 0.154992824487 0.070930763322
0.418976098755 0.154992824487 0.070930763322
0.418976098755 0.154992824487 0.070930763322
0.418976098755 0.154992824487 0.070930763322
0.418976098755 0.154992824487 0.070930763322
0.418976098755 0.154992824487 0.070930763322
0.418976098755 0.154992824487 0.070930763322
0.418976098755 0.154992824487 0.070930763322
0.418976098755 0.154992824487 0.070930763322
0.418976098755 0.154992824487 0.070930763322
0.418976098755 0.154992824487 0.070930763322
0.418976098755 0.154992824487 0.070930763322
0.418976098755 0.154992824487 0.070930763322
0.418976098755 0.154992824487 0.070930763322
0.418976098755 0.154992824487 0.070930763322
0.418976098755 0.154992824487 0.070930763322
0.418976098755 0.154992824487 0.070930763322
0.418976098755 0.154992824487 0.070930763322
0.418976098755 0.154992824487 0.070930763322
0.418976098755 0.154992824487 0.070930763322
0.418976098755 0.154992824487 0.070930763322
0.418976098755 0.154992824487 0.070930763322
0.418976098755 0.154992824487 0.070930763322
0.418976098755 0.154992824487 0.070930763322
0.418976098755 0.154992824487 0.070930763322
0.418976098755 0.154992824487 0.070930763322
0.418976098755 0.154992824487 0.070930763322
0.418976098755 0.154992824487 0.070930763322
0.418976098755 0.154992824487 0.070930763322
0.418976098755 0.154992824487 0.070930763322
0.418976098755 0.154992824487 0.070930763322
0.418976098755 0.154992824487 0.070930763322
0.418976098755 0.154992824487 0.070930763322
0.418976098755 0.154992824487 0.070930763322
0.418976098755 0.154992824487 0.070930763322
0.418976098755 0.154992824487 0.070930763322
0.418976098755 0.154992824487 0.070930763322
0.418976098755 0.154992824487 0.070930763322
0.418976098755 0.154992824487 0.070930763322
0.418976098755 0.154992824487 0.070930763322
0.418976098755 0.154992824487 0.070930763322
0.418976098755 0.154992824487 0.070930763322
0.418976098755 0.154992824487 0.070930763322
0.418976098755 0.154992824487 0.070930763322
0.418976098755 0.154992824487 0.070930763322
0.418976098755 0.154992824487 0.070930763322
0.418976098755 0.154992824487 0.070930763322
0.418976098755 0.154992824487 0.070930763322
0.418976098755 0.154992824487 0.070930763322
0.418976098755 0.154992824487 0.070930763322
0.418976098755 0.154992824487 0.070930763322
0.418976098755 0.154992824487 0.070930763322
0.418976098755 0.154992824487 0.070930763322
0.418976098755 0.154992824487 0.070930763322
0.418976098755 0.154992824487 0.070930763322
0.418976098755 0.154992824487 0.070930763322
0.418976098755 0.154992824487 0.070930763322
0.418976098755 0.154992824487 0.070930763322
0.418976098755 0.154992824487 0.070930763322
0.418976098755 0.154992824487 0.070930763322
0.418976098755 0.154992824487 0.070930763322
0.418976098755 0.154992824487 0.070930763322
0.418976098755 0.154992824487 0.070930763322
0.393676464785 0.160409712238 0.040526757191
0.393676464785 0.160409712238 0.040526757191
0.393676464785 0.160409712238 0.040526757191
0.393676464785 0.160409712238 0.040526757191
0.393676464785 0.160409712238 0.040526757191
0.393676464785 0.160409712238 0.040526757191
0.393676464785 0.160409712238 0.040526757191
0.393676464785 0.160409712238 0.040526757191
0.393676464785 0.160409712238 0.040526757191
0.393676464785 0.160409712238 0.040526757191
0.393676464785 0.160409712238 0.040526757191
0.393676464785 0.160409712238 0.040526757191
0.393676464785 0.160409712238 0.040526757191
0.393676464785 0.160409712238 0.040526757191
0.393676464785 0.160409712238 0.040526757191
0.393676464785 0.160409712238 0.040526757191
0.393676464785 0.160409712238 0.040526757191
0.393676464785 0.160409712238 0.040526757191
0.393676464785 0.160409712238 0.040526757191
0.393676464785 0.160409712238 0.040526757191
0.393676464785 0.160409712238 0.040526757191
0.393676464785 0.160409712238 0.040526757191
0.393676464785 0.160409712238 0.040526757191
0.393676464785 0.160409712238 0.040526757191
0.393676464785 0.160409712238 0.040526757191
0.393676464785 0.160409712238 0.040526757191
0.393676464785 0.160409712238 0.040526757191
0.393676464785 0.160409712238 0.040526757191
0.393676464785 0.160409712238 0.040526757191
0.393676464785 0.160409712238 0.040526757191
0.393676464785 0.160409712238 0.040526757191
0.393676464785 0.160409712238 0.040526757191
0.393676464785 0.160409712238 0.040526757191
0.393676464785 0.160409712238 0.040526757191
0.393676464785 0.160409712238 0.040526757191
0.393676464785 0.160409712238 0.040526757191
0.393676464785 0.160409712238 0.040526757191
0.393676464785 0.160409712238 0.040526757191
0.393676464785 0.160409712238 0.040526757191
0.393676464785 0.160409712238 0.040526757191
0.393676464785 0.160409712238 0.040526757191
0.393676464785 0.160409712238 0.040526757191
0.393676464785 0.160409712238 0.040526757191
0.393676464785 0.160409712238 0.040526757191
0.393676464785 0.160409712238 0.040526757191
0.393676464785 0.160409712238 0.040526757191
0.393676464785 0.160409712238 0.040526757191
0.393676464785 0.160409712238 0.040526757191
0.393676464785 0.160409712238 0.040526757191
0.393676464785 0.160409712238 0.040526757191
0.393676464785 0.160409712238 0.040526757191
0.393676464785 0.160409712238 0.040526757191
0.393676464785 0.160409712238 0.040526757191
0.393676464785 0.160409712238 0.040526757191
0.393676464785 0.160409712238 0.040526757191
0.393676464785 0.160409712238 0.040526757191
0.393676464785 0.160409712238 0.040526757191
0.393676464785 0.160409712238 0.040526757191
0.393676464785 0.160409712238 0.040526757191
0.393676464785 0.160409712238 0.040526757191
0.393676464785 0.160409712238 0.040526757191
0.393676464785 0.160409712238 0.040526757191
0.393676464785 0.160409712238 0.040526757191
