0.306804620165 0.962464771692 0.551364441240
0.306804620165 0.962464771692 0.551364441240
0.306804620165 0.962464771692 0.551364441240
0.306804620165 0.962464771692 0.551364441240
0.000000000000 0.989072599995 0.548156182895
0.000000000000 0.989072599995 0.548156182895
0.000000000000 0.989072599995 0.548156182895
0.000000000000 0.989072599995 0.548156182895
0.000000000000 0.678899230917 0.521312860762
0.000000000000 0.678899230917 0.521312860762
0.000000000000 0.678899230917 0.521312860762
0.000000000000 0.678899230917 0.521312860762
0.000000000000 0.678899230917 0.521312860762
0.000000000000 0.678899230917 0.521312860762
0.000000000000 0.678899230917 0.521312860762
0.000000000000 0.678899230917 0.521312860762
0.000000000000 0.731334051853 0.438135642111
0.000000000000 0.731334051853 0.438135642111
0.000000000000 0.731334051853 0.438135642111
0.000000000000 0.731334051853 0.438135642111
0.000000000000 0.731334051853 0.438135642111
0.000000000000 0.731334051853 0.438135642111
0.000000000000 0.731334051853 0.438135642111
0.000000000000 0.731334051853 0.438135642111
0.000000000000 0.731334051853 0.438135642111
0.000000000000 0.731334051853 0.438135642111
0.000000000000 0.731334051853 0.438135642111
0.000000000000 0.731334051853 0.438135642111
0.000000000000 0.731334051853 0.438135642111
0.000000000000 0.731334051853 0.438135642111
0.000000000000 0.731334051853 0.438135642111
0.000000000000 0.731334051853 0.438135642111
0.000000000000 0.731334051853 0.438135642111
0.000000000000 0.731334051853 0.438135642111
0.000000000000 0.731334051853 0.438135642111
0.000000000000 0.731334051853 0.438135642111
0.000000000000 0.729773029017 0.433240278779
0.000000000000 0.729773029017 0.433240278779
0.000000000000 0.729773029017 0.433240278779
0.000000000000 0.729773029017 0.433240278779
0.000000000000 0.729773029017 0.433240278779
0.000000000000 0.729773029017 0.433240278779
0.000000000000 0.729773029017 0.433240278779
0.000000000000 0.729773029017 0.433240278779
0.000000000000 0.729773029017 0.433240278779
0.000000000000 0.729773029017 0.433240278779
0.000000000000 0.729773029017 0.433240278779
0.000000000000 0.729773029017 0.433240278779
0.000000000000 0.729773029017 0.433240278779
0.000000000000 0.729773029017 0.433240278779
0.000000000000 0.729773029017 0.433240278779
0.000000000000 0.729773029017 0.433240278779
0.626296971013 0.216489799452 0.210545218733
0.645240919514 0.225414100611 0.161028410254
0.645240919514 0.225414100611 0.161028410254
0.645240919514 0.225414100611 0.161028410254
0.645240919514 0.225414100611 0.161028410254
0.645240919514 0.225414100611 0.161028410254
0.645240919514 0.225414100611 0.161028410254
0.645240919514 0.225414100611 0.161028410254
0.645240919514 0.225414100611 0.161028410254
0.645240919514 0.225414100611 0.161028410254
0.715008574408 0.259156767749 0.134054305350
0.715008574408 0.259156767749 0.134054305350
0.715008574408 0.259156767749 0.134054305350
0.715008574408 0.259156767749 0.134054305350
0.715008574408 0.259156767749 0.134054305350
0.715008574408 0.259156767749 0.134054305350
0.715008574408 0.259156767749 0.134054305350
0.715008574408 0.259156767749 0.134054305350
0.715008574408 0.259156767749 0.134054305350
0.715008574408 0.259156767749 0.134054305350
0.715008574408 0.259156767749 0.134054305350
0.715008574408 0.259156767749 0.134054305350
0.715008574408 0.259156767749 0.134054305350
0.715008574408 0.259156767749 0.134054305350
0.715008574408 0.259156767749 0.134054305350
0.715008574408 0.259156767749 0.134054305350
0.662177636787 0.248105208142 0.126112375743
0.662177636787 0.248105208142 0.126112375743
0.662177636787 0.248105208142 0.126112375743
0.681148256253 0.241154918935 0.110389807342
0.681148256253 0.241154918935 0.110389807342
0.681148256253 0.241154918935 0.110389807342
0.681148256253 0.241154918935 0.110389807342
0.681148256253 0.241154918935 0.110389807342
0.681148256253 0.241154918935 0.110389807342
0.681148256253 0.241154918935 0.110389807342
0.681148256253 0.241154918935 0.110389807342
0.681148256253 0.241154918935 0.110389807342
0.681148256253 0.241154918935 0.110389807342
0.681148256253 0.241154918935 0.110389807342
0.681148256253 0.241154918935 0.110389807342
0.681148256253 0.241154918935 0.110389807342
0.681148256253 0.241154918935 0.110389807342
0.681148256253 0.241154918935 0.110389807342
0.681148256253 0.241154918935 0.110389807342
0.681148256253 0.241154918935 0.110389807342
0.681148256253 0.241154918935 0.110389807342
0.681148256253 0.241154918935 0.110389807342
0.681148256253 0.241154918935 0.110389807342
0.681148256253 0.241154918935 0.110389807342
0.681148256253 0.241154918935 0.110389807342
0.681148256253 0.241154918935 0.110389807342
0.681148256253 0.241154918935 0.110389807342
0.681148256253 0.241154918935 0.110389807342
0.681148256253 0.241154918935 0.110389807342
0.681148256253 0.241154918935 0.110389807342
0.681148256253 0.241154918935 0.110389807342
0.681148256253 0.241154918935 0.110389807342
0.681148256253 0.241154918935 0.110389807342
0.681148256253 0.241154918935 0.110389807342
0.681148256253 0.241154918935 0.110389807342
0.681148256253 0.241154918935 0.110389807342
0.681148256253 0.241154918935 0.110389807342
0.681148256253 0.241154918935 0.110389807342
0.681148256253 0.241154918935 0.110389807342
0.681148256253 0.241154918935 0.110389807342
0.681148256253 0.241154918935 0.110389807342
0.681148256253 0.241154918935 0.110389807342
0.681148256253 0.241154918935 0.110389807342
0.681148256253 0.241154918935 0.110389807342
0.681148256253 0.241154918935 0.110389807342
0.681148256253 0.241154918935 0.110389807342
0.681148256253 0.241154918935 0.110389807342
0.681148256253 0.241154918935 0.110389807342
0.681148256253 0.241154918935 0.110389807342
0.681148256253 0.241154918935 0.110389807342
0.681148256253 0.241154918935 0.110389807342
0.681148256253 0.241154918935 0.110389807342
0.384130750201 0.153951299186 0.058160325252
0.384130750201 0.153951299186 0.058160325252
0.384130750201 0.153951299186 0.058160325252
0.372672442093 0.151377274911 0.050221920603
0.372672442093 0.151377274911 0.050221920603
0.372672442093 0.151377274911 0.050221920603
0.372672442093 0.151377274911 0.050221920603
0.372672442093 0.151377274911 0.050221920603
0.372672442093 0.151377274911 0.050221920603
0.372672442093 0.151377274911 0.050221920603
0.372672442093 0.151377274911 0.050221920603
0.372672442093 0.151377274911 0.050221920603
0.372672442093 0.151377274911 0.050221920603
0.372672442093 0.151377274911 0.050221920603
0.372672442093 0.151377274911 0.050221920603
0.372672442093 0.151377274911 0.050221920603
0.372672442093 0.151377274911 0.050221920603
0.372672442093 0.151377274911 0.050221920603
0.372672442093 0.151377274911 0.050221920603
0.372672442093 0.151377274911 0.050221920603
0.372672442093 0.151377274911 0.050221920603
0.372672442093 0.151377274911 0.050221920603
0.372672442093 0.151377274911 0.050221920603
0.372672442093 0.151377274911 0.050221920603
0.372672442093 0.151377274911 0.050221920603
0.372672442093 0.151377274911 0.050221920603
0.372672442093 0.151377274911 0.050221920603
0.372672442093 0.151377274911 0.050221920603
0.372672442093 0.151377274911 0.050221920603
0.372672442093 0.151377274911 0.050221920603
0.372672442093 0.151377274911 0.050221920603
0.372672442093 0.151377274911 0.050221920603
0.372672442093 0.151377274911 0.050221920603
0.372672442093 0.151377274911 0.050221920603
0.372672442093 0.151377274911 0.050221920603
0.372672442093 0.151377274911 0.050221920603
0.372672442093 0.151377274911 0.050221920603
0.372672442093 0.151377274911 0.050221920603
0.372672442093 0.151377274911 0.050221920603
0.372672442093 0.151377274911 0.050221920603
0.372672442093 0.151377274911 0.050221920603
0.372672442093 0.151377274911 0.050221920603
0.372672442093 0.151377274911 0.050221920603
0.372672442093 0.151377274911 0.050221920603
0.372672442093 0.151377274911 0.050221920603
0.372672442093 0.151377274911 0.050221920603
0.372672442093 0.151377274911 0.050221920603
0.372672442093 0.151377274911 0.050221920603
0.372672442093 0.151377274911 0.050221920603
0.372672442093 0.151377274911 0.050221920603
0.372672442093 0.151377274911 0.050221920603
0.372672442093 0.151377274911 0.050221920603
0.372672442093 0.151377274911 0.050221920603
0.372672442093 0.151377274911 0.050221920603
0.372672442093 0.151377274911 0.050221920603
0.372672442093 0.151377274911 0.050221920603
0.372672442093 0.151377274911 0.050221920603
0.372672442093 0.151377274911 0.050221920603
0.372672442093 0.151377274911 0.050221920603
0.372672442093 0.151377274911 0.050221920603
0.372672442093 0.151377274911 0.050221920603
0.372672442093 0.151377274911 0.050221920603
0.372672442093 0.151377274911 0.050221920603
0.372672442093 0.151377274911 0.050221920603
0.372672442093 0.151377274911 0.050221920603
0.372672442093 0.151377274911 0.050221920603
0.372672442093 0.151377274911 0.050221920603
0.372672442093 0.151377274911 0.050221920603
0.372672442093 0.151377274911 0.050221920603
0.372672442093 0.151377274911 0.050221920603
0.372672442093 0.151377274911 0.050221920603
0.372672442093 0.151377274911 0.050221920603
0.372672442093 0.151377274911 0.050221920603
0.372672442093 0.151377274911 0.050221920603
0.372672442093 0.151377274911 0.050221920603
0.372672442093 0.151377274911 0.050221920603
0.372672442093 0.151377274911 0.050221920603
0.372672442093 0.151377274911 0.050221920603
0.372672442093 0.151377274911 0.050221920603
0.372672442093 0.151377274911 0.050221920603
0.372672442093 0.151377274911 0.050221920603
0.372672442093 0.151377274911 0.050221920603
0.372672442093 0.151377274911 0.050221920603
0.372672442093 0.151377274911 0.050221920603
0.659414724169 0.237412904348 0.046838792547
0.659414724169 0.237412904348 0.046838792547
0.659414724169 0.237412904348 0.046838792547
0.659414724169 0.237412904348 0.046838792547
0.659414724169 0.237412904348 0.046838792547
0.659414724169 0.237412904348 0.046838792547
0.659414724169 0.237412904348 0.046838792547
0.659414724169 0.237412904348 0.046838792547
0.659414724169 0.237412904348 0.046838792547
0.659414724169 0.237412904348 0.046838792547
0.659414724169 0.237412904348 0.046838792547
0.659414724169 0.237412904348 0.046838792547
0.659414724169 0.237412904348 0.046838792547
0.659414724169 0.237412904348 0.046838792547
0.659414724169 0.237412904348 0.046838792547
0.659414724169 0.237412904348 0.046838792547
0.659414724169 0.237412904348 0.046838792547
0.659414724169 0.237412904348 0.046838792547
0.659414724169 0.237412904348 0.046838792547
0.659414724169 0.237412904348 0.046838792547
0.659414724169 0.237412904348 0.046838792547
0.659414724169 0.237412904348 0.046838792547
0.659414724169 0.237412904348 0.046838792547
0.659414724169 0.237412904348 0.046838792547
0.659414724169 0.237412904348 0.046838792547
0.659414724169 0.237412904348 0.046838792547
0.659414724169 0.237412904348 0.046838792547
0.659414724169 0.237412904348 0.046838792547
0.659414724169 0.237412904348 0.046838792547
0.659414724169 0.237412904348 0.046838792547
0.659414724169 0.237412904348 0.046838792547
0.659414724169 0.237412904348 0.046838792547
0.659414724169 0.237412904348 0.046838792547
0.659414724169 0.237412904348 0.046838792547
0.659414724169 0.237412904348 0.046838792547
0.659414724169 0.237412904348 0.046838792547
0.659414724169 0.237412904348 0.046838792547
0.659414724169 0.237412904348 0.046838792547
0.659414724169 0.237412904348 0.046838792547
0.659414724169 0.237412904348 0.046838792547
0.659414724169 0.237412904348 0.046838792547
0.659414724169 0.237412904348 0.046838792547
0.659414724169 0.237412904348 0.046838792547
0.659414724169 0.237412904348 0.046838792547
0.659414724169 0.237412904348 0.046838792547
0.659414724169 0.237412904348 0.046838792547
0.659414724169 0.237412904348 0.046838792547
0.659414724169 0.237412904348 0.046838792547
0.659414724169 0.237412904348 0.046838792547
0.659414724169 0.237412904348 0.046838792547
0.659414724169 0.237412904348 0.046838792547
0.659414724169 0.237412904348 0.046838792547
0.659414724169 0.237412904348 0.046838792547
0.659414724169 0.237412904348 0.046838792547
0.659414724169 0.237412904348 0.046838792547
0.659414724169 0.237412904348 0.046838792547
0.659414724169 0.237412904348 0.046838792547
0.659414724169 0.237412904348 0.046838792547
0.659414724169 0.237412904348 0.046838792547
0.659414724169 0.237412904348 0.046838792547
0.659414724169 0.237412904348 0.046838792547
0.659414724169 0.237412904348 0.046838792547
0.659414724169 0.237412904348 0.046838792547
0.659414724169 0.237412904348 0.046838792547
0.659414724169 0.237412904348 0.046838792547
0.659414724169 0.237412904348 0.046838792547
0.659414724169 0.237412904348 0.046838792547
0.659414724169 0.237412904348 0.046838792547
0.659414724169 0.237412904348 0.046838792547
0.659414724169 0.237412904348 0.046838792547
0.659414724169 0.237412904348 0.046838792547
0.659414724169 0.237412904348 0.046838792547
0.659414724169 0.237412904348 0.046838792547
0.659414724169 0.237412904348 0.046838792547
0.659414724169 0.237412904348 0.046838792547
0.659414724169 0.237412904348 0.046838792547
0.659414724169 0.237412904348 0.046838792547
0.659414724169 0.237412904348 0.046838792547
0.659414724169 0.237412904348 0.046838792547
0.659414724169 0.237412904348 0.046838792547
0.659414724169 0.237412904348 0.046838792547
0.659414724169 0.237412904348 0.046838792547
0.659414724169 0.237412904348 0.046838792547
0.659414724169 0.237412904348 0.046838792547
0.659414724169 0.237412904348 0.046838792547
0.659414724169 0.237412904348 0.046838792547
0.659414724169 0.237412904348 0.046838792547
0.659414724169 0.237412904348 0.046838792547
0.659414724169 0.237412904348 0.046838792547
0.659414724169 0.237412904348 0.046838792547
0.659414724169 0.237412904348 0.046838792547
0.659414724169 0.237412904348 0.046838792547
0.659414724169 0.237412904348 0.046838792547
0.659414724169 0.237412904348 0.046838792547
0.659414724169 0.237412904348 0.046838792547
0.659414724169 0.237412904348 0.046838792547
0.659414724169 0.237412904348 0.046838792547
0.659414724169 0.237412904348 0.046838792547
0.659414724169 0.237412904348 0.046838792547
0.659414724169 0.237412904348 0.046838792547
0.659414724169 0.237412904348 0.046838792547
0.659414724169 0.237412904348 0.046838792547
0.659414724169 0.237412904348 0.046838792547
0.659414724169 0.237412904348 0.046838792547
0.659414724169 0.237412904348 0.046838792547
0.659414724169 0.237412904348 0.046838792547
0.659414724169 0.237412904348 0.046838792547
0.659414724169 0.237412904348 0.046838792547
0.659414724169 0.237412904348 0.046838792547
0.659414724169 0.237412904348 0.046838792547
0.659414724169 0.237412904348 0.046838792547
0.659414724169 0.237412904348 0.046838792547
0.659414724169 0.237412904348 0.046838792547
0.659414724169 0.237412904348 0.046838792547
0.659414724169 0.237412904348 0.046838792547
0.659414724169 0.237412904348 0.046838792547
0.659414724169 0.237412904348 0.046838792547
0.659414724169 0.237412904348 0.046838792547
0.659414724169 0.237412904348 0.046838792547
0.659414724169 0.237412904348 0.046838792547
0.659414724169 0.237412904348 0.046838792547
0.659414724169 0.237412904348 0.046838792547
0.659414724169 0.237412904348 0.046838792547
0.659414724169 0.237412904348 0.046838792547
0.659414724169 0.237412904348 0.046838792547
0.659414724169 0.237412904348 0.046838792547
0.659414724169 0.237412904348 0.046838792547
0.659414724169 0.237412904348 0.046838792547
0.659414724169 0.237412904348 0.046838792547
0.659414724169 0.237412904348 0.046838792547
0.659414724169 0.237412904348 0.046838792547
0.659414724169 0.237412904348 0.046838792547
0.659414724169 0.237412904348 0.046838792547
0.659414724169 0.237412904348 0.046838792547
0.659414724169 0.237412904348 0.046838792547
0.659414724169 0.237412904348 0.046838792547
0.659414724169 0.237412904348 0.046838792547
0.659414724169 0.237412904348 0.046838792547
0.659414724169 0.237412904348 0.046838792547
0.659414724169 0.237412904348 0.046838792547
0.659414724169 0.237412904348 0.046838792547
0.659414724169 0.237412904348 0.046838792547
0.659414724169 0.237412904348 0.046838792547
0.659414724169 0.237412904348 0.046838792547
0.659414724169 0.237412904348 0.046838792547
0.659414724169 0.237412904348 0.046838792547
0.659414724169 0.237412904348 0.046838792547
0.659414724169 0.237412904348 0.046838792547
0.659414724169 0.237412904348 0.046838792547
0.659414724169 0.237412904348 0.046838792547
0.659414724169 0.237412904348 0.046838792547
0.659414724169 0.237412904348 0.046838792547
0.659414724169 0.237412904348 0.046838792547
0.659414724169 0.237412904348 0.046838792547
0.659414724169 0.237412904348 0.046838792547
0.659414724169 0.237412904348 0.046838792547
0.659414724169 0.237412904348 0.046838792547
0.659414724169 0.237412904348 0.046838792547
0.659414724169 0.237412904348 0.046838792547
0.659414724169 0.237412904348 0.046838792547
0.659414724169 0.237412904348 0.046838792547
0.659414724169 0.237412904348 0.046838792547
0.659414724169 0.237412904348 0.046838792547
0.659414724169 0.237412904348 0.046838792547
0.659414724169 0.237412904348 0.046838792547
0.659414724169 0.237412904348 0.046838792547
0.659414724169 0.237412904348 0.046838792547
0.659414724169 0.237412904348 0.046838792547
0.659414724169 0.237412904348 0.046838792547
0.659414724169 0.237412904348 0.046838792547
0.659414724169 0.237412904348 0.046838792547
0.659414724169 0.237412904348 0.046838792547
0.659414724169 0.237412904348 0.046838792547
0.659414724169 0.237412904348 0.046838792547
0.659414724169 0.237412904348 0.046838792547
0.659414724169 0.237412904348 0.046838792547
0.659414724169 0.237412904348 0.046838792547
0.659414724169 0.237412904348 0.046838792547
0.659414724169 0.237412904348 0.046838792547
0.659414724169 0.237412904348 0.046838792547
0.659414724169 0.237412904348 0.046838792547
0.659414724169 0.237412904348 0.046838792547
0.659414724169 0.237412904348 0.046838792547
0.659414724169 0.237412904348 0.046838792547
0.659414724169 0.237412904348 0.046838792547
0.659414724169 0.237412904348 0.046838792547
0.659414724169 0.237412904348 0.046838792547
0.659414724169 0.237412904348 0.046838792547
0.659414724169 0.237412904348 0.046838792547
0.659414724169 0.237412904348 0.046838792547
0.659414724169 0.237412904348 0.046838792547
0.659414724169 0.237412904348 0.046838792547
0.659414724169 0.237412904348 0.046838792547
0.659414724169 0.237412904348 0.046838792547
0.659414724169 0.237412904348 0.046838792547
0.659414724169 0.237412904348 0.046838792547
0.659414724169 0.237412904348 0.046838792547
0.659414724169 0.237412904348 0.046838792547
0.659414724169 0.237412904348 0.046838792547
0.659414724169 0.237412904348 0.046838792547
0.659414724169 0.237412904348 0.046838792547
0.659414724169 0.237412904348 0.046838792547
0.659414724169 0.237412904348 0.046838792547
0.659414724169 0.237412904348 0.046838792547
0.659414724169 0.237412904348 0.046838792547
0.659414724169 0.237412904348 0.046838792547
0.659414724169 0.237412904348 0.046838792547
0.659414724169 0.237412904348 0.046838792547
0.659414724169 0.237412904348 0.046838792547
0.659414724169 0.237412904348 0.046838792547
0.659414724169 0.237412904348 0.046838792547
0.659414724169 0.237412904348 0.046838792547
0.659414724169 0.237412904348 0.046838792547
0.659414724169 0.237412904348 0.046838792547
0.659414724169 0.237412904348 0.046838792547
0.659414724169 0.237412904348 0.046838792547
0.659414724169 0.237412904348 0.046838792547
0.659414724169 0.237412904348 0.046838792547
0.659414724169 0.237412904348 0.046838792547
0.659414724169 0.237412904348 0.046838792547
0.659414724169 0.237412904348 0.046838792547
0.659414724169 0.237412904348 0.046838792547
0.659414724169 0.237412904348 0.046838792547
0.659414724169 0.237412904348 0.046838792547
0.659414724169 0.237412904348 0.046838792547
0.659414724169 0.237412904348 0.046838792547
0.659414724169 0.237412904348 0.046838792547
0.659414724169 0.237412904348 0.046838792547
0.659414724169 0.237412904348 0.046838792547
0.659414724169 0.237412904348 0.046838792547
0.659414724169 0.237412904348 0.046838792547
0.659414724169 0.237412904348 0.046838792547
0.659414724169 0.237412904348 0.046838792547
0.659414724169 0.237412904348 0.046838792547
0.659414724169 0.237412904348 0.046838792547
0.659414724169 0.237412904348 0.046838792547
0.659414724169 0.237412904348 0.046838792547
0.659414724169 0.237412904348 0.046838792547
0.659414724169 0.237412904348 0.046838792547
0.659414724169 0.237412904348 0.046838792547
0.659414724169 0.237412904348 0.046838792547
0.659414724169 0.237412904348 0.046838792547
0.659414724169 0.237412904348 0.046838792547
0.659414724169 0.237412904348 0.046838792547
0.659414724169 0.237412904348 0.046838792547
0.659414724169 0.237412904348 0.046838792547
0.659414724169 0.237412904348 0.046838792547
0.659414724169 0.237412904348 0.046838792547
0.659414724169 0.237412904348 0.046838792547
0.659414724169 0.237412904348 0.046838792547
0.659414724169 0.237412904348 0.046838792547
0.659414724169 0.237412904348 0.046838792547
0.659414724169 0.237412904348 0.046838792547
0.659414724169 0.237412904348 0.046838792547
0.659414724169 0.237412904348 0.046838792547
0.659414724169 0.237412904348 0.046838792547
0.659414724169 0.237412904348 0.046838792547
0.659414724169 0.237412904348 0.046838792547
0.659414724169 0.237412904348 0.046838792547
0.659414724169 0.237412904348 0.046838792547
0.659414724169 0.237412904348 0.046838792547
0.659414724169 0.237412904348 0.046838792547
0.659414724169 0.237412904348 0.046838792547
0.659414724169 0.237412904348 0.046838792547
0.659414724169 0.237412904348 0.046838792547
0.659414724169 0.237412904348 0.046838792547
0.659414724169 0.237412904348 0.046838792547
0.659414724169 0.237412904348 0.046838792547
0.659414724169 0.237412904348 0.046838792547
0.659414724169 0.237412904348 0.046838792547
0.659414724169 0.237412904348 0.046838792547
0.659414724169 0.237412904348 0.046838792547
0.659414724169 0.237412904348 0.046838792547
0.659414724169 0.237412904348 0.046838792547
0.659414724169 0.237412904348 0.046838792547
0.659414724169 0.237412904348 0.046838792547
0.659414724169 0.237412904348 0.046838792547
0.659414724169 0.237412904348 0.046838792547
0.659414724169 0.237412904348 0.046838792547
0.659414724169 0.237412904348 0.046838792547
0.659414724169 0.237412904348 0.046838792547
0.659414724169 0.237412904348 0.046838792547
0.659414724169 0.237412904348 0.046838792547
0.659414724169 0.237412904348 0.046838792547
0.659414724169 0.237412904348 0.046838792547
0.659414724169 0.237412904348 0.046838792547
0.659414724169 0.237412904348 0.046838792547
