0.306804620165 0.962464771692 0.551364441240
0.306804620165 0.962464771692 0.551364441240
0.306804620165 0.962464771692 0.551364441240
0.306804620165 0.962464771692 0.551364441240
0.306804620165 0.962464771692 0.551364441240
0.306804620165 0.962464771692 0.551364441240
0.306804620165 0.962464771692 0.551364441240
0.306804620165 0.962464771692 0.551364441240
0.306804620165 0.962464771692 0.551364441240
0.306804620165 0.962464771692 0.551364441240
0.306804620165 0.962464771692 0.551364441240
0.147411403276 0.856875710791 0.534801635689
0.000000000000 0.870650372192 0.470186282938
0.000000000000 0.870650372192 0.470186282938
0.000000000000 0.870650372192 0.470186282938
0.000000000000 0.870650372192 0.470186282938
0.000000000000 0.870650372192 0.470186282938
0.000000000000 0.870650372192 0.470186282938
0.000000000000 0.870650372192 0.470186282938
0.000000000000 0.870650372192 0.470186282938
0.000000000000 0.870650372192 0.470186282938
0.000000000000 0.870650372192 0.470186282938
0.000000000000 0.870650372192 0.470186282938
0.000000000000 0.870650372192 0.470186282938
0.033293891750 0.608284378973 0.463101306919
0.033293891750 0.608284378973 0.463101306919
0.033293891750 0.608284378973 0.463101306919
0.033293891750 0.608284378973 0.463101306919
0.033293891750 0.608284378973 0.463101306919
0.033293891750 0.608284378973 0.463101306919
0.033293891750 0.608284378973 0.463101306919
0.033293891750 0.608284378973 0.463101306919
0.033293891750 0.608284378973 0.463101306919
0.000000000000 0.729773029017 0.433240278779
0.000000000000 0.729773029017 0.433240278779
0.000000000000 0.729773029017 0.433240278779
0.000000000000 0.729773029017 0.433240278779
0.000000000000 0.729773029017 0.433240278779
0.000000000000 0.729773029017 0.433240278779
0.000000000000 0.729773029017 0.433240278779
0.000000000000 0.729773029017 0.433240278779
0.000000000000 0.729773029017 0.433240278779
0.000000000000 0.729773029017 0.433240278779
0.000000000000 0.729773029017 0.433240278779
0.000000000000 0.729773029017 0.433240278779
0.671787860817 0.303031357251 0.372196245465
0.671787860817 0.303031357251 0.372196245465
0.691616722547 0.219330601930 0.300817024312
0.668638643446 0.215386200565 0.258298653781
0.668638643446 0.215386200565 0.258298653781
0.668638643446 0.215386200565 0.258298653781
0.668638643446 0.215386200565 0.258298653781
0.668638643446 0.215386200565 0.258298653781
0.668638643446 0.215386200565 0.258298653781
0.668638643446 0.215386200565 0.258298653781
0.668642311311 0.221515450714 0.236597706877
0.668642311311 0.221515450714 0.236597706877
0.668642311311 0.221515450714 0.236597706877
0.715008574408 0.259156767749 0.134054305350
0.715008574408 0.259156767749 0.134054305350
0.715008574408 0.259156767749 0.134054305350
0.715008574408 0.259156767749 0.134054305350
0.715008574408 0.259156767749 0.134054305350
0.715008574408 0.259156767749 0.134054305350
0.715008574408 0.259156767749 0.134054305350
0.715008574408 0.259156767749 0.134054305350
0.715008574408 0.259156767749 0.134054305350
0.715008574408 0.259156767749 0.134054305350
0.715008574408 0.259156767749 0.134054305350
0.715008574408 0.259156767749 0.134054305350
0.715008574408 0.259156767749 0.134054305350
0.715008574408 0.259156767749 0.134054305350
0.715008574408 0.259156767749 0.134054305350
0.715008574408 0.259156767749 0.134054305350
0.715008574408 0.259156767749 0.134054305350
0.715008574408 0.259156767749 0.134054305350
0.715008574408 0.259156767749 0.134054305350
0.715008574408 0.259156767749 0.134054305350
0.715008574408 0.259156767749 0.134054305350
0.715008574408 0.259156767749 0.134054305350
0.715008574408 0.259156767749 0.134054305350
0.715008574408 0.259156767749 0.134054305350
0.715008574408 0.259156767749 0.134054305350
0.715008574408 0.259156767749 0.134054305350
0.715008574408 0.259156767749 0.134054305350
0.715008574408 0.259156767749 0.134054305350
0.715008574408 0.259156767749 0.134054305350
0.715008574408 0.259156767749 0.134054305350
0.715008574408 0.259156767749 0.134054305350
0.125185551204 0.352188468059 0.539565779564
0.125185551204 0.352188468059 0.539565779564
0.125185551204 0.352188468059 0.539565779564
0.125185551204 0.352188468059 0.539565779564
0.125185551204 0.352188468059 0.539565779564
0.125185551204 0.352188468059 0.539565779564
0.125185551204 0.352188468059 0.539565779564
0.125185551204 0.352188468059 0.539565779564
0.125185551204 0.352188468059 0.539565779564
0.125185551204 0.352188468059 0.539565779564
0.125185551204 0.352188468059 0.539565779564
0.125185551204 0.352188468059 0.539565779564
0.097043004973 0.405469897488 0.531545134366
0.097043004973 0.405469897488 0.531545134366
0.097043004973 0.405469897488 0.531545134366
0.000000000000 0.514529815113 0.501179009742
0.000000000000 0.514529815113 0.501179009742
0.000000000000 0.499453592878 0.497218882032
0.000000000000 0.499453592878 0.497218882032
0.000000000000 0.499453592878 0.497218882032
0.000000000000 0.250064195378 0.497099785849
0.000000000000 0.246181052459 0.486010731177
0.000000000000 0.246181052459 0.486010731177
0.000000000000 0.169545470048 0.467546807933
0.000000000000 0.169545470048 0.467546807933
0.090863483845 0.107919405188 0.419452410416
0.090863483845 0.107919405188 0.419452410416
0.090863483845 0.107919405188 0.419452410416
0.090863483845 0.107919405188 0.419452410416
0.090863483845 0.107919405188 0.419452410416
0.090863483845 0.107919405188 0.419452410416
0.090863483845 0.107919405188 0.419452410416
0.090863483845 0.107919405188 0.419452410416
0.363420108518 0.144975471903 0.091624642465
0.363420108518 0.144975471903 0.091624642465
0.363420108518 0.144975471903 0.091624642465
0.363420108518 0.144975471903 0.091624642465
0.354070202164 0.146796026310 0.074180205678
0.354070202164 0.146796026310 0.074180205678
0.375246410751 0.149368549605 0.067125198048
0.375246410751 0.149368549605 0.067125198048
0.375246410751 0.149368549605 0.067125198048
0.373477949327 0.151285122457 0.050221920603
0.373477949327 0.151285122457 0.050221920603
0.373477949327 0.151285122457 0.050221920603
0.373477949327 0.151285122457 0.050221920603
0.373477949327 0.151285122457 0.050221920603
0.373477949327 0.151285122457 0.050221920603
0.373477949327 0.151285122457 0.050221920603
0.373477949327 0.151285122457 0.050221920603
0.373477949327 0.151285122457 0.050221920603
0.373477949327 0.151285122457 0.050221920603
0.757930772256 0.706942534569 0.737112694103
0.732884605752 0.742404833866 0.670388780757
0.878672021399 0.474959069228 0.473122386480
0.878672021399 0.474959069228 0.473122386480
0.819171982596 0.405674949879 0.421677729838
0.819171982596 0.405674949879 0.421677729838
0.819171982596 0.405674949879 0.421677729838
0.819171982596 0.405674949879 0.421677729838
0.819171982596 0.405674949879 0.421677729838
0.819171982596 0.405674949879 0.421677729838
0.819171982596 0.405674949879 0.421677729838
0.819171982596 0.405674949879 0.421677729838
0.819171982596 0.405674949879 0.421677729838
0.819171982596 0.405674949879 0.421677729838
0.861139396399 0.387156081719 0.211736666019
0.882622049972 0.392032667978 0.164182258338
0.882622049972 0.392032667978 0.164182258338
0.882622049972 0.392032667978 0.164182258338
0.882622049972 0.392032667978 0.164182258338
0.882622049972 0.392032667978 0.164182258338
0.882622049972 0.392032667978 0.164182258338
0.882622049972 0.392032667978 0.164182258338
0.882622049972 0.392032667978 0.164182258338
0.882622049972 0.392032667978 0.164182258338
0.882622049972 0.392032667978 0.164182258338
0.882622049972 0.392032667978 0.164182258338
0.886787521855 0.390897165478 0.112042801898
0.886787521855 0.390897165478 0.112042801898
0.887412475615 0.388638493707 0.102954443175
0.887412475615 0.388638493707 0.102954443175
0.887412475615 0.388638493707 0.102954443175
0.887412475615 0.388638493707 0.102954443175
0.887412475615 0.388638493707 0.102954443175
0.887412475615 0.388638493707 0.102954443175
0.887412475615 0.388638493707 0.102954443175
0.887412475615 0.388638493707 0.102954443175
0.887412475615 0.388638493707 0.102954443175
0.887412475615 0.388638493707 0.102954443175
0.884594999807 0.385333832010 0.099263789074
0.884594999807 0.385333832010 0.099263789074
0.884594999807 0.385333832010 0.099263789074
0.884594999807 0.385333832010 0.099263789074
0.884594999807 0.385333832010 0.099263789074
0.884594999807 0.385333832010 0.099263789074
0.884594999807 0.385333832010 0.099263789074
0.884594999807 0.385333832010 0.099263789074
0.884594999807 0.385333832010 0.099263789074
0.884594999807 0.385333832010 0.099263789074
0.884665465246 0.386956020967 0.099142895260
0.884665465246 0.386956020967 0.099142895260
0.000000000000 0.260269445200 0.519850623169
0.698757340478 0.243117829274 0.174541648923
0.698757340478 0.243117829274 0.174541648923
0.698757340478 0.243117829274 0.174541648923
0.698757340478 0.243117829274 0.174541648923
0.698757340478 0.243117829274 0.174541648923
0.698757340478 0.243117829274 0.174541648923
0.665236723084 0.236353724914 0.075355191315
0.665236723084 0.236353724914 0.075355191315
0.665236723084 0.236353724914 0.075355191315
0.665236723084 0.236353724914 0.075355191315
0.665236723084 0.236353724914 0.075355191315
0.665236723084 0.236353724914 0.075355191315
0.665236723084 0.236353724914 0.075355191315
0.665236723084 0.236353724914 0.075355191315
0.665236723084 0.236353724914 0.075355191315
0.660436506377 0.236586186337 0.052287346685
0.660436506377 0.236586186337 0.052287346685
0.660436506377 0.236586186337 0.052287346685
0.660436506377 0.236586186337 0.052287346685
0.660436506377 0.236586186337 0.052287346685
0.660436506377 0.236586186337 0.052287346685
0.660436506377 0.236586186337 0.052287346685
0.660436506377 0.236586186337 0.052287346685
0.660436506377 0.236586186337 0.052287346685
0.660436506377 0.236586186337 0.052287346685
0.660436506377 0.236586186337 0.052287346685
0.660436506377 0.236586186337 0.052287346685
0.660436506377 0.236586186337 0.052287346685
0.660436506377 0.236586186337 0.052287346685
0.660436506377 0.236586186337 0.052287346685
0.660436506377 0.236586186337 0.052287346685
0.660436506377 0.236586186337 0.052287346685
0.660436506377 0.236586186337 0.052287346685
0.660436506377 0.236586186337 0.052287346685
0.660436506377 0.236586186337 0.052287346685
0.660436506377 0.236586186337 0.052287346685
0.660436506377 0.236586186337 0.052287346685
0.660436506377 0.236586186337 0.052287346685
0.660436506377 0.236586186337 0.052287346685
0.660436506377 0.236586186337 0.052287346685
0.660436506377 0.236586186337 0.052287346685
0.660436506377 0.236586186337 0.052287346685
0.660436506377 0.236586186337 0.052287346685
0.660436506377 0.236586186337 0.052287346685
0.997683520365 0.844217760477 0.606639426415
0.997683520365 0.844217760477 0.606639426415
0.997683520365 0.844217760477 0.606639426415
0.997683520365 0.844217760477 0.606639426415
0.997683520365 0.844217760477 0.606639426415
0.997683520365 0.844217760477 0.606639426415
0.997683520365 0.844217760477 0.606639426415
0.997683520365 0.844217760477 0.606639426415
0.974045530595 0.888951739644 0.594687543500
0.974045530595 0.888951739644 0.594687543500
0.976311065625 0.697092323485 0.542195742945
0.910322158276 0.419062030825 0.164977036995
0.910322158276 0.419062030825 0.164977036995
0.910322158276 0.419062030825 0.164977036995
0.910322158276 0.419062030825 0.164977036995
0.910322158276 0.419062030825 0.164977036995
0.910322158276 0.419062030825 0.164977036995
0.883534382609 0.381438402011 0.113115902076
0.883534382609 0.381438402011 0.113115902076
0.883534382609 0.381438402011 0.113115902076
0.883534382609 0.381438402011 0.113115902076
0.883534382609 0.381438402011 0.113115902076
0.883534382609 0.381438402011 0.113115902076
0.883534382609 0.381438402011 0.113115902076
0.883534382609 0.381438402011 0.113115902076
0.883534382609 0.381438402011 0.113115902076
0.883534382609 0.381438402011 0.113115902076
0.883534382609 0.381438402011 0.113115902076
0.883534382609 0.381438402011 0.113115902076
0.883534382609 0.381438402011 0.113115902076
0.883534382609 0.381438402011 0.113115902076
0.883534382609 0.381438402011 0.113115902076
0.883534382609 0.381438402011 0.113115902076
0.883534382609 0.381438402011 0.113115902076
0.883534382609 0.381438402011 0.113115902076
0.883534382609 0.381438402011 0.113115902076
0.883534382609 0.381438402011 0.113115902076
0.883534382609 0.381438402011 0.113115902076
0.883534382609 0.381438402011 0.113115902076
0.883534382609 0.381438402011 0.113115902076
0.883534382609 0.381438402011 0.113115902076
0.883534382609 0.381438402011 0.113115902076
0.883534382609 0.381438402011 0.113115902076
0.883534382609 0.381438402011 0.113115902076
0.404252349789 0.161872401944 0.037965039274
0.404252349789 0.161872401944 0.037965039274
0.404252349789 0.161872401944 0.037965039274
0.404252349789 0.161872401944 0.037965039274
0.404252349789 0.161872401944 0.037965039274
0.404252349789 0.161872401944 0.037965039274
0.404252349789 0.161872401944 0.037965039274
0.404252349789 0.161872401944 0.037965039274
0.404252349789 0.161872401944 0.037965039274
0.404252349789 0.161872401944 0.037965039274
0.404252349789 0.161872401944 0.037965039274
0.404252349789 0.161872401944 0.037965039274
0.404252349789 0.161872401944 0.037965039274
0.404252349789 0.161872401944 0.037965039274
0.404252349789 0.161872401944 0.037965039274
0.404252349789 0.161872401944 0.037965039274
0.404252349789 0.161872401944 0.037965039274
0.404252349789 0.161872401944 0.037965039274
0.404252349789 0.161872401944 0.037965039274
0.404252349789 0.161872401944 0.037965039274
0.404252349789 0.161872401944 0.037965039274
0.404252349789 0.161872401944 0.037965039274
0.404252349789 0.161872401944 0.037965039274
0.404252349789 0.161872401944 0.037965039274
0.404252349789 0.161872401944 0.037965039274
0.404252349789 0.161872401944 0.037965039274
0.404252349789 0.161872401944 0.037965039274
0.404252349789 0.161872401944 0.037965039274
0.404252349789 0.161872401944 0.037965039274
0.404252349789 0.161872401944 0.037965039274
0.404252349789 0.161872401944 0.037965039274
0.404252349789 0.161872401944 0.037965039274
0.404252349789 0.161872401944 0.037965039274
0.408242509215 0.157846731632 0.034922829656
0.408242509215 0.157846731632 0.034922829656
0.408242509215 0.157846731632 0.034922829656
0.408242509215 0.157846731632 0.034922829656
0.408242509215 0.157846731632 0.034922829656
0.408242509215 0.157846731632 0.034922829656
0.408242509215 0.157846731632 0.034922829656
0.408242509215 0.157846731632 0.034922829656
0.239461210507 0.434615519615 0.538646305243
0.068356633684 0.555969128975 0.534268661927
0.068356633684 0.555969128975 0.534268661927
0.014705095854 0.694041415622 0.499636812161
0.000000000000 0.341656869362 0.457098006758
0.000000000000 0.341656869362 0.457098006758
0.000000000000 0.341656869362 0.457098006758
0.000000000000 0.341656869362 0.457098006758
0.000000000000 0.341656869362 0.457098006758
0.000000000000 0.341656869362 0.457098006758
0.000000000000 0.341656869362 0.457098006758
0.000000000000 0.341656869362 0.457098006758
0.000000000000 0.341656869362 0.457098006758
0.000000000000 0.341656869362 0.457098006758
0.000000000000 0.341656869362 0.457098006758
0.000000000000 0.341656869362 0.457098006758
0.000000000000 0.341656869362 0.457098006758
0.000000000000 0.341656869362 0.457098006758
0.000000000000 0.341656869362 0.457098006758
0.000000000000 0.341656869362 0.457098006758
0.000000000000 0.341656869362 0.457098006758
0.000000000000 0.341656869362 0.457098006758
0.000000000000 0.341656869362 0.457098006758
0.000000000000 0.341656869362 0.457098006758
0.000000000000 0.341656869362 0.457098006758
0.000000000000 0.341656869362 0.457098006758
0.000000000000 0.341656869362 0.457098006758
0.000000000000 0.341656869362 0.457098006758
0.000000000000 0.341656869362 0.457098006758
0.000000000000 0.341656869362 0.457098006758
0.000000000000 0.341656869362 0.457098006758
0.000000000000 0.341656869362 0.457098006758
0.000000000000 0.341656869362 0.457098006758
0.000000000000 0.341656869362 0.457098006758
0.000000000000 0.341656869362 0.457098006758
0.000000000000 0.341656869362 0.457098006758
0.000000000000 0.341656869362 0.457098006758
0.000000000000 0.341656869362 0.457098006758
0.000000000000 0.341656869362 0.457098006758
0.000000000000 0.341656869362 0.457098006758
0.000000000000 0.139952133725 0.317009788031
0.436799071338 0.146977058308 0.203375358669
0.436799071338 0.146977058308 0.203375358669
0.436799071338 0.146977058308 0.203375358669
0.436799071338 0.146977058308 0.203375358669
0.436799071338 0.146977058308 0.203375358669
0.387267492100 0.922986820752 0.594790947276
0.387267492100 0.922986820752 0.594790947276
0.387267492100 0.922986820752 0.594790947276
0.387267492100 0.922986820752 0.594790947276
0.387267492100 0.922986820752 0.594790947276
0.387267492100 0.922986820752 0.594790947276
0.387267492100 0.922986820752 0.594790947276
0.387267492100 0.922986820752 0.594790947276
0.004551456986 0.723697504375 0.453911455983
0.000592342192 0.727262522507 0.427971433962
0.000592342192 0.727262522507 0.427971433962
0.000592342192 0.727262522507 0.427971433962
0.000592342192 0.727262522507 0.427971433962
0.000592342192 0.727262522507 0.427971433962
0.000592342192 0.727262522507 0.427971433962
0.000592342192 0.727262522507 0.427971433962
0.000592342192 0.727262522507 0.427971433962
0.000592342192 0.727262522507 0.427971433962
0.000592342192 0.727262522507 0.427971433962
0.000592342192 0.727262522507 0.427971433962
0.000592342192 0.727262522507 0.427971433962
0.000592342192 0.727262522507 0.427971433962
0.000592342192 0.727262522507 0.427971433962
0.000592342192 0.727262522507 0.427971433962
0.000592342192 0.727262522507 0.427971433962
0.000592342192 0.727262522507 0.427971433962
0.000592342192 0.727262522507 0.427971433962
0.000592342192 0.727262522507 0.427971433962
0.000592342192 0.727262522507 0.427971433962
0.000592342192 0.727262522507 0.427971433962
0.000592342192 0.727262522507 0.427971433962
0.000592342192 0.727262522507 0.427971433962
0.000592342192 0.727262522507 0.427971433962
0.000592342192 0.727262522507 0.427971433962
0.000592342192 0.727262522507 0.427971433962
0.000592342192 0.727262522507 0.427971433962
0.000592342192 0.727262522507 0.427971433962
0.000592342192 0.727262522507 0.427971433962
0.000592342192 0.727262522507 0.427971433962
0.000592342192 0.727262522507 0.427971433962
0.000592342192 0.727262522507 0.427971433962
0.000592342192 0.727262522507 0.427971433962
0.000000000000 0.247918593424 0.488800312660
0.000000000000 0.247918593424 0.488800312660
0.000000000000 0.247918593424 0.488800312660
0.000000000000 0.247918593424 0.488800312660
0.000000000000 0.247918593424 0.488800312660
0.000000000000 0.247918593424 0.488800312660
0.000000000000 0.247918593424 0.488800312660
0.000000000000 0.247918593424 0.488800312660
0.000000000000 0.122574861801 0.343496613990
0.000000000000 0.122574861801 0.343496613990
0.000000000000 0.122574861801 0.343496613990
0.000000000000 0.122574861801 0.343496613990
0.000000000000 0.122574861801 0.343496613990
0.000000000000 0.122574861801 0.343496613990
0.000000000000 0.122574861801 0.343496613990
0.000000000000 0.122574861801 0.343496613990
0.000000000000 0.122574861801 0.343496613990
0.000000000000 0.132860715883 0.252044683336
0.000000000000 0.132860715883 0.252044683336
0.000000000000 0.132860715883 0.252044683336
0.513911825191 0.173382655711 0.137947156346
0.513911825191 0.173382655711 0.137947156346
0.513911825191 0.173382655711 0.137947156346
0.513911825191 0.173382655711 0.137947156346
0.513911825191 0.173382655711 0.137947156346
0.513911825191 0.173382655711 0.137947156346
0.513911825191 0.173382655711 0.137947156346
0.513911825191 0.173382655711 0.137947156346
0.513911825191 0.173382655711 0.137947156346
0.513911825191 0.173382655711 0.137947156346
0.513911825191 0.173382655711 0.137947156346
0.513911825191 0.173382655711 0.137947156346
0.513911825191 0.173382655711 0.137947156346
0.513911825191 0.173382655711 0.137947156346
0.513911825191 0.173382655711 0.137947156346
0.513911825191 0.173382655711 0.137947156346
0.513911825191 0.173382655711 0.137947156346
0.513911825191 0.173382655711 0.137947156346
0.513911825191 0.173382655711 0.137947156346
0.513911825191 0.173382655711 0.137947156346
0.513911825191 0.173382655711 0.137947156346
0.513911825191 0.173382655711 0.137947156346
0.513911825191 0.173382655711 0.137947156346
0.513911825191 0.173382655711 0.137947156346
0.606708273585 0.342005733465 0.601178583664
0.606708273585 0.342005733465 0.601178583664
0.925195440014 0.832932708423 0.585590356505
0.353645003502 0.865549267165 0.564087520660
0.353645003502 0.865549267165 0.564087520660
0.034083341617 0.784510413120 0.439231095787
0.034083341617 0.784510413120 0.439231095787
0.034083341617 0.784510413120 0.439231095787
0.034083341617 0.784510413120 0.439231095787
0.034083341617 0.784510413120 0.439231095787
0.034083341617 0.784510413120 0.439231095787
0.034083341617 0.784510413120 0.439231095787
0.034083341617 0.784510413120 0.439231095787
0.034083341617 0.784510413120 0.439231095787
0.034083341617 0.784510413120 0.439231095787
0.034083341617 0.784510413120 0.439231095787
0.034083341617 0.784510413120 0.439231095787
0.034083341617 0.784510413120 0.439231095787
0.034083341617 0.784510413120 0.439231095787
0.034083341617 0.784510413120 0.439231095787
0.034083341617 0.784510413120 0.439231095787
0.034083341617 0.784510413120 0.439231095787
0.034083341617 0.784510413120 0.439231095787
0.034083341617 0.784510413120 0.439231095787
0.034083341617 0.784510413120 0.439231095787
0.034083341617 0.784510413120 0.439231095787
0.034083341617 0.784510413120 0.439231095787
0.034083341617 0.784510413120 0.439231095787
0.034083341617 0.784510413120 0.439231095787
0.034083341617 0.784510413120 0.439231095787
0.034083341617 0.784510413120 0.439231095787
0.034083341617 0.784510413120 0.439231095787
0.034083341617 0.784510413120 0.439231095787
0.034083341617 0.784510413120 0.439231095787
0.034083341617 0.784510413120 0.439231095787
0.034083341617 0.784510413120 0.439231095787
0.034083341617 0.784510413120 0.439231095787
0.034083341617 0.784510413120 0.439231095787
0.034083341617 0.784510413120 0.439231095787
0.034083341617 0.784510413120 0.439231095787
0.034083341617 0.784510413120 0.439231095787
0.034083341617 0.784510413120 0.439231095787
0.034083341617 0.784510413120 0.439231095787
0.034083341617 0.784510413120 0.439231095787
0.075049643299 0.500603354967 0.508774939370
0.075049643299 0.500603354967 0.508774939370
0.075049643299 0.500603354967 0.508774939370
0.075049643299 0.500603354967 0.508774939370
