0.732724196001 0.516070048990 0.858144917093
0.732724196001 0.516070048990 0.858144917093
0.751981681623 0.625145216581 0.854550549880
0.911638460715 0.492798024564 0.368364250136
0.910279199233 0.435770268548 0.212372481146
0.910279199233 0.435770268548 0.212372481146
0.910279199233 0.435770268548 0.212372481146
0.910279199233 0.435770268548 0.212372481146
0.910279199233 0.435770268548 0.212372481146
0.910279199233 0.435770268548 0.212372481146
0.910279199233 0.435770268548 0.212372481146
0.910279199233 0.435770268548 0.212372481146
0.906498663766 0.414132914536 0.173339137442
0.906498663766 0.414132914536 0.173339137442
0.904085683613 0.397285349915 0.173080840493
0.904085683613 0.397285349915 0.173080840493
0.904085683613 0.397285349915 0.173080840493
0.904085683613 0.397285349915 0.173080840493
0.904085683613 0.397285349915 0.173080840493
0.904085683613 0.397285349915 0.173080840493
0.904085683613 0.397285349915 0.173080840493
0.904085683613 0.397285349915 0.173080840493
0.904085683613 0.397285349915 0.173080840493
0.904085683613 0.397285349915 0.173080840493
0.904085683613 0.397285349915 0.173080840493
0.904085683613 0.397285349915 0.173080840493
0.895047970083 0.388598640550 0.141771900444
0.895047970083 0.388598640550 0.141771900444
0.895047970083 0.388598640550 0.141771900444
0.895047970083 0.388598640550 0.141771900444
0.895047970083 0.388598640550 0.141771900444
0.895047970083 0.388598640550 0.141771900444
0.895047970083 0.388598640550 0.141771900444
0.895047970083 0.388598640550 0.141771900444
0.895047970083 0.388598640550 0.141771900444
0.895047970083 0.388598640550 0.141771900444
0.895047970083 0.388598640550 0.141771900444
0.895047970083 0.388598640550 0.141771900444
0.895047970083 0.388598640550 0.141771900444
0.895047970083 0.388598640550 0.141771900444
0.895047970083 0.388598640550 0.141771900444
0.895047970083 0.388598640550 0.141771900444
0.895047970083 0.388598640550 0.141771900444
0.895047970083 0.388598640550 0.141771900444
0.895047970083 0.388598640550 0.141771900444
0.895047970083 0.388598640550 0.141771900444
0.895047970083 0.388598640550 0.141771900444
0.679624456749 0.197199692228 0.382021486098
0.679624456749 0.197199692228 0.382021486098
0.679624456749 0.197199692228 0.382021486098
0.679624456749 0.197199692228 0.382021486098
0.679624456749 0.197199692228 0.382021486098
0.679624456749 0.197199692228 0.382021486098
0.679624456749 0.197199692228 0.382021486098
0.679624456749 0.197199692228 0.382021486098
0.679624456749 0.197199692228 0.382021486098
0.693538142744 0.229547601827 0.231709071142
0.693538142744 0.229547601827 0.231709071142
0.693538142744 0.229547601827 0.231709071142
0.693538142744 0.229547601827 0.231709071142
0.693538142744 0.229547601827 0.231709071142
0.693538142744 0.229547601827 0.231709071142
0.693538142744 0.229547601827 0.231709071142
0.615413596388 0.230045939070 0.163735081234
0.615413596388 0.230045939070 0.163735081234
0.615413596388 0.230045939070 0.163735081234
0.615413596388 0.230045939070 0.163735081234
0.615413596388 0.230045939070 0.163735081234
0.615413596388 0.230045939070 0.163735081234
0.615413596388 0.230045939070 0.163735081234
0.615413596388 0.230045939070 0.163735081234
0.615413596388 0.230045939070 0.163735081234
0.615413596388 0.230045939070 0.163735081234
0.615413596388 0.230045939070 0.163735081234
0.615413596388 0.230045939070 0.163735081234
0.615413596388 0.230045939070 0.163735081234
0.615413596388 0.230045939070 0.163735081234
0.615413596388 0.230045939070 0.163735081234
0.647011448639 0.230039367103 0.088149149736
0.647011448639 0.230039367103 0.088149149736
0.647011448639 0.230039367103 0.088149149736
0.647011448639 0.230039367103 0.088149149736
0.647011448639 0.230039367103 0.088149149736
0.647011448639 0.230039367103 0.088149149736
0.647011448639 0.230039367103 0.088149149736
0.647011448639 0.230039367103 0.088149149736
0.647011448639 0.230039367103 0.088149149736
0.647011448639 0.230039367103 0.088149149736
0.647011448639 0.230039367103 0.088149149736
0.647011448639 0.230039367103 0.088149149736
0.647011448639 0.230039367103 0.088149149736
0.647011448639 0.230039367103 0.088149149736
0.647011448639 0.230039367103 0.088149149736
0.647011448639 0.230039367103 0.088149149736
0.647011448639 0.230039367103 0.088149149736
0.035245940569 0.680490316059 0.525354519844
0.035245940569 0.680490316059 0.525354519844
0.035245940569 0.680490316059 0.525354519844
0.035245940569 0.680490316059 0.525354519844
0.035245940569 0.680490316059 0.525354519844
0.035245940569 0.680490316059 0.525354519844
0.035245940569 0.680490316059 0.525354519844
0.035245940569 0.680490316059 0.525354519844
0.035245940569 0.680490316059 0.525354519844
0.000000000000 0.116828821813 0.413715900186
0.000000000000 0.116828821813 0.413715900186
0.000000000000 0.116828821813 0.413715900186
0.000000000000 0.116828821813 0.413715900186
0.000000000000 0.116828821813 0.413715900186
0.000000000000 0.116828821813 0.413715900186
0.000000000000 0.116828821813 0.413715900186
0.409088244351 0.140696707203 0.208047278356
0.409088244351 0.140696707203 0.208047278356
0.409088244351 0.140696707203 0.208047278356
0.409088244351 0.140696707203 0.208047278356
0.409088244351 0.140696707203 0.208047278356
0.386826562507 0.136721594027 0.195563988386
0.385750675216 0.143640715251 0.146895181503
0.385750675216 0.143640715251 0.146895181503
0.385750675216 0.143640715251 0.146895181503
0.385750675216 0.143640715251 0.146895181503
0.389911374266 0.153014823587 0.063652970339
0.389911374266 0.153014823587 0.063652970339
0.389911374266 0.153014823587 0.063652970339
0.389911374266 0.153014823587 0.063652970339
0.391219424469 0.155951009213 0.043885238364
0.391219424469 0.155951009213 0.043885238364
0.391219424469 0.155951009213 0.043885238364
0.391219424469 0.155951009213 0.043885238364
0.391219424469 0.155951009213 0.043885238364
0.391219424469 0.155951009213 0.043885238364
0.391219424469 0.155951009213 0.043885238364
0.391219424469 0.155951009213 0.043885238364
0.391219424469 0.155951009213 0.043885238364
0.391219424469 0.155951009213 0.043885238364
0.391219424469 0.155951009213 0.043885238364
0.391219424469 0.155951009213 0.043885238364
0.391219424469 0.155951009213 0.043885238364
0.391219424469 0.155951009213 0.043885238364
0.391219424469 0.155951009213 0.043885238364
0.391219424469 0.155951009213 0.043885238364
0.391219424469 0.155951009213 0.043885238364
0.391219424469 0.155951009213 0.043885238364
0.977542769427 0.432226039439 0.394866598086
0.977542769427 0.432226039439 0.394866598086
0.977542769427 0.432226039439 0.394866598086
0.977542769427 0.432226039439 0.394866598086
0.977542769427 0.432226039439 0.394866598086
0.977542769427 0.432226039439 0.394866598086
0.977542769427 0.432226039439 0.394866598086
0.977542769427 0.432226039439 0.394866598086
0.977542769427 0.432226039439 0.394866598086
0.977542769427 0.432226039439 0.394866598086
0.977542769427 0.432226039439 0.394866598086
0.977542769427 0.432226039439 0.394866598086
0.977542769427 0.432226039439 0.394866598086
0.977542769427 0.432226039439 0.394866598086
0.977542769427 0.432226039439 0.394866598086
0.977542769427 0.432226039439 0.394866598086
0.977542769427 0.432226039439 0.394866598086
0.948683781578 0.457992231554 0.194336384229
0.948683781578 0.457992231554 0.194336384229
0.948683781578 0.457992231554 0.194336384229
0.948683781578 0.457992231554 0.194336384229
0.948683781578 0.457992231554 0.194336384229
0.948683781578 0.457992231554 0.194336384229
0.948683781578 0.457992231554 0.194336384229
0.948683781578 0.457992231554 0.194336384229
0.948683781578 0.457992231554 0.194336384229
0.948683781578 0.457992231554 0.194336384229
0.948683781578 0.457992231554 0.194336384229
0.948683781578 0.457992231554 0.194336384229
0.948683781578 0.457992231554 0.194336384229
0.948683781578 0.457992231554 0.194336384229
0.948683781578 0.457992231554 0.194336384229
0.948683781578 0.457992231554 0.194336384229
0.948683781578 0.457992231554 0.194336384229
0.948683781578 0.457992231554 0.194336384229
0.948683781578 0.457992231554 0.194336384229
0.948683781578 0.457992231554 0.194336384229
0.948683781578 0.457992231554 0.194336384229
0.948683781578 0.457992231554 0.194336384229
0.948683781578 0.457992231554 0.194336384229
0.948683781578 0.457992231554 0.194336384229
0.227428758024 0.661399146489 0.534200756984
0.227428758024 0.661399146489 0.534200756984
0.227428758024 0.661399146489 0.534200756984
0.227428758024 0.661399146489 0.534200756984
0.227428758024 0.661399146489 0.534200756984
0.227428758024 0.661399146489 0.534200756984
0.227428758024 0.661399146489 0.534200756984
0.189988244011 0.668690458662 0.522616229705
0.189988244011 0.668690458662 0.522616229705
0.000000000000 0.508703123272 0.481856385514
0.000000000000 0.508703123272 0.481856385514
0.000000000000 0.508703123272 0.481856385514
0.000000000000 0.508703123272 0.481856385514
0.000000000000 0.508703123272 0.481856385514
0.000000000000 0.508703123272 0.481856385514
0.000000000000 0.508703123272 0.481856385514
0.000000000000 0.508703123272 0.481856385514
0.000000000000 0.508703123272 0.481856385514
0.000000000000 0.508703123272 0.481856385514
0.000000000000 0.508703123272 0.481856385514
0.000000000000 0.508703123272 0.481856385514
0.000000000000 0.505902592133 0.481641363360
0.000000000000 0.505902592133 0.481641363360
0.000000000000 0.505902592133 0.481641363360
0.000000000000 0.505902592133 0.481641363360
0.000000000000 0.505902592133 0.481641363360
0.000000000000 0.505902592133 0.481641363360
0.000000000000 0.505902592133 0.481641363360
0.000000000000 0.505902592133 0.481641363360
0.000000000000 0.505902592133 0.481641363360
0.000000000000 0.505902592133 0.481641363360
0.000000000000 0.505902592133 0.481641363360
0.000000000000 0.505902592133 0.481641363360
0.000000000000 0.505902592133 0.481641363360
0.000000000000 0.505902592133 0.481641363360
0.000000000000 0.505902592133 0.481641363360
0.000000000000 0.505902592133 0.481641363360
0.000000000000 0.505902592133 0.481641363360
0.000000000000 0.505902592133 0.481641363360
0.000000000000 0.505902592133 0.481641363360
0.000000000000 0.505902592133 0.481641363360
0.000000000000 0.505902592133 0.481641363360
0.000000000000 0.505902592133 0.481641363360
0.820664808877 0.410740902463 0.447033146785
0.838118166013 0.211408472619 0.440653044596
0.838118166013 0.211408472619 0.440653044596
0.838118166013 0.211408472619 0.440653044596
0.838118166013 0.211408472619 0.440653044596
0.838118166013 0.211408472619 0.440653044596
0.838118166013 0.211408472619 0.440653044596
0.838118166013 0.211408472619 0.440653044596
0.980608672677 0.599090929867 0.394450254333
0.980608672677 0.599090929867 0.394450254333
0.948396153394 0.467432218868 0.154072123436
0.948396153394 0.467432218868 0.154072123436
0.948396153394 0.467432218868 0.154072123436
0.948396153394 0.467432218868 0.154072123436
0.948396153394 0.467432218868 0.154072123436
0.948396153394 0.467432218868 0.154072123436
0.948396153394 0.467432218868 0.154072123436
0.948396153394 0.467432218868 0.154072123436
0.948396153394 0.467432218868 0.154072123436
0.948396153394 0.467432218868 0.154072123436
0.948396153394 0.467432218868 0.154072123436
0.948396153394 0.467432218868 0.154072123436
0.948396153394 0.467432218868 0.154072123436
0.948396153394 0.467432218868 0.154072123436
0.948396153394 0.467432218868 0.154072123436
0.948396153394 0.467432218868 0.154072123436
0.948396153394 0.467432218868 0.154072123436
0.948396153394 0.467432218868 0.154072123436
0.948396153394 0.467432218868 0.154072123436
0.948396153394 0.467432218868 0.154072123436
0.948396153394 0.467432218868 0.154072123436
0.948396153394 0.467432218868 0.154072123436
0.948396153394 0.467432218868 0.154072123436
0.946200764201 0.470303041723 0.147585318309
0.946200764201 0.470303041723 0.147585318309
0.946200764201 0.470303041723 0.147585318309
0.946200764201 0.470303041723 0.147585318309
0.944767334662 0.468606547158 0.145414064817
0.944767334662 0.468606547158 0.145414064817
0.944767334662 0.468606547158 0.145414064817
0.944767334662 0.468606547158 0.145414064817
0.944767334662 0.468606547158 0.145414064817
0.944767334662 0.468606547158 0.145414064817
0.944767334662 0.468606547158 0.145414064817
0.944767334662 0.468606547158 0.145414064817
0.944767334662 0.468606547158 0.145414064817
0.751174093125 0.358946544906 0.587822775511
0.820504750273 0.361713618320 0.185651414069
0.820504750273 0.361713618320 0.185651414069
0.820504750273 0.361713618320 0.185651414069
0.820504750273 0.361713618320 0.185651414069
0.820504750273 0.361713618320 0.185651414069
0.820504750273 0.361713618320 0.185651414069
0.820504750273 0.361713618320 0.185651414069
0.820504750273 0.361713618320 0.185651414069
0.820504750273 0.361713618320 0.185651414069
0.842472353544 0.376264933245 0.163587587238
0.842472353544 0.376264933245 0.163587587238
0.842472353544 0.376264933245 0.163587587238
0.842472353544 0.376264933245 0.163587587238
0.842472353544 0.376264933245 0.163587587238
0.842472353544 0.376264933245 0.163587587238
0.842472353544 0.376264933245 0.163587587238
0.842472353544 0.376264933245 0.163587587238
0.842472353544 0.376264933245 0.163587587238
0.842472353544 0.376264933245 0.163587587238
0.842472353544 0.376264933245 0.163587587238
0.842472353544 0.376264933245 0.163587587238
0.842472353544 0.376264933245 0.163587587238
0.842472353544 0.376264933245 0.163587587238
0.842472353544 0.376264933245 0.163587587238
0.842472353544 0.376264933245 0.163587587238
0.842472353544 0.376264933245 0.163587587238
0.842472353544 0.376264933245 0.163587587238
0.823830802000 0.327751597998 0.129551722396
0.823830802000 0.327751597998 0.129551722396
0.823830802000 0.327751597998 0.129551722396
0.823830802000 0.327751597998 0.129551722396
0.823830802000 0.327751597998 0.129551722396
0.823830802000 0.327751597998 0.129551722396
0.823830802000 0.327751597998 0.129551722396
0.823830802000 0.327751597998 0.129551722396
0.823830802000 0.327751597998 0.129551722396
0.823830802000 0.327751597998 0.129551722396
0.823830802000 0.327751597998 0.129551722396
0.823830802000 0.327751597998 0.129551722396
0.823830802000 0.327751597998 0.129551722396
0.823830802000 0.327751597998 0.129551722396
0.823830802000 0.327751597998 0.129551722396
0.823830802000 0.327751597998 0.129551722396
0.198151027138 0.460474937070 0.532477352007
0.198151027138 0.460474937070 0.532477352007
0.198151027138 0.460474937070 0.532477352007
0.198151027138 0.460474937070 0.532477352007
0.198151027138 0.460474937070 0.532477352007
0.198151027138 0.460474937070 0.532477352007
0.117353663235 0.433120519779 0.526296930084
0.117353663235 0.433120519779 0.526296930084
0.105860915247 0.434511976691 0.514413643939
0.105860915247 0.434511976691 0.514413643939
0.105860915247 0.434511976691 0.514413643939
0.105860915247 0.434511976691 0.514413643939
0.105860915247 0.434511976691 0.514413643939
0.105860915247 0.434511976691 0.514413643939
0.105860915247 0.434511976691 0.514413643939
0.105860915247 0.434511976691 0.514413643939
0.105860915247 0.434511976691 0.514413643939
0.105860915247 0.434511976691 0.514413643939
0.105860915247 0.434511976691 0.514413643939
0.105860915247 0.434511976691 0.514413643939
0.105860915247 0.434511976691 0.514413643939
0.105860915247 0.434511976691 0.514413643939
0.105860915247 0.434511976691 0.514413643939
0.105860915247 0.434511976691 0.514413643939
0.000000000000 0.241607281185 0.477300694274
0.000000000000 0.241607281185 0.477300694274
0.000000000000 0.165904734646 0.408820885635
0.000000000000 0.165904734646 0.408820885635
0.000000000000 0.158396736599 0.323844091995
0.000000000000 0.158396736599 0.323844091995
0.000000000000 0.158396736599 0.323844091995
0.000000000000 0.158396736599 0.323844091995
0.000000000000 0.158396736599 0.323844091995
0.000000000000 0.158396736599 0.323844091995
0.000000000000 0.158396736599 0.323844091995
0.000000000000 0.158396736599 0.323844091995
0.000000000000 0.158396736599 0.323844091995
0.000000000000 0.158396736599 0.323844091995
0.000000000000 0.158396736599 0.323844091995
0.000000000000 0.138689619622 0.301692139546
0.000000000000 0.138689619622 0.301692139546
0.000000000000 0.129155061829 0.272737283697
0.000000000000 0.129155061829 0.272737283697
0.000000000000 0.129155061829 0.272737283697
0.000000000000 0.129155061829 0.272737283697
0.000000000000 0.129155061829 0.272737283697
0.000000000000 0.129155061829 0.272737283697
0.436081905570 0.556522609844 0.628462624522
0.436081905570 0.556522609844 0.628462624522
0.436081905570 0.556522609844 0.628462624522
0.436081905570 0.556522609844 0.628462624522
0.174348846797 0.614664231815 0.530609532101
0.174348846797 0.614664231815 0.530609532101
0.174348846797 0.614664231815 0.530609532101
0.174348846797 0.614664231815 0.530609532101
0.174348846797 0.614664231815 0.530609532101
0.174348846797 0.614664231815 0.530609532101
0.000000000000 0.664216451567 0.526261810276
0.000000000000 0.664216451567 0.526261810276
0.000000000000 0.664216451567 0.526261810276
0.000000000000 0.664216451567 0.526261810276
0.000000000000 0.664216451567 0.526261810276
0.000000000000 0.664216451567 0.526261810276
0.000000000000 0.664216451567 0.526261810276
0.000000000000 0.793996336710 0.493161022610
0.000000000000 0.793996336710 0.493161022610
0.000000000000 0.793996336710 0.493161022610
0.000000000000 0.793996336710 0.493161022610
0.000000000000 0.793996336710 0.493161022610
0.000000000000 0.793996336710 0.493161022610
0.000000000000 0.793996336710 0.493161022610
0.000000000000 0.793996336710 0.493161022610
0.000000000000 0.793996336710 0.493161022610
0.000000000000 0.793996336710 0.493161022610
0.000000000000 0.872030547230 0.473888319645
0.000000000000 0.872030547230 0.473888319645
0.000000000000 0.872030547230 0.473888319645
0.000000000000 0.872030547230 0.473888319645
0.000000000000 0.872030547230 0.473888319645
0.000000000000 0.872030547230 0.473888319645
0.000000000000 0.872030547230 0.473888319645
0.000000000000 0.872030547230 0.473888319645
0.000000000000 0.872030547230 0.473888319645
0.000000000000 0.872030547230 0.473888319645
0.000000000000 0.872030547230 0.473888319645
0.000000000000 0.872030547230 0.473888319645
0.000000000000 0.872030547230 0.473888319645
0.000000000000 0.872030547230 0.473888319645
0.000000000000 0.872030547230 0.473888319645
0.000000000000 0.872030547230 0.473888319645
0.000000000000 0.872030547230 0.473888319645
0.195698481471 0.143720195178 0.615483833331
0.195698481471 0.143720195178 0.615483833331
0.195698481471 0.143720195178 0.615483833331
0.195698481471 0.143720195178 0.615483833331
0.000000000000 0.251425350037 0.499623637470
0.000000000000 0.251425350037 0.499623637470
0.000000000000 0.251425350037 0.499623637470
0.000000000000 0.251425350037 0.499623637470
0.000000000000 0.251425350037 0.499623637470
0.000000000000 0.251425350037 0.499623637470
0.000000000000 0.251425350037 0.499623637470
0.000000000000 0.251425350037 0.499623637470
0.000000000000 0.251425350037 0.499623637470
0.000000000000 0.251425350037 0.499623637470
0.000000000000 0.251425350037 0.499623637470
0.000000000000 0.251425350037 0.499623637470
0.000000000000 0.251425350037 0.499623637470
0.552948893681 0.174641898845 0.202449198913
0.552948893681 0.174641898845 0.202449198913
0.552948893681 0.174641898845 0.202449198913
0.552948893681 0.174641898845 0.202449198913
0.550990089562 0.185855962245 0.106566539841
0.550990089562 0.185855962245 0.106566539841
0.550990089562 0.185855962245 0.106566539841
0.550990089562 0.185855962245 0.106566539841
0.550990089562 0.185855962245 0.106566539841
0.550990089562 0.185855962245 0.106566539841
0.550990089562 0.185855962245 0.106566539841
0.550990089562 0.185855962245 0.106566539841
0.550990089562 0.185855962245 0.106566539841
0.550990089562 0.185855962245 0.106566539841
0.550990089562 0.185855962245 0.106566539841
0.550990089562 0.185855962245 0.106566539841
0.550990089562 0.185855962245 0.106566539841
0.550990089562 0.185855962245 0.106566539841
0.550990089562 0.185855962245 0.106566539841
0.550990089562 0.185855962245 0.106566539841
0.550990089562 0.185855962245 0.106566539841
0.550990089562 0.185855962245 0.106566539841
0.550990089562 0.185855962245 0.106566539841
0.550990089562 0.185855962245 0.106566539841
0.550990089562 0.185855962245 0.106566539841
0.550990089562 0.185855962245 0.106566539841
0.746329231626 0.215089477219 0.434938887781
0.746329231626 0.215089477219 0.434938887781
0.746329231626 0.215089477219 0.434938887781
0.746329231626 0.215089477219 0.434938887781
0.746329231626 0.215089477219 0.434938887781
0.746329231626 0.215089477219 0.434938887781
0.746329231626 0.215089477219 0.434938887781
0.746329231626 0.215089477219 0.434938887781
0.746329231626 0.215089477219 0.434938887781
0.746329231626 0.215089477219 0.434938887781
0.746329231626 0.215089477219 0.434938887781
0.746329231626 0.215089477219 0.434938887781
0.746329231626 0.215089477219 0.434938887781
0.746329231626 0.215089477219 0.434938887781
0.746329231626 0.215089477219 0.434938887781
0.746329231626 0.215089477219 0.434938887781
0.578130131572 0.161901229225 0.331887770827
0.348875403394 0.123029173859 0.323519399698
0.348875403394 0.123029173859 0.323519399698
0.348875403394 0.123029173859 0.323519399698
0.348875403394 0.123029173859 0.323519399698
0.348875403394 0.123029173859 0.323519399698
0.348875403394 0.123029173859 0.323519399698
0.348875403394 0.123029173859 0.323519399698
0.348875403394 0.123029173859 0.323519399698
0.350715480451 0.137497510237 0.152945531243
0.350715480451 0.137497510237 0.152945531243
0.350715480451 0.137497510237 0.152945531243
0.350715480451 0.137497510237 0.152945531243
0.350715480451 0.137497510237 0.152945531243
0.350715480451 0.137497510237 0.152945531243
0.350715480451 0.137497510237 0.152945531243
0.361527060028 0.142216566350 0.112586319303
0.361527060028 0.142216566350 0.112586319303
0.361527060028 0.142216566350 0.112586319303
0.361527060028 0.142216566350 0.112586319303
0.361527060028 0.142216566350 0.112586319303
0.361527060028 0.142216566350 0.112586319303
0.361527060028 0.142216566350 0.112586319303
0.361527060028 0.142216566350 0.112586319303
0.361527060028 0.142216566350 0.112586319303
0.361527060028 0.142216566350 0.112586319303
0.361527060028 0.142216566350 0.112586319303
0.361527060028 0.142216566350 0.112586319303
0.361527060028 0.142216566350 0.112586319303
0.862033611494 0.151063545153 0.478728713817
0.862033611494 0.151063545153 0.478728713817
0.862033611494 0.151063545153 0.478728713817
0.862033611494 0.151063545153 0.478728713817
0.862033611494 0.151063545153 0.478728713817
