0.683528801665 0.287199760107 0.286201993197
0.576917187598 0.207513008729 0.180351848867
0.576917187598 0.207513008729 0.180351848867
0.576917187598 0.207513008729 0.180351848867
0.576917187598 0.207513008729 0.180351848867
0.576917187598 0.207513008729 0.180351848867
0.576917187598 0.207513008729 0.180351848867
0.576917187598 0.207513008729 0.180351848867
0.576917187598 0.207513008729 0.180351848867
0.576917187598 0.207513008729 0.180351848867
0.576917187598 0.207513008729 0.180351848867
0.576917187598 0.207513008729 0.180351848867
0.576917187598 0.207513008729 0.180351848867
0.576917187598 0.207513008729 0.180351848867
0.576917187598 0.207513008729 0.180351848867
0.576917187598 0.207513008729 0.180351848867
0.576917187598 0.207513008729 0.180351848867
0.576917187598 0.207513008729 0.180351848867
0.576917187598 0.207513008729 0.180351848867
0.576917187598 0.207513008729 0.180351848867
0.576917187598 0.207513008729 0.180351848867
0.576917187598 0.207513008729 0.180351848867
0.576917187598 0.207513008729 0.180351848867
0.576917187598 0.207513008729 0.180351848867
0.576917187598 0.207513008729 0.180351848867
0.576917187598 0.207513008729 0.180351848867
0.576917187598 0.207513008729 0.180351848867
0.576917187598 0.207513008729 0.180351848867
0.576917187598 0.207513008729 0.180351848867
0.576917187598 0.207513008729 0.180351848867
0.576917187598 0.207513008729 0.180351848867
0.576917187598 0.207513008729 0.180351848867
0.576917187598 0.207513008729 0.180351848867
0.576917187598 0.207513008729 0.180351848867
0.576917187598 0.207513008729 0.180351848867
0.576917187598 0.207513008729 0.180351848867
0.576917187598 0.207513008729 0.180351848867
0.562165127878 0.193665772597 0.156869263869
0.562165127878 0.193665772597 0.156869263869
0.562165127878 0.193665772597 0.156869263869
0.562165127878 0.193665772597 0.156869263869
0.562165127878 0.193665772597 0.156869263869
0.562165127878 0.193665772597 0.156869263869
0.000000000000 0.031236087414 0.614180713987
0.000000000000 0.143096823545 0.375886932151
0.000000000000 0.143096823545 0.375886932151
0.000000000000 0.143096823545 0.375886932151
0.000000000000 0.143096823545 0.375886932151
0.443476605288 0.174870974865 0.252299890711
0.443476605288 0.174870974865 0.252299890711
0.443476605288 0.174870974865 0.252299890711
0.443476605288 0.174870974865 0.252299890711
0.457024353368 0.166190774239 0.121011054103
0.457024353368 0.166190774239 0.121011054103
0.457024353368 0.166190774239 0.121011054103
0.457024353368 0.166190774239 0.121011054103
0.457024353368 0.166190774239 0.121011054103
0.457024353368 0.166190774239 0.121011054103
0.457024353368 0.166190774239 0.121011054103
0.457024353368 0.166190774239 0.121011054103
0.457024353368 0.166190774239 0.121011054103
0.457024353368 0.166190774239 0.121011054103
0.457024353368 0.166190774239 0.121011054103
0.410244150067 0.154318905454 0.074095749952
0.410244150067 0.154318905454 0.074095749952
0.410244150067 0.154318905454 0.074095749952
0.428663090028 0.160185466751 0.061449580446
0.428663090028 0.160185466751 0.061449580446
0.428663090028 0.160185466751 0.061449580446
0.428663090028 0.160185466751 0.061449580446
0.428663090028 0.160185466751 0.061449580446
0.428663090028 0.160185466751 0.061449580446
0.428663090028 0.160185466751 0.061449580446
0.428663090028 0.160185466751 0.061449580446
0.428663090028 0.160185466751 0.061449580446
0.428663090028 0.160185466751 0.061449580446
0.428663090028 0.160185466751 0.061449580446
0.428663090028 0.160185466751 0.061449580446
0.428663090028 0.160185466751 0.061449580446
0.428663090028 0.160185466751 0.061449580446
0.428663090028 0.160185466751 0.061449580446
0.428663090028 0.160185466751 0.061449580446
0.428663090028 0.160185466751 0.061449580446
0.428663090028 0.160185466751 0.061449580446
0.428663090028 0.160185466751 0.061449580446
0.428663090028 0.160185466751 0.061449580446
0.428663090028 0.160185466751 0.061449580446
0.428663090028 0.160185466751 0.061449580446
0.428663090028 0.160185466751 0.061449580446
0.428663090028 0.160185466751 0.061449580446
0.183488032838 0.897914817020 0.529508227293
0.183488032838 0.897914817020 0.529508227293
0.183488032838 0.897914817020 0.529508227293
0.183488032838 0.897914817020 0.529508227293
0.183488032838 0.897914817020 0.529508227293
0.183488032838 0.897914817020 0.529508227293
0.183488032838 0.897914817020 0.529508227293
0.183488032838 0.897914817020 0.529508227293
0.183488032838 0.897914817020 0.529508227293
0.183488032838 0.897914817020 0.529508227293
0.183488032838 0.897914817020 0.529508227293
0.183488032838 0.897914817020 0.529508227293
0.183488032838 0.897914817020 0.529508227293
0.183488032838 0.897914817020 0.529508227293
0.183488032838 0.897914817020 0.529508227293
0.183488032838 0.897914817020 0.529508227293
0.183488032838 0.897914817020 0.529508227293
0.183488032838 0.897914817020 0.529508227293
0.183488032838 0.897914817020 0.529508227293
0.183488032838 0.897914817020 0.529508227293
0.183488032838 0.897914817020 0.529508227293
0.183488032838 0.897914817020 0.529508227293
0.183488032838 0.897914817020 0.529508227293
0.183488032838 0.897914817020 0.529508227293
0.183488032838 0.897914817020 0.529508227293
0.183488032838 0.897914817020 0.529508227293
0.183488032838 0.897914817020 0.529508227293
0.183488032838 0.897914817020 0.529508227293
0.183488032838 0.897914817020 0.529508227293
0.000000000000 0.372337395648 0.517026847187
0.000000000000 0.177346707457 0.480735203560
0.000000000000 0.177346707457 0.480735203560
0.000000000000 0.177346707457 0.480735203560
0.000000000000 0.190128951950 0.478854652728
0.000000000000 0.190128951950 0.478854652728
0.000000000000 0.190128951950 0.478854652728
0.000000000000 0.190128951950 0.478854652728
0.000000000000 0.190128951950 0.478854652728
0.000000000000 0.157736523218 0.323844091995
0.000000000000 0.157736523218 0.323844091995
0.000000000000 0.157736523218 0.323844091995
0.000000000000 0.157736523218 0.323844091995
0.000000000000 0.157736523218 0.323844091995
0.000000000000 0.157736523218 0.323844091995
0.035842715626 0.677000857889 0.505472229501
0.035842715626 0.677000857889 0.505472229501
0.035842715626 0.677000857889 0.505472229501
0.035842715626 0.677000857889 0.505472229501
0.035842715626 0.677000857889 0.505472229501
0.035842715626 0.677000857889 0.505472229501
0.035842715626 0.677000857889 0.505472229501
0.035842715626 0.677000857889 0.505472229501
0.035842715626 0.677000857889 0.505472229501
0.035842715626 0.677000857889 0.505472229501
0.035842715626 0.677000857889 0.505472229501
0.035842715626 0.677000857889 0.505472229501
0.035842715626 0.677000857889 0.505472229501
0.035842715626 0.677000857889 0.505472229501
0.035842715626 0.677000857889 0.505472229501
0.000000000000 0.187544059812 0.465377046837
0.000000000000 0.164577128621 0.392031095034
0.000000000000 0.164577128621 0.392031095034
0.000000000000 0.164577128621 0.392031095034
0.000000000000 0.164577128621 0.392031095034
0.000000000000 0.164577128621 0.392031095034
0.000000000000 0.119630587010 0.390505314548
0.389517326985 0.137727490087 0.188268265247
0.389517326985 0.137727490087 0.188268265247
0.389517326985 0.137727490087 0.188268265247
0.389517326985 0.137727490087 0.188268265247
0.389517326985 0.137727490087 0.188268265247
0.389517326985 0.137727490087 0.188268265247
0.389517326985 0.137727490087 0.188268265247
0.389517326985 0.137727490087 0.188268265247
0.389517326985 0.137727490087 0.188268265247
0.389517326985 0.137727490087 0.188268265247
0.389517326985 0.137727490087 0.188268265247
0.389517326985 0.137727490087 0.188268265247
0.389517326985 0.137727490087 0.188268265247
0.389517326985 0.137727490087 0.188268265247
0.389517326985 0.137727490087 0.188268265247
0.389517326985 0.137727490087 0.188268265247
0.389517326985 0.137727490087 0.188268265247
0.389517326985 0.137727490087 0.188268265247
0.389517326985 0.137727490087 0.188268265247
0.389517326985 0.137727490087 0.188268265247
0.389517326985 0.137727490087 0.188268265247
0.389517326985 0.137727490087 0.188268265247
0.306984561234 0.721372783711 0.554464438258
0.306984561234 0.721372783711 0.554464438258
0.306984561234 0.721372783711 0.554464438258
0.306984561234 0.721372783711 0.554464438258
0.054365474307 0.709402450589 0.546801737567
0.000000000000 0.755030292246 0.533178016305
0.000000000000 0.755030292246 0.533178016305
0.000000000000 0.755030292246 0.533178016305
0.000000000000 0.349946366959 0.477853695225
0.000000000000 0.347666754306 0.469706980529
0.000000000000 0.347666754306 0.469706980529
0.688869857099 0.307682446530 0.340181423514
0.688869857099 0.307682446530 0.340181423514
0.688869857099 0.307682446530 0.340181423514
0.688869857099 0.307682446530 0.340181423514
0.688869857099 0.307682446530 0.340181423514
0.688869857099 0.307682446530 0.340181423514
0.688869857099 0.307682446530 0.340181423514
0.669396811640 0.222056561891 0.235860530183
0.669396811640 0.222056561891 0.235860530183
0.669396811640 0.222056561891 0.235860530183
0.669396811640 0.222056561891 0.235860530183
0.649995975040 0.231328266486 0.089967834579
0.658605157192 0.233819083911 0.072063662864
0.658605157192 0.233819083911 0.072063662864
0.658605157192 0.233819083911 0.072063662864
0.658605157192 0.233819083911 0.072063662864
0.658605157192 0.233819083911 0.072063662864
0.658605157192 0.233819083911 0.072063662864
0.658605157192 0.233819083911 0.072063662864
0.658605157192 0.233819083911 0.072063662864
0.658605157192 0.233819083911 0.072063662864
0.658605157192 0.233819083911 0.072063662864
0.658468505523 0.235666425324 0.055267914893
0.658468505523 0.235666425324 0.055267914893
0.658468505523 0.235666425324 0.055267914893
0.658468505523 0.235666425324 0.055267914893
0.658468505523 0.235666425324 0.055267914893
0.658468505523 0.235666425324 0.055267914893
0.658468505523 0.235666425324 0.055267914893
0.658468505523 0.235666425324 0.055267914893
0.658468505523 0.235666425324 0.055267914893
0.658468505523 0.235666425324 0.055267914893
0.658468505523 0.235666425324 0.055267914893
0.658468505523 0.235666425324 0.055267914893
0.658468505523 0.235666425324 0.055267914893
0.658468505523 0.235666425324 0.055267914893
0.658468505523 0.235666425324 0.055267914893
0.658468505523 0.235666425324 0.055267914893
0.858071878708 0.407589279276 0.254939288328
0.858071878708 0.407589279276 0.254939288328
0.858071878708 0.407589279276 0.254939288328
0.858071878708 0.407589279276 0.254939288328
0.858071878708 0.407589279276 0.254939288328
0.858071878708 0.407589279276 0.254939288328
0.951037493403 0.476184167880 0.169731968654
0.951037493403 0.476184167880 0.169731968654
0.951037493403 0.476184167880 0.169731968654
0.951037493403 0.476184167880 0.169731968654
0.951037493403 0.476184167880 0.169731968654
0.951037493403 0.476184167880 0.169731968654
0.951037493403 0.476184167880 0.169731968654
0.951037493403 0.476184167880 0.169731968654
0.951037493403 0.476184167880 0.169731968654
0.951037493403 0.476184167880 0.169731968654
0.951037493403 0.476184167880 0.169731968654
0.951037493403 0.476184167880 0.169731968654
0.951037493403 0.476184167880 0.169731968654
0.951037493403 0.476184167880 0.169731968654
0.951037493403 0.476184167880 0.169731968654
0.951037493403 0.476184167880 0.169731968654
0.951037493403 0.476184167880 0.169731968654
0.951037493403 0.476184167880 0.169731968654
0.950003645038 0.473584329821 0.163051227255
0.950003645038 0.473584329821 0.163051227255
0.950003645038 0.473584329821 0.163051227255
0.950003645038 0.473584329821 0.163051227255
0.950003645038 0.473584329821 0.163051227255
0.950003645038 0.473584329821 0.163051227255
0.950003645038 0.473584329821 0.163051227255
0.950003645038 0.473584329821 0.163051227255
0.950003645038 0.473584329821 0.163051227255
0.950003645038 0.473584329821 0.163051227255
0.950003645038 0.473584329821 0.163051227255
0.950003645038 0.473584329821 0.163051227255
0.950003645038 0.473584329821 0.163051227255
0.950003645038 0.473584329821 0.163051227255
0.950003645038 0.473584329821 0.163051227255
0.950003645038 0.473584329821 0.163051227255
0.950003645038 0.473584329821 0.163051227255
0.950003645038 0.473584329821 0.163051227255
0.950003645038 0.473584329821 0.163051227255
0.859452172311 0.978386616872 0.638181841446
0.859452172311 0.978386616872 0.638181841446
0.219240370646 0.746079542748 0.544793249491
0.219240370646 0.746079542748 0.544793249491
0.219240370646 0.746079542748 0.544793249491
0.085578985777 0.735009791731 0.540882651458
0.085578985777 0.735009791731 0.540882651458
0.085578985777 0.735009791731 0.540882651458
0.085578985777 0.735009791731 0.540882651458
0.085578985777 0.735009791731 0.540882651458
0.085578985777 0.735009791731 0.540882651458
0.900398801786 0.660230654778 0.470111885095
0.900398801786 0.660230654778 0.470111885095
0.900398801786 0.660230654778 0.470111885095
0.967106182333 0.568323345396 0.345977010607
0.967106182333 0.568323345396 0.345977010607
0.967106182333 0.568323345396 0.345977010607
0.967106182333 0.568323345396 0.345977010607
0.967106182333 0.568323345396 0.345977010607
0.967106182333 0.568323345396 0.345977010607
0.967106182333 0.568323345396 0.345977010607
0.967106182333 0.568323345396 0.345977010607
0.967106182333 0.568323345396 0.345977010607
0.967106182333 0.568323345396 0.345977010607
0.967106182333 0.568323345396 0.345977010607
0.967106182333 0.568323345396 0.345977010607
0.967106182333 0.568323345396 0.345977010607
0.967106182333 0.568323345396 0.345977010607
0.967106182333 0.568323345396 0.345977010607
0.967106182333 0.568323345396 0.345977010607
0.967106182333 0.568323345396 0.345977010607
0.967106182333 0.568323345396 0.345977010607
0.967106182333 0.568323345396 0.345977010607
0.967106182333 0.568323345396 0.345977010607
0.967106182333 0.568323345396 0.345977010607
0.898207770758 0.415299591606 0.237272895595
0.898207770758 0.415299591606 0.237272895595
0.898207770758 0.415299591606 0.237272895595
0.898207770758 0.415299591606 0.237272895595
0.898207770758 0.415299591606 0.237272895595
0.898207770758 0.415299591606 0.237272895595
0.898207770758 0.415299591606 0.237272895595
0.898207770758 0.415299591606 0.237272895595
0.898207770758 0.415299591606 0.237272895595
0.898207770758 0.415299591606 0.237272895595
0.999868146685 0.082475308668 0.496197461149
0.999868146685 0.082475308668 0.496197461149
0.999868146685 0.082475308668 0.496197461149
0.999868146685 0.082475308668 0.496197461149
0.999868146685 0.082475308668 0.496197461149
0.999868146685 0.082475308668 0.496197461149
0.999868146685 0.082475308668 0.496197461149
0.999868146685 0.082475308668 0.496197461149
0.999868146685 0.082475308668 0.496197461149
0.937731429738 0.204220253276 0.467407383169
0.922121335612 0.445591529785 0.168349216621
0.922121335612 0.445591529785 0.168349216621
0.922121335612 0.445591529785 0.168349216621
0.922121335612 0.445591529785 0.168349216621
0.922121335612 0.445591529785 0.168349216621
0.922121335612 0.445591529785 0.168349216621
0.922121335612 0.445591529785 0.168349216621
0.922121335612 0.445591529785 0.168349216621
0.922121335612 0.445591529785 0.168349216621
0.922121335612 0.445591529785 0.168349216621
0.922121335612 0.445591529785 0.168349216621
0.922121335612 0.445591529785 0.168349216621
0.922121335612 0.445591529785 0.168349216621
0.922121335612 0.445591529785 0.168349216621
0.922121335612 0.445591529785 0.168349216621
0.922121335612 0.445591529785 0.168349216621
0.922121335612 0.445591529785 0.168349216621
0.922121335612 0.445591529785 0.168349216621
0.922121335612 0.445591529785 0.168349216621
0.922121335612 0.445591529785 0.168349216621
0.922121335612 0.445591529785 0.168349216621
0.922121335612 0.445591529785 0.168349216621
0.922121335612 0.445591529785 0.168349216621
0.922121335612 0.445591529785 0.168349216621
0.922121335612 0.445591529785 0.168349216621
0.922121335612 0.445591529785 0.168349216621
0.922121335612 0.445591529785 0.168349216621
0.922121335612 0.445591529785 0.168349216621
0.922121335612 0.445591529785 0.168349216621
0.922121335612 0.445591529785 0.168349216621
0.922121335612 0.445591529785 0.168349216621
0.922121335612 0.445591529785 0.168349216621
0.246787030597 0.095279921149 0.374324755166
0.326119368544 0.108446771278 0.364914435313
0.326117742048 0.118144865849 0.306106951008
0.326117742048 0.118144865849 0.306106951008
0.326117742048 0.118144865849 0.306106951008
0.326117742048 0.118144865849 0.306106951008
0.321525466413 0.125170679409 0.264541549165
0.305921395461 0.133313843758 0.117809819520
0.305921395461 0.133313843758 0.117809819520
0.305921395461 0.133313843758 0.117809819520
0.305921395461 0.133313843758 0.117809819520
0.305921395461 0.133313843758 0.117809819520
0.310955152284 0.132973452614 0.115175248154
0.310955152284 0.132973452614 0.115175248154
0.310955152284 0.132973452614 0.115175248154
0.310955152284 0.132973452614 0.115175248154
0.310955152284 0.132973452614 0.115175248154
0.310955152284 0.132973452614 0.115175248154
0.310955152284 0.132973452614 0.115175248154
0.310955152284 0.132973452614 0.115175248154
0.310955152284 0.132973452614 0.115175248154
0.310955152284 0.132973452614 0.115175248154
0.310955152284 0.132973452614 0.115175248154
0.310955152284 0.132973452614 0.115175248154
0.310955152284 0.132973452614 0.115175248154
0.310955152284 0.132973452614 0.115175248154
0.310955152284 0.132973452614 0.115175248154
0.310955152284 0.132973452614 0.115175248154
0.310955152284 0.132973452614 0.115175248154
0.310955152284 0.132973452614 0.115175248154
0.310955152284 0.132973452614 0.115175248154
0.310955152284 0.132973452614 0.115175248154
0.310955152284 0.132973452614 0.115175248154
0.310955152284 0.132973452614 0.115175248154
0.310955152284 0.132973452614 0.115175248154
0.310955152284 0.132973452614 0.115175248154
0.310955152284 0.132973452614 0.115175248154
0.310955152284 0.132973452614 0.115175248154
0.310955152284 0.132973452614 0.115175248154
0.310955152284 0.132973452614 0.115175248154
0.310955152284 0.132973452614 0.115175248154
0.310955152284 0.132973452614 0.115175248154
0.310955152284 0.132973452614 0.115175248154
0.310955152284 0.132973452614 0.115175248154
0.310955152284 0.132973452614 0.115175248154
0.104245159589 0.513700144377 0.549651423180
0.137072213579 0.490501093848 0.530672540763
0.000000000000 0.500931148289 0.494024419022
0.000000000000 0.500931148289 0.494024419022
0.000000000000 0.500931148289 0.494024419022
0.000081791351 0.503707453337 0.485922352535
0.000000000000 0.346863671332 0.466356844847
0.000000000000 0.346863671332 0.466356844847
0.000000000000 0.346863671332 0.466356844847
0.000000000000 0.346863671332 0.466356844847
0.000000000000 0.346863671332 0.466356844847
0.000000000000 0.346863671332 0.466356844847
0.000228458848 0.181182544378 0.462113368138
0.596004130627 0.191263372400 0.273154277689
0.596004130627 0.191263372400 0.273154277689
0.596004130627 0.191263372400 0.273154277689
0.595508581740 0.192145770503 0.256810342101
0.595508581740 0.192145770503 0.256810342101
0.595508581740 0.192145770503 0.256810342101
0.595653403579 0.210951280561 0.148372293766
0.595653403579 0.210951280561 0.148372293766
0.595653403579 0.210951280561 0.148372293766
0.595653403579 0.210951280561 0.148372293766
0.595653403579 0.210951280561 0.148372293766
0.595653403579 0.210951280561 0.148372293766
0.595653403579 0.210951280561 0.148372293766
0.595653403579 0.210951280561 0.148372293766
0.595653403579 0.210951280561 0.148372293766
0.595653403579 0.210951280561 0.148372293766
0.595653403579 0.210951280561 0.148372293766
0.595653403579 0.210951280561 0.148372293766
0.595653403579 0.210951280561 0.148372293766
0.595653403579 0.210951280561 0.148372293766
0.595653403579 0.210951280561 0.148372293766
0.595653403579 0.210951280561 0.148372293766
0.595653403579 0.210951280561 0.148372293766
0.595653403579 0.210951280561 0.148372293766
0.595653403579 0.210951280561 0.148372293766
0.595653403579 0.210951280561 0.148372293766
0.595653403579 0.210951280561 0.148372293766
0.595653403579 0.210951280561 0.148372293766
0.595653403579 0.210951280561 0.148372293766
0.595653403579 0.210951280561 0.148372293766
0.595653403579 0.210951280561 0.148372293766
0.545418415317 0.182933463117 0.106693765180
0.545418415317 0.182933463117 0.106693765180
0.545418415317 0.182933463117 0.106693765180
0.545418415317 0.182933463117 0.106693765180
0.545418415317 0.182933463117 0.106693765180
0.545418415317 0.182933463117 0.106693765180
0.592347051131 0.505966610046 0.620709285792
0.914852893330 0.604680737704 0.520478830158
0.914852893330 0.604680737704 0.520478830158
0.914852893330 0.604680737704 0.520478830158
0.914852893330 0.604680737704 0.520478830158
0.914852893330 0.604680737704 0.520478830158
0.478578185419 0.197791249901 0.516171232254
0.370487526743 0.151802846218 0.044006534367
0.370487526743 0.151802846218 0.044006534367
0.370487526743 0.151802846218 0.044006534367
0.370487526743 0.151802846218 0.044006534367
0.370487526743 0.151802846218 0.044006534367
0.370487526743 0.151802846218 0.044006534367
0.370487526743 0.151802846218 0.044006534367
0.370487526743 0.151802846218 0.044006534367
0.370487526743 0.151802846218 0.044006534367
0.370487526743 0.151802846218 0.044006534367
0.370487526743 0.151802846218 0.044006534367
0.370487526743 0.151802846218 0.044006534367
0.370487526743 0.151802846218 0.044006534367
0.370487526743 0.151802846218 0.044006534367
0.370487526743 0.151802846218 0.044006534367
0.370487526743 0.151802846218 0.044006534367
0.370487526743 0.151802846218 0.044006534367
0.370487526743 0.151802846218 0.044006534367
0.370487526743 0.151802846218 0.044006534367
0.370487526743 0.151802846218 0.044006534367
0.370487526743 0.151802846218 0.044006534367
0.370487526743 0.151802846218 0.044006534367
0.370487526743 0.151802846218 0.044006534367
0.370487526743 0.151802846218 0.044006534367
0.370487526743 0.151802846218 0.044006534367
0.370487526743 0.151802846218 0.044006534367
0.370487526743 0.151802846218 0.044006534367
0.370487526743 0.151802846218 0.044006534367
0.370487526743 0.151802846218 0.044006534367
0.370487526743 0.151802846218 0.044006534367
0.370487526743 0.151802846218 0.044006534367
0.370487526743 0.151802846218 0.044006534367
0.370487526743 0.151802846218 0.044006534367
0.370487526743 0.151802846218 0.044006534367
0.370487526743 0.151802846218 0.044006534367
0.370487526743 0.151802846218 0.044006534367
0.879207951551 0.448076966637 0.377154373257
0.874578027613 0.435848755981 0.286827645969
0.874578027613 0.435848755981 0.286827645969
0.874578027613 0.435848755981 0.286827645969
0.874578027613 0.435848755981 0.286827645969
0.853689745761 0.367450549206 0.124703047415
