0.489492990884 0.054211488878 0.526166017959
0.489492990884 0.054211488878 0.526166017959
0.489492990884 0.054211488878 0.526166017959
0.489492990884 0.054211488878 0.526166017959
0.489492990884 0.054211488878 0.526166017959
0.489492990884 0.054211488878 0.526166017959
0.489492990884 0.054211488878 0.526166017959
0.489492990884 0.054211488878 0.526166017959
0.489492990884 0.054211488878 0.526166017959
0.489492990884 0.054211488878 0.526166017959
0.489492990884 0.054211488878 0.526166017959
0.489492990884 0.054211488878 0.526166017959
0.489492990884 0.054211488878 0.526166017959
0.489492990884 0.054211488878 0.526166017959
0.489492990884 0.054211488878 0.526166017959
0.489492990884 0.054211488878 0.526166017959
0.489492990884 0.054211488878 0.526166017959
0.489492990884 0.054211488878 0.526166017959
0.386430514901 0.077053827355 0.510397279767
0.602266555597 0.138646911195 0.479058711684
0.602266555597 0.138646911195 0.479058711684
0.602266555597 0.138646911195 0.479058711684
0.602266555597 0.138646911195 0.479058711684
0.602266555597 0.138646911195 0.479058711684
0.602266555597 0.138646911195 0.479058711684
0.718331914586 0.295139705778 0.345393312206
0.718331914586 0.295139705778 0.345393312206
0.718331914586 0.295139705778 0.345393312206
0.718331914586 0.295139705778 0.345393312206
0.717206746880 0.309252340576 0.339932087323
0.717206746880 0.309252340576 0.339932087323
0.914793600448 0.394413321196 0.251275485169
0.914793600448 0.394413321196 0.251275485169
0.914793600448 0.394413321196 0.251275485169
0.914793600448 0.394413321196 0.251275485169
0.914793600448 0.394413321196 0.251275485169
0.914793600448 0.394413321196 0.251275485169
0.914793600448 0.394413321196 0.251275485169
0.914793600448 0.394413321196 0.251275485169
0.912027702226 0.405780010107 0.191446699494
0.912027702226 0.405780010107 0.191446699494
0.912027702226 0.405780010107 0.191446699494
0.912027702226 0.405780010107 0.191446699494
0.912027702226 0.405780010107 0.191446699494
0.912027702226 0.405780010107 0.191446699494
0.912027702226 0.405780010107 0.191446699494
0.934207413460 0.445975208105 0.152704291959
0.934207413460 0.445975208105 0.152704291959
0.934207413460 0.445975208105 0.152704291959
0.934207413460 0.445975208105 0.152704291959
0.934207413460 0.445975208105 0.152704291959
0.520176217970 0.667729985701 0.647740104493
0.219873957683 0.653788060164 0.532422560407
0.219873957683 0.653788060164 0.532422560407
0.219873957683 0.653788060164 0.532422560407
0.075132413194 0.654908202596 0.505450394073
0.075132413194 0.654908202596 0.505450394073
0.075132413194 0.654908202596 0.505450394073
0.075132413194 0.654908202596 0.505450394073
0.075132413194 0.654908202596 0.505450394073
0.075132413194 0.654908202596 0.505450394073
0.075132413194 0.654908202596 0.505450394073
0.075132413194 0.654908202596 0.505450394073
0.075132413194 0.654908202596 0.505450394073
0.075132413194 0.654908202596 0.505450394073
0.075132413194 0.654908202596 0.505450394073
0.075132413194 0.654908202596 0.505450394073
0.000000000000 0.501948140112 0.488299401522
0.000000000000 0.501948140112 0.488299401522
0.918455420826 0.533568917332 0.421158923512
0.919158771933 0.532230007409 0.417997307032
0.919158771933 0.532230007409 0.417997307032
0.919158771933 0.532230007409 0.417997307032
0.919158771933 0.532230007409 0.417997307032
0.857557222123 0.420584817737 0.296336695172
0.857557222123 0.420584817737 0.296336695172
0.857557222123 0.420584817737 0.296336695172
0.857557222123 0.420584817737 0.296336695172
0.813434264051 0.352632413923 0.202628406209
0.813434264051 0.352632413923 0.202628406209
0.813434264051 0.352632413923 0.202628406209
0.813434264051 0.352632413923 0.202628406209
0.685753362419 0.252872324989 0.116469797988
0.685753362419 0.252872324989 0.116469797988
0.685753362419 0.252872324989 0.116469797988
0.685753362419 0.252872324989 0.116469797988
0.685753362419 0.252872324989 0.116469797988
0.685753362419 0.252872324989 0.116469797988
0.685753362419 0.252872324989 0.116469797988
0.685753362419 0.252872324989 0.116469797988
0.685753362419 0.252872324989 0.116469797988
0.685753362419 0.252872324989 0.116469797988
0.685753362419 0.252872324989 0.116469797988
0.685753362419 0.252872324989 0.116469797988
0.685753362419 0.252872324989 0.116469797988
0.685753362419 0.252872324989 0.116469797988
0.685753362419 0.252872324989 0.116469797988
0.685753362419 0.252872324989 0.116469797988
0.658579058413 0.240214137527 0.045098759808
0.658579058413 0.240214137527 0.045098759808
0.658579058413 0.240214137527 0.045098759808
0.944331913376 0.348686026083 0.441447447408
0.944331913376 0.348686026083 0.441447447408
0.628114584973 0.216852397248 0.210016461833
0.539194771075 0.176903290613 0.138356355006
0.539194771075 0.176903290613 0.138356355006
0.539194771075 0.176903290613 0.138356355006
0.539194771075 0.176903290613 0.138356355006
0.539194771075 0.176903290613 0.138356355006
0.539194771075 0.176903290613 0.138356355006
0.539194771075 0.176903290613 0.138356355006
0.539194771075 0.176903290613 0.138356355006
0.539194771075 0.176903290613 0.138356355006
0.539194771075 0.176903290613 0.138356355006
0.539194771075 0.176903290613 0.138356355006
0.539194771075 0.176903290613 0.138356355006
0.539194771075 0.176903290613 0.138356355006
0.539194771075 0.176903290613 0.138356355006
0.539194771075 0.176903290613 0.138356355006
0.539194771075 0.176903290613 0.138356355006
0.539194771075 0.176903290613 0.138356355006
0.539194771075 0.176903290613 0.138356355006
0.539194771075 0.176903290613 0.138356355006
0.539194771075 0.176903290613 0.138356355006
0.539194771075 0.176903290613 0.138356355006
0.450577153417 0.160105597937 0.113430109642
0.399319822494 0.161350108653 0.037567831517
0.406141003727 0.157814310702 0.034964027968
0.406141003727 0.157814310702 0.034964027968
0.406141003727 0.157814310702 0.034964027968
0.406141003727 0.157814310702 0.034964027968
0.406141003727 0.157814310702 0.034964027968
0.406141003727 0.157814310702 0.034964027968
0.406141003727 0.157814310702 0.034964027968
0.406141003727 0.157814310702 0.034964027968
0.406141003727 0.157814310702 0.034964027968
0.406141003727 0.157814310702 0.034964027968
0.406141003727 0.157814310702 0.034964027968
0.406141003727 0.157814310702 0.034964027968
0.406141003727 0.157814310702 0.034964027968
0.406141003727 0.157814310702 0.034964027968
0.406141003727 0.157814310702 0.034964027968
0.406141003727 0.157814310702 0.034964027968
0.406141003727 0.157814310702 0.034964027968
0.406141003727 0.157814310702 0.034964027968
0.406141003727 0.157814310702 0.034964027968
0.102690241091 0.705045283873 0.533350852881
0.000000000000 0.738883197722 0.499145209768
0.000000000000 0.738883197722 0.499145209768
0.000000000000 0.738883197722 0.499145209768
0.148310058832 0.807774493932 0.497693777224
0.148310058832 0.807774493932 0.497693777224
0.148310058832 0.807774493932 0.497693777224
0.148310058832 0.807774493932 0.497693777224
0.148310058832 0.807774493932 0.497693777224
0.148310058832 0.807774493932 0.497693777224
0.148310058832 0.807774493932 0.497693777224
0.148310058832 0.807774493932 0.497693777224
0.148310058832 0.807774493932 0.497693777224
0.148310058832 0.807774493932 0.497693777224
0.148310058832 0.807774493932 0.497693777224
0.148310058832 0.807774493932 0.497693777224
0.148310058832 0.807774493932 0.497693777224
0.148310058832 0.807774493932 0.497693777224
0.148310058832 0.807774493932 0.497693777224
0.148310058832 0.807774493932 0.497693777224
0.148310058832 0.807774493932 0.497693777224
0.148310058832 0.807774493932 0.497693777224
0.148310058832 0.807774493932 0.497693777224
0.148310058832 0.807774493932 0.497693777224
0.148310058832 0.807774493932 0.497693777224
0.148310058832 0.807774493932 0.497693777224
0.148310058832 0.807774493932 0.497693777224
0.148310058832 0.807774493932 0.497693777224
0.148310058832 0.807774493932 0.497693777224
0.148310058832 0.807774493932 0.497693777224
0.148310058832 0.807774493932 0.497693777224
0.148310058832 0.807774493932 0.497693777224
0.148310058832 0.807774493932 0.497693777224
0.148310058832 0.807774493932 0.497693777224
0.148310058832 0.807774493932 0.497693777224
0.148310058832 0.807774493932 0.497693777224
0.148310058832 0.807774493932 0.497693777224
0.148310058832 0.807774493932 0.497693777224
0.148310058832 0.807774493932 0.497693777224
0.148310058832 0.807774493932 0.497693777224
0.148310058832 0.807774493932 0.497693777224
0.148310058832 0.807774493932 0.497693777224
0.148310058832 0.807774493932 0.497693777224
0.148310058832 0.807774493932 0.497693777224
0.290734606462 0.901684760149 0.542303680391
0.290734606462 0.901684760149 0.542303680391
0.290734606462 0.901684760149 0.542303680391
0.290734606462 0.901684760149 0.542303680391
0.290734606462 0.901684760149 0.542303680391
0.290734606462 0.901684760149 0.542303680391
0.227254547512 0.848327757517 0.538688226252
0.227254547512 0.848327757517 0.538688226252
0.250609201880 0.887506915769 0.538334499318
0.230794702712 0.771607382766 0.536393243549
0.230794702712 0.771607382766 0.536393243549
0.000000000000 0.322625376925 0.491567664791
0.000000000000 0.322625376925 0.491567664791
0.000000000000 0.322625376925 0.491567664791
0.000000000000 0.322625376925 0.491567664791
0.000000000000 0.337293677629 0.455749342709
0.000000000000 0.337293677629 0.455749342709
0.000000000000 0.337293677629 0.455749342709
0.000000000000 0.337293677629 0.455749342709
0.000000000000 0.337293677629 0.455749342709
0.000000000000 0.337293677629 0.455749342709
0.000000000000 0.337293677629 0.455749342709
0.000000000000 0.337293677629 0.455749342709
0.000000000000 0.337293677629 0.455749342709
0.000000000000 0.337293677629 0.455749342709
0.000000000000 0.337293677629 0.455749342709
0.000000000000 0.337293677629 0.455749342709
0.000000000000 0.337293677629 0.455749342709
0.000000000000 0.337293677629 0.455749342709
0.000000000000 0.337293677629 0.455749342709
0.000000000000 0.337293677629 0.455749342709
0.000000000000 0.337293677629 0.455749342709
0.000000000000 0.337293677629 0.455749342709
0.000000000000 0.337293677629 0.455749342709
0.000000000000 0.337293677629 0.455749342709
0.000000000000 0.337293677629 0.455749342709
0.000000000000 0.337293677629 0.455749342709
0.000000000000 0.337293677629 0.455749342709
0.000000000000 0.337293677629 0.455749342709
0.000000000000 0.337293677629 0.455749342709
0.000000000000 0.337293677629 0.455749342709
0.000000000000 0.337293677629 0.455749342709
0.000000000000 0.337293677629 0.455749342709
0.000000000000 0.337293677629 0.455749342709
0.000000000000 0.337293677629 0.455749342709
0.000000000000 0.337293677629 0.455749342709
0.000000000000 0.337293677629 0.455749342709
0.645889098016 0.763526420831 0.604662367091
0.645889098016 0.763526420831 0.604662367091
0.645889098016 0.763526420831 0.604662367091
0.268682409483 0.658522849741 0.547715556227
0.268682409483 0.658522849741 0.547715556227
0.268682409483 0.658522849741 0.547715556227
0.159199575896 0.708175166045 0.525936759357
0.159199575896 0.708175166045 0.525936759357
0.159199575896 0.708175166045 0.525936759357
0.159199575896 0.708175166045 0.525936759357
0.159199575896 0.708175166045 0.525936759357
0.159199575896 0.708175166045 0.525936759357
0.079672068254 0.724444677446 0.485290470966
0.079672068254 0.724444677446 0.485290470966
0.079672068254 0.724444677446 0.485290470966
0.079672068254 0.724444677446 0.485290470966
0.079672068254 0.724444677446 0.485290470966
0.079672068254 0.724444677446 0.485290470966
0.079672068254 0.724444677446 0.485290470966
0.079672068254 0.724444677446 0.485290470966
0.079672068254 0.724444677446 0.485290470966
0.079672068254 0.724444677446 0.485290470966
0.079672068254 0.724444677446 0.485290470966
0.079672068254 0.724444677446 0.485290470966
0.079672068254 0.724444677446 0.485290470966
0.079672068254 0.724444677446 0.485290470966
0.079672068254 0.724444677446 0.485290470966
0.079672068254 0.724444677446 0.485290470966
0.079672068254 0.724444677446 0.485290470966
0.006062333098 0.722321243282 0.472514916392
0.006062333098 0.722321243282 0.472514916392
0.006062333098 0.722321243282 0.472514916392
0.006062333098 0.722321243282 0.472514916392
0.006062333098 0.722321243282 0.472514916392
0.006062333098 0.722321243282 0.472514916392
0.006062333098 0.722321243282 0.472514916392
0.003741146041 0.724756358825 0.437221417599
0.003741146041 0.724756358825 0.437221417599
0.003741146041 0.724756358825 0.437221417599
0.003741146041 0.724756358825 0.437221417599
0.003741146041 0.724756358825 0.437221417599
0.003741146041 0.724756358825 0.437221417599
0.003741146041 0.724756358825 0.437221417599
0.003741146041 0.724756358825 0.437221417599
0.003741146041 0.724756358825 0.437221417599
0.003741146041 0.724756358825 0.437221417599
0.003741146041 0.724756358825 0.437221417599
0.003741146041 0.724756358825 0.437221417599
0.458944211486 0.861356477431 0.757996742961
0.129712905492 0.870770602461 0.538293762911
0.129712905492 0.870770602461 0.538293762911
0.129712905492 0.870770602461 0.538293762911
0.129712905492 0.870770602461 0.538293762911
0.129712905492 0.870770602461 0.538293762911
0.173813408464 0.656768194626 0.535061112131
0.173813408464 0.656768194626 0.535061112131
0.173813408464 0.656768194626 0.535061112131
0.173813408464 0.656768194626 0.535061112131
0.092812048033 0.596021193211 0.533766752898
0.092812048033 0.596021193211 0.533766752898
0.184333143224 0.654509335031 0.528963815819
0.184333143224 0.654509335031 0.528963815819
0.184333143224 0.654509335031 0.528963815819
0.184333143224 0.654509335031 0.528963815819
0.184333143224 0.654509335031 0.528963815819
0.184333143224 0.654509335031 0.528963815819
0.184333143224 0.654509335031 0.528963815819
0.184333143224 0.654509335031 0.528963815819
0.184333143224 0.654509335031 0.528963815819
0.184333143224 0.654509335031 0.528963815819
0.000000000000 0.736773699564 0.483954074723
0.000000000000 0.736773699564 0.483954074723
0.000000000000 0.736773699564 0.483954074723
0.000000000000 0.736773699564 0.483954074723
0.000000000000 0.736773699564 0.483954074723
0.000000000000 0.736773699564 0.483954074723
0.000000000000 0.736773699564 0.483954074723
0.000000000000 0.736773699564 0.483954074723
0.000000000000 0.736773699564 0.483954074723
0.000000000000 0.736773699564 0.483954074723
0.000000000000 0.736773699564 0.483954074723
0.000000000000 0.736773699564 0.483954074723
0.000000000000 0.736773699564 0.483954074723
0.000000000000 0.736773699564 0.483954074723
0.000000000000 0.736773699564 0.483954074723
0.000000000000 0.736773699564 0.483954074723
0.000000000000 0.736773699564 0.483954074723
0.000000000000 0.736773699564 0.483954074723
0.000000000000 0.736773699564 0.483954074723
0.000000000000 0.736773699564 0.483954074723
0.000000000000 0.736773699564 0.483954074723
0.000000000000 0.736773699564 0.483954074723
0.000000000000 0.736773699564 0.483954074723
0.000000000000 0.736773699564 0.483954074723
0.000000000000 0.736773699564 0.483954074723
0.656619205079 0.004604825051 0.657511452483
0.656619205079 0.004604825051 0.657511452483
0.656619205079 0.004604825051 0.657511452483
0.656619205079 0.004604825051 0.657511452483
0.656619205079 0.004604825051 0.657511452483
0.269645046019 0.143428115374 0.325934445976
0.269645046019 0.143428115374 0.325934445976
0.269645046019 0.143428115374 0.325934445976
0.512596489559 0.144149014774 0.311829858865
0.512596489559 0.144149014774 0.311829858865
0.512596489559 0.144149014774 0.311829858865
0.512596489559 0.144149014774 0.311829858865
0.512596489559 0.144149014774 0.311829858865
0.512596489559 0.144149014774 0.311829858865
0.512596489559 0.144149014774 0.311829858865
0.551444655147 0.155882625707 0.303861646059
0.539287861595 0.177550434640 0.131696716942
0.539287861595 0.177550434640 0.131696716942
0.539287861595 0.177550434640 0.131696716942
0.539287861595 0.177550434640 0.131696716942
0.539287861595 0.177550434640 0.131696716942
0.539287861595 0.177550434640 0.131696716942
0.539287861595 0.177550434640 0.131696716942
0.539287861595 0.177550434640 0.131696716942
0.539287861595 0.177550434640 0.131696716942
0.354388460480 0.155320408249 0.118745927327
0.354388460480 0.155320408249 0.118745927327
0.354388460480 0.155320408249 0.118745927327
0.354388460480 0.155320408249 0.118745927327
0.354388460480 0.155320408249 0.118745927327
0.358945456533 0.147131818355 0.075240864989
0.358945456533 0.147131818355 0.075240864989
0.358945456533 0.147131818355 0.075240864989
0.358945456533 0.147131818355 0.075240864989
0.358945456533 0.147131818355 0.075240864989
0.358945456533 0.147131818355 0.075240864989
0.358945456533 0.147131818355 0.075240864989
0.358945456533 0.147131818355 0.075240864989
0.358945456533 0.147131818355 0.075240864989
0.358945456533 0.147131818355 0.075240864989
0.358945456533 0.147131818355 0.075240864989
0.358945456533 0.147131818355 0.075240864989
0.358945456533 0.147131818355 0.075240864989
0.358945456533 0.147131818355 0.075240864989
0.358945456533 0.147131818355 0.075240864989
0.358945456533 0.147131818355 0.075240864989
0.302602995950 0.492847941320 0.549374339923
0.228824891852 0.478683052340 0.528826211482
0.228824891852 0.478683052340 0.528826211482
0.228824891852 0.478683052340 0.528826211482
0.228824891852 0.478683052340 0.528826211482
0.911076100018 0.439797322150 0.229319051788
0.911076100018 0.439797322150 0.229319051788
0.911076100018 0.439797322150 0.229319051788
0.911076100018 0.439797322150 0.229319051788
0.911076100018 0.439797322150 0.229319051788
0.911076100018 0.439797322150 0.229319051788
0.911076100018 0.439797322150 0.229319051788
0.911076100018 0.439797322150 0.229319051788
0.911076100018 0.439797322150 0.229319051788
0.911076100018 0.439797322150 0.229319051788
0.911076100018 0.439797322150 0.229319051788
0.911076100018 0.439797322150 0.229319051788
0.911076100018 0.439797322150 0.229319051788
0.911076100018 0.439797322150 0.229319051788
0.911076100018 0.439797322150 0.229319051788
0.911076100018 0.439797322150 0.229319051788
0.911076100018 0.439797322150 0.229319051788
0.911076100018 0.439797322150 0.229319051788
0.911076100018 0.439797322150 0.229319051788
0.911076100018 0.439797322150 0.229319051788
0.911076100018 0.439797322150 0.229319051788
0.911076100018 0.439797322150 0.229319051788
0.911076100018 0.439797322150 0.229319051788
0.911076100018 0.439797322150 0.229319051788
0.911076100018 0.439797322150 0.229319051788
0.911076100018 0.439797322150 0.229319051788
0.911076100018 0.439797322150 0.229319051788
0.911076100018 0.439797322150 0.229319051788
0.911076100018 0.439797322150 0.229319051788
0.966334773647 0.519892237077 0.147690172044
0.966334773647 0.519892237077 0.147690172044
0.966334773647 0.519892237077 0.147690172044
0.966334773647 0.519892237077 0.147690172044
0.966334773647 0.519892237077 0.147690172044
0.966334773647 0.519892237077 0.147690172044
0.966334773647 0.519892237077 0.147690172044
0.966334773647 0.519892237077 0.147690172044
0.966334773647 0.519892237077 0.147690172044
0.966334773647 0.519892237077 0.147690172044
0.591099624823 0.255447342043 0.549614439947
0.591099624823 0.255447342043 0.549614439947
0.599245940631 0.231915943577 0.299807034249
0.718771169403 0.278134230055 0.277605202401
0.718771169403 0.278134230055 0.277605202401
0.718771169403 0.278134230055 0.277605202401
0.718771169403 0.278134230055 0.277605202401
0.718771169403 0.278134230055 0.277605202401
0.718771169403 0.278134230055 0.277605202401
0.718771169403 0.278134230055 0.277605202401
0.657173573997 0.246487320938 0.090597130386
0.657173573997 0.246487320938 0.090597130386
0.657173573997 0.246487320938 0.090597130386
0.657173573997 0.246487320938 0.090597130386
0.657173573997 0.246487320938 0.090597130386
0.657173573997 0.246487320938 0.090597130386
0.657173573997 0.246487320938 0.090597130386
0.657173573997 0.246487320938 0.090597130386
0.657173573997 0.246487320938 0.090597130386
0.657173573997 0.246487320938 0.090597130386
0.657173573997 0.246487320938 0.090597130386
0.657173573997 0.246487320938 0.090597130386
0.661827917815 0.238407329095 0.051463770663
0.661827917815 0.238407329095 0.051463770663
0.661827917815 0.238407329095 0.051463770663
0.661827917815 0.238407329095 0.051463770663
0.661827917815 0.238407329095 0.051463770663
0.661827917815 0.238407329095 0.051463770663
0.661827917815 0.238407329095 0.051463770663
0.661827917815 0.238407329095 0.051463770663
0.661827917815 0.238407329095 0.051463770663
0.661827917815 0.238407329095 0.051463770663
0.661827917815 0.238407329095 0.051463770663
0.661827917815 0.238407329095 0.051463770663
0.661827917815 0.238407329095 0.051463770663
0.661827917815 0.238407329095 0.051463770663
0.661827917815 0.238407329095 0.051463770663
0.661827917815 0.238407329095 0.051463770663
0.661827917815 0.238407329095 0.051463770663
0.661827917815 0.238407329095 0.051463770663
0.661827917815 0.238407329095 0.051463770663
0.661827917815 0.238407329095 0.051463770663
0.661827917815 0.238407329095 0.051463770663
0.661827917815 0.238407329095 0.051463770663
0.661827917815 0.238407329095 0.051463770663
0.112205428034 0.423874344269 0.525781650093
0.112205428034 0.423874344269 0.525781650093
0.112205428034 0.423874344269 0.525781650093
0.112205428034 0.423874344269 0.525781650093
0.112205428034 0.423874344269 0.525781650093
0.112205428034 0.423874344269 0.525781650093
0.112205428034 0.423874344269 0.525781650093
0.112205428034 0.423874344269 0.525781650093
0.112205428034 0.423874344269 0.525781650093
0.112205428034 0.423874344269 0.525781650093
0.112205428034 0.423874344269 0.525781650093
0.112205428034 0.423874344269 0.525781650093
0.112205428034 0.423874344269 0.525781650093
0.112205428034 0.423874344269 0.525781650093
0.112205428034 0.423874344269 0.525781650093
0.112205428034 0.423874344269 0.525781650093
0.112205428034 0.423874344269 0.525781650093
0.112205428034 0.423874344269 0.525781650093
0.000000000000 0.549844785012 0.513059867987
0.000000000000 0.549844785012 0.513059867987
0.000000000000 0.549844785012 0.513059867987
0.007426211374 0.381795899168 0.496638470663
0.007426211374 0.381795899168 0.496638470663
0.007426211374 0.381795899168 0.496638470663
0.007426211374 0.381795899168 0.496638470663
0.007426211374 0.381795899168 0.496638470663
0.007426211374 0.381795899168 0.496638470663
0.007426211374 0.381795899168 0.496638470663
0.007426211374 0.381795899168 0.496638470663
0.007426211374 0.381795899168 0.496638470663
0.007426211374 0.381795899168 0.496638470663
0.007426211374 0.381795899168 0.496638470663
0.007426211374 0.381795899168 0.496638470663
0.800906155532 0.374105696305 0.375039840700
