0.539042047085 0.530763772683 0.638151428249
0.625433226371 0.562950108484 0.606406505081
0.887951342729 0.605306320293 0.550168962959
0.887951342729 0.605306320293 0.550168962959
0.887951342729 0.605306320293 0.550168962959
0.695141364309 0.248116860326 0.107655804591
0.695141364309 0.248116860326 0.107655804591
0.695141364309 0.248116860326 0.107655804591
0.695141364309 0.248116860326 0.107655804591
0.695141364309 0.248116860326 0.107655804591
0.695141364309 0.248116860326 0.107655804591
0.695141364309 0.248116860326 0.107655804591
0.695141364309 0.248116860326 0.107655804591
0.695141364309 0.248116860326 0.107655804591
0.695141364309 0.248116860326 0.107655804591
0.695141364309 0.248116860326 0.107655804591
0.695141364309 0.248116860326 0.107655804591
0.695141364309 0.248116860326 0.107655804591
0.695141364309 0.248116860326 0.107655804591
0.695141364309 0.248116860326 0.107655804591
0.695141364309 0.248116860326 0.107655804591
0.695141364309 0.248116860326 0.107655804591
0.695141364309 0.248116860326 0.107655804591
0.695141364309 0.248116860326 0.107655804591
0.695141364309 0.248116860326 0.107655804591
0.695141364309 0.248116860326 0.107655804591
0.695141364309 0.248116860326 0.107655804591
0.695141364309 0.248116860326 0.107655804591
0.695141364309 0.248116860326 0.107655804591
0.695141364309 0.248116860326 0.107655804591
0.695141364309 0.248116860326 0.107655804591
0.695141364309 0.248116860326 0.107655804591
0.695141364309 0.248116860326 0.107655804591
0.695141364309 0.248116860326 0.107655804591
0.695141364309 0.248116860326 0.107655804591
0.695141364309 0.248116860326 0.107655804591
0.695141364309 0.248116860326 0.107655804591
0.695141364309 0.248116860326 0.107655804591
0.695141364309 0.248116860326 0.107655804591
0.695141364309 0.248116860326 0.107655804591
0.695141364309 0.248116860326 0.107655804591
0.695141364309 0.248116860326 0.107655804591
0.695141364309 0.248116860326 0.107655804591
0.695141364309 0.248116860326 0.107655804591
0.918908593083 0.950059586173 0.640734261049
0.918908593083 0.950059586173 0.640734261049
0.918908593083 0.950059586173 0.640734261049
0.918908593083 0.950059586173 0.640734261049
0.925296874138 0.511765805156 0.309865322896
0.925296874138 0.511765805156 0.309865322896
0.925296874138 0.511765805156 0.309865322896
0.925296874138 0.511765805156 0.309865322896
0.925296874138 0.511765805156 0.309865322896
0.925296874138 0.511765805156 0.309865322896
0.925296874138 0.511765805156 0.309865322896
0.925296874138 0.511765805156 0.309865322896
0.925296874138 0.511765805156 0.309865322896
0.925296874138 0.511765805156 0.309865322896
0.925296874138 0.511765805156 0.309865322896
0.925296874138 0.511765805156 0.309865322896
0.925296874138 0.511765805156 0.309865322896
0.925296874138 0.511765805156 0.309865322896
0.925296874138 0.511765805156 0.309865322896
0.925296874138 0.511765805156 0.309865322896
0.925296874138 0.511765805156 0.309865322896
0.925296874138 0.511765805156 0.309865322896
0.925296874138 0.511765805156 0.309865322896
0.925296874138 0.511765805156 0.309865322896
0.925296874138 0.511765805156 0.309865322896
0.925296874138 0.511765805156 0.309865322896
0.925296874138 0.511765805156 0.309865322896
0.925296874138 0.511765805156 0.309865322896
0.925296874138 0.511765805156 0.309865322896
0.925296874138 0.511765805156 0.309865322896
0.925296874138 0.511765805156 0.309865322896
0.925296874138 0.511765805156 0.309865322896
0.925296874138 0.511765805156 0.309865322896
0.925296874138 0.511765805156 0.309865322896
0.925296874138 0.511765805156 0.309865322896
0.925296874138 0.511765805156 0.309865322896
0.925296874138 0.511765805156 0.309865322896
0.925296874138 0.511765805156 0.309865322896
0.925296874138 0.511765805156 0.309865322896
0.925296874138 0.511765805156 0.309865322896
0.925296874138 0.511765805156 0.309865322896
0.000000000000 0.479848652501 0.529423311862
0.000000000000 0.501285877948 0.491025795721
0.000000000000 0.501285877948 0.491025795721
0.027213270357 0.450927455803 0.458922786513
0.027213270357 0.450927455803 0.458922786513
0.027213270357 0.450927455803 0.458922786513
0.027213270357 0.450927455803 0.458922786513
0.027213270357 0.450927455803 0.458922786513
0.027213270357 0.450927455803 0.458922786513
0.027213270357 0.450927455803 0.458922786513
0.027213270357 0.450927455803 0.458922786513
0.450241579138 0.184816683446 0.378080533165
0.450241579138 0.184816683446 0.378080533165
0.450241579138 0.184816683446 0.378080533165
0.450241579138 0.184816683446 0.378080533165
0.450241579138 0.184816683446 0.378080533165
0.450241579138 0.184816683446 0.378080533165
0.450241579138 0.184816683446 0.378080533165
0.450241579138 0.184816683446 0.378080533165
0.450241579138 0.184816683446 0.378080533165
0.450241579138 0.184816683446 0.378080533165
0.514867203326 0.159665824278 0.238410872765
0.514867203326 0.159665824278 0.238410872765
0.514867203326 0.159665824278 0.238410872765
0.514867203326 0.159665824278 0.238410872765
0.507501597805 0.166956716316 0.152519629147
0.507501597805 0.166956716316 0.152519629147
0.507501597805 0.166956716316 0.152519629147
0.507501597805 0.166956716316 0.152519629147
0.507501597805 0.166956716316 0.152519629147
0.387684157508 0.155788835422 0.048307531909
0.387684157508 0.155788835422 0.048307531909
0.387684157508 0.155788835422 0.048307531909
0.387684157508 0.155788835422 0.048307531909
0.387684157508 0.155788835422 0.048307531909
0.387684157508 0.155788835422 0.048307531909
0.387684157508 0.155788835422 0.048307531909
0.387684157508 0.155788835422 0.048307531909
0.387684157508 0.155788835422 0.048307531909
0.387684157508 0.155788835422 0.048307531909
0.387684157508 0.155788835422 0.048307531909
0.387684157508 0.155788835422 0.048307531909
0.387684157508 0.155788835422 0.048307531909
0.387684157508 0.155788835422 0.048307531909
0.387684157508 0.155788835422 0.048307531909
0.387684157508 0.155788835422 0.048307531909
0.387684157508 0.155788835422 0.048307531909
0.974697501239 0.479134665671 0.303050687291
0.599107905796 0.223651538294 0.255162041950
0.591722222250 0.217212067699 0.233993786838
0.591722222250 0.217212067699 0.233993786838
0.591722222250 0.217212067699 0.233993786838
0.663575152809 0.249899031901 0.140319954089
0.663575152809 0.249899031901 0.140319954089
0.663575152809 0.249899031901 0.140319954089
0.663575152809 0.249899031901 0.140319954089
0.663575152809 0.249899031901 0.140319954089
0.663575152809 0.249899031901 0.140319954089
0.663575152809 0.249899031901 0.140319954089
0.663575152809 0.249899031901 0.140319954089
0.663575152809 0.249899031901 0.140319954089
0.663575152809 0.249899031901 0.140319954089
0.663575152809 0.249899031901 0.140319954089
0.663575152809 0.249899031901 0.140319954089
0.663575152809 0.249899031901 0.140319954089
0.663575152809 0.249899031901 0.140319954089
0.663575152809 0.249899031901 0.140319954089
0.663575152809 0.249899031901 0.140319954089
0.663575152809 0.249899031901 0.140319954089
0.663575152809 0.249899031901 0.140319954089
0.663575152809 0.249899031901 0.140319954089
0.663575152809 0.249899031901 0.140319954089
0.663575152809 0.249899031901 0.140319954089
0.663575152809 0.249899031901 0.140319954089
0.663575152809 0.249899031901 0.140319954089
0.663575152809 0.249899031901 0.140319954089
0.663575152809 0.249899031901 0.140319954089
0.663575152809 0.249899031901 0.140319954089
0.663575152809 0.249899031901 0.140319954089
0.663575152809 0.249899031901 0.140319954089
0.663575152809 0.249899031901 0.140319954089
0.663575152809 0.249899031901 0.140319954089
0.663575152809 0.249899031901 0.140319954089
0.696632513685 0.246580047018 0.129515311888
0.696632513685 0.246580047018 0.129515311888
0.696632513685 0.246580047018 0.129515311888
0.696632513685 0.246580047018 0.129515311888
0.696632513685 0.246580047018 0.129515311888
0.696632513685 0.246580047018 0.129515311888
0.696632513685 0.246580047018 0.129515311888
0.696632513685 0.246580047018 0.129515311888
0.915878117939 0.293286212635 0.485728406919
0.900579120452 0.377878179234 0.220412172329
0.900579120452 0.377878179234 0.220412172329
0.900579120452 0.377878179234 0.220412172329
0.899205931821 0.391933633544 0.158859878438
0.899205931821 0.391933633544 0.158859878438
0.899205931821 0.391933633544 0.158859878438
0.896117943409 0.390565351690 0.141633784569
0.896117943409 0.390565351690 0.141633784569
0.896117943409 0.390565351690 0.141633784569
0.884704773721 0.391455959183 0.132260466546
0.884704773721 0.391455959183 0.132260466546
0.884704773721 0.391455959183 0.132260466546
0.884704773721 0.391455959183 0.132260466546
0.884704773721 0.391455959183 0.132260466546
0.884704773721 0.391455959183 0.132260466546
0.884704773721 0.391455959183 0.132260466546
0.884704773721 0.391455959183 0.132260466546
0.884704773721 0.391455959183 0.132260466546
0.884704773721 0.391455959183 0.132260466546
0.884704773721 0.391455959183 0.132260466546
0.884704773721 0.391455959183 0.132260466546
0.884704773721 0.391455959183 0.132260466546
0.884704773721 0.391455959183 0.132260466546
0.890643756281 0.389938147285 0.109855413494
0.890643756281 0.389938147285 0.109855413494
0.890643756281 0.389938147285 0.109855413494
0.890643756281 0.389938147285 0.109855413494
0.890643756281 0.389938147285 0.109855413494
0.890643756281 0.389938147285 0.109855413494
0.890643756281 0.389938147285 0.109855413494
0.889656408665 0.387336647257 0.109429726631
0.889656408665 0.387336647257 0.109429726631
0.889656408665 0.387336647257 0.109429726631
0.889656408665 0.387336647257 0.109429726631
0.889656408665 0.387336647257 0.109429726631
0.889656408665 0.387336647257 0.109429726631
0.889656408665 0.387336647257 0.109429726631
0.889656408665 0.387336647257 0.109429726631
0.889656408665 0.387336647257 0.109429726631
0.889656408665 0.387336647257 0.109429726631
0.889656408665 0.387336647257 0.109429726631
0.889656408665 0.387336647257 0.109429726631
0.889656408665 0.387336647257 0.109429726631
0.889656408665 0.387336647257 0.109429726631
0.889656408665 0.387336647257 0.109429726631
0.889656408665 0.387336647257 0.109429726631
0.586284687282 0.662531613290 0.601342184764
0.586284687282 0.662531613290 0.601342184764
0.586284687282 0.662531613290 0.601342184764
0.586284687282 0.662531613290 0.601342184764
0.586284687282 0.662531613290 0.601342184764
0.586284687282 0.662531613290 0.601342184764
0.586284687282 0.662531613290 0.601342184764
0.586284687282 0.662531613290 0.601342184764
0.586284687282 0.662531613290 0.601342184764
0.586284687282 0.662531613290 0.601342184764
0.586284687282 0.662531613290 0.601342184764
0.586284687282 0.662531613290 0.601342184764
0.586284687282 0.662531613290 0.601342184764
0.586284687282 0.662531613290 0.601342184764
0.586284687282 0.662531613290 0.601342184764
0.830850095530 0.524524351777 0.566907213095
0.830850095530 0.524524351777 0.566907213095
0.818011693438 0.417408313307 0.499566338983
0.818011693438 0.417408313307 0.499566338983
0.818011693438 0.417408313307 0.499566338983
0.818011693438 0.417408313307 0.499566338983
0.846791742822 0.413648685672 0.330878908419
0.789897110201 0.331133854895 0.241659638411
0.789897110201 0.331133854895 0.241659638411
0.789897110201 0.331133854895 0.241659638411
0.789897110201 0.331133854895 0.241659638411
0.704280518083 0.255723181475 0.128814827926
0.704280518083 0.255723181475 0.128814827926
0.704280518083 0.255723181475 0.128814827926
0.704280518083 0.255723181475 0.128814827926
0.704280518083 0.255723181475 0.128814827926
0.704280518083 0.255723181475 0.128814827926
0.704280518083 0.255723181475 0.128814827926
0.704280518083 0.255723181475 0.128814827926
0.704280518083 0.255723181475 0.128814827926
0.704280518083 0.255723181475 0.128814827926
0.704280518083 0.255723181475 0.128814827926
0.704280518083 0.255723181475 0.128814827926
0.704280518083 0.255723181475 0.128814827926
0.704280518083 0.255723181475 0.128814827926
0.704280518083 0.255723181475 0.128814827926
0.704280518083 0.255723181475 0.128814827926
0.704280518083 0.255723181475 0.128814827926
0.704280518083 0.255723181475 0.128814827926
0.704280518083 0.255723181475 0.128814827926
0.704280518083 0.255723181475 0.128814827926
0.562216303212 0.233152739231 0.448366217703
0.562216303212 0.233152739231 0.448366217703
0.562216303212 0.233152739231 0.448366217703
0.880668418897 0.402057387780 0.325316738129
0.905896773001 0.388529216498 0.200584154436
0.905896773001 0.388529216498 0.200584154436
0.905896773001 0.388529216498 0.200584154436
0.905896773001 0.388529216498 0.200584154436
0.905896773001 0.388529216498 0.200584154436
0.905896773001 0.388529216498 0.200584154436
0.905896773001 0.388529216498 0.200584154436
0.905896773001 0.388529216498 0.200584154436
0.905896773001 0.388529216498 0.200584154436
0.905896773001 0.388529216498 0.200584154436
0.905896773001 0.388529216498 0.200584154436
0.905896773001 0.388529216498 0.200584154436
0.905896773001 0.388529216498 0.200584154436
0.905896773001 0.388529216498 0.200584154436
0.905896773001 0.388529216498 0.200584154436
0.905896773001 0.388529216498 0.200584154436
0.905896773001 0.388529216498 0.200584154436
0.885013720452 0.390096585609 0.121091746292
0.885013720452 0.390096585609 0.121091746292
0.885013720452 0.390096585609 0.121091746292
0.885013720452 0.390096585609 0.121091746292
0.885013720452 0.390096585609 0.121091746292
0.885013720452 0.390096585609 0.121091746292
0.885013720452 0.390096585609 0.121091746292
0.885013720452 0.390096585609 0.121091746292
0.885013720452 0.390096585609 0.121091746292
0.885013720452 0.390096585609 0.121091746292
0.885013720452 0.390096585609 0.121091746292
0.885013720452 0.390096585609 0.121091746292
0.885013720452 0.390096585609 0.121091746292
0.885013720452 0.390096585609 0.121091746292
0.885013720452 0.390096585609 0.121091746292
0.885013720452 0.390096585609 0.121091746292
0.885013720452 0.390096585609 0.121091746292
0.885013720452 0.390096585609 0.121091746292
0.885013720452 0.390096585609 0.121091746292
0.885013720452 0.390096585609 0.121091746292
0.885013720452 0.390096585609 0.121091746292
0.885013720452 0.390096585609 0.121091746292
0.885013720452 0.390096585609 0.121091746292
0.412274651739 0.865981258021 0.597065789414
0.412274651739 0.865981258021 0.597065789414
0.412274651739 0.865981258021 0.597065789414
0.412274651739 0.865981258021 0.597065789414
0.412274651739 0.865981258021 0.597065789414
0.412274651739 0.865981258021 0.597065789414
0.412274651739 0.865981258021 0.597065789414
0.412274651739 0.865981258021 0.597065789414
0.024235080550 0.583970980153 0.579936123462
0.000000000000 0.387202547030 0.507420757319
0.000000000000 0.387202547030 0.507420757319
0.000000000000 0.387202547030 0.507420757319
0.000000000000 0.387202547030 0.507420757319
0.000000000000 0.177150624004 0.480735203560
0.000000000000 0.177150624004 0.480735203560
0.000000000000 0.177150624004 0.480735203560
0.000000000000 0.177150624004 0.480735203560
0.000000000000 0.177150624004 0.480735203560
0.000000000000 0.177150624004 0.480735203560
0.000000000000 0.177150624004 0.480735203560
0.000000000000 0.177150624004 0.480735203560
0.000000000000 0.157039693278 0.325882335933
0.000000000000 0.157039693278 0.325882335933
0.000000000000 0.157039693278 0.325882335933
0.000000000000 0.157039693278 0.325882335933
0.000000000000 0.157039693278 0.325882335933
0.000000000000 0.157039693278 0.325882335933
0.000000000000 0.157039693278 0.325882335933
0.000000000000 0.157039693278 0.325882335933
0.000000000000 0.157039693278 0.325882335933
0.000000000000 0.157039693278 0.325882335933
0.000000000000 0.157039693278 0.325882335933
0.000000000000 0.157039693278 0.325882335933
0.000000000000 0.157039693278 0.325882335933
0.000000000000 0.157039693278 0.325882335933
0.000000000000 0.157039693278 0.325882335933
0.412187779659 0.152071268751 0.100535111399
0.412187779659 0.152071268751 0.100535111399
0.412187779659 0.152071268751 0.100535111399
0.412187779659 0.152071268751 0.100535111399
0.412187779659 0.152071268751 0.100535111399
0.412187779659 0.152071268751 0.100535111399
0.412187779659 0.152071268751 0.100535111399
0.412187779659 0.152071268751 0.100535111399
0.412187779659 0.152071268751 0.100535111399
0.717012722000 0.288646918891 0.305405995277
0.900873089377 0.406881294104 0.188726879681
0.900873089377 0.406881294104 0.188726879681
0.900873089377 0.406881294104 0.188726879681
0.900873089377 0.406881294104 0.188726879681
0.900873089377 0.406881294104 0.188726879681
0.900873089377 0.406881294104 0.188726879681
0.900873089377 0.406881294104 0.188726879681
0.900873089377 0.406881294104 0.188726879681
0.900873089377 0.406881294104 0.188726879681
0.640855299688 0.240790188528 0.163358744053
0.640855299688 0.240790188528 0.163358744053
0.640855299688 0.240790188528 0.163358744053
0.640855299688 0.240790188528 0.163358744053
0.640855299688 0.240790188528 0.163358744053
0.640855299688 0.240790188528 0.163358744053
0.640855299688 0.240790188528 0.163358744053
0.640855299688 0.240790188528 0.163358744053
0.640855299688 0.240790188528 0.163358744053
0.640855299688 0.240790188528 0.163358744053
0.640855299688 0.240790188528 0.163358744053
0.640855299688 0.240790188528 0.163358744053
0.640855299688 0.240790188528 0.163358744053
0.640855299688 0.240790188528 0.163358744053
0.640855299688 0.240790188528 0.163358744053
0.640855299688 0.240790188528 0.163358744053
0.640855299688 0.240790188528 0.163358744053
0.640855299688 0.240790188528 0.163358744053
0.640855299688 0.240790188528 0.163358744053
0.640855299688 0.240790188528 0.163358744053
0.640855299688 0.240790188528 0.163358744053
0.640855299688 0.240790188528 0.163358744053
0.640855299688 0.240790188528 0.163358744053
0.640855299688 0.240790188528 0.163358744053
0.640855299688 0.240790188528 0.163358744053
0.640855299688 0.240790188528 0.163358744053
0.640855299688 0.240790188528 0.163358744053
0.640855299688 0.240790188528 0.163358744053
0.640855299688 0.240790188528 0.163358744053
0.640855299688 0.240790188528 0.163358744053
0.640855299688 0.240790188528 0.163358744053
0.640855299688 0.240790188528 0.163358744053
0.640855299688 0.240790188528 0.163358744053
0.787333780630 0.878228170728 0.751495222134
0.787333780630 0.878228170728 0.751495222134
0.947623457896 0.608442020605 0.470055676773
0.947623457896 0.608442020605 0.470055676773
0.947623457896 0.608442020605 0.470055676773
0.947623457896 0.608442020605 0.470055676773
0.947623457896 0.608442020605 0.470055676773
0.947623457896 0.608442020605 0.470055676773
0.947623457896 0.608442020605 0.470055676773
0.995160250216 0.578724988298 0.255991256789
0.995160250216 0.578724988298 0.255991256789
0.996151176719 0.580959016315 0.251088480650
0.996151176719 0.580959016315 0.251088480650
0.996151176719 0.580959016315 0.251088480650
0.996151176719 0.580959016315 0.251088480650
0.996151176719 0.580959016315 0.251088480650
0.996151176719 0.580959016315 0.251088480650
0.996151176719 0.580959016315 0.251088480650
0.996151176719 0.580959016315 0.251088480650
0.996151176719 0.580959016315 0.251088480650
0.996151176719 0.580959016315 0.251088480650
0.996151176719 0.580959016315 0.251088480650
0.996151176719 0.580959016315 0.251088480650
0.996151176719 0.580959016315 0.251088480650
0.996151176719 0.580959016315 0.251088480650
0.996151176719 0.580959016315 0.251088480650
0.996151176719 0.580959016315 0.251088480650
0.996151176719 0.580959016315 0.251088480650
0.996151176719 0.580959016315 0.251088480650
0.996151176719 0.580959016315 0.251088480650
0.996151176719 0.580959016315 0.251088480650
0.996151176719 0.580959016315 0.251088480650
0.996151176719 0.580959016315 0.251088480650
0.996151176719 0.580959016315 0.251088480650
0.996151176719 0.580959016315 0.251088480650
0.996151176719 0.580959016315 0.251088480650
0.996151176719 0.580959016315 0.251088480650
0.996151176719 0.580959016315 0.251088480650
0.996151176719 0.580959016315 0.251088480650
0.996151176719 0.580959016315 0.251088480650
0.996151176719 0.580959016315 0.251088480650
0.996151176719 0.580959016315 0.251088480650
0.996151176719 0.580959016315 0.251088480650
0.100503372109 0.686358127465 0.492557495512
0.100503372109 0.686358127465 0.492557495512
0.100503372109 0.686358127465 0.492557495512
0.100503372109 0.686358127465 0.492557495512
0.100503372109 0.686358127465 0.492557495512
0.100503372109 0.686358127465 0.492557495512
0.100503372109 0.686358127465 0.492557495512
0.100503372109 0.686358127465 0.492557495512
0.100503372109 0.686358127465 0.492557495512
0.100503372109 0.686358127465 0.492557495512
0.100503372109 0.686358127465 0.492557495512
0.100503372109 0.686358127465 0.492557495512
0.100503372109 0.686358127465 0.492557495512
0.100503372109 0.686358127465 0.492557495512
0.100503372109 0.686358127465 0.492557495512
0.100503372109 0.686358127465 0.492557495512
0.100503372109 0.686358127465 0.492557495512
0.100503372109 0.686358127465 0.492557495512
0.100503372109 0.686358127465 0.492557495512
0.100503372109 0.686358127465 0.492557495512
0.100503372109 0.686358127465 0.492557495512
0.100503372109 0.686358127465 0.492557495512
0.100503372109 0.686358127465 0.492557495512
0.100503372109 0.686358127465 0.492557495512
0.100503372109 0.686358127465 0.492557495512
0.100503372109 0.686358127465 0.492557495512
0.100503372109 0.686358127465 0.492557495512
0.100503372109 0.686358127465 0.492557495512
0.100503372109 0.686358127465 0.492557495512
0.100503372109 0.686358127465 0.492557495512
0.100503372109 0.686358127465 0.492557495512
0.100503372109 0.686358127465 0.492557495512
0.100503372109 0.686358127465 0.492557495512
0.018212704511 0.823143443454 0.457197397876
0.018212704511 0.823143443454 0.457197397876
0.905886757885 0.332606443354 0.405265240622
0.905886757885 0.332606443354 0.405265240622
0.849364880800 0.274208036000 0.374696381937
0.849364880800 0.274208036000 0.374696381937
0.849364880800 0.274208036000 0.374696381937
0.849364880800 0.274208036000 0.374696381937
0.849364880800 0.274208036000 0.374696381937
0.860818820027 0.353836034968 0.358134871813
0.860818820027 0.353836034968 0.358134871813
0.868476002821 0.228607296997 0.456317809835
0.868476002821 0.228607296997 0.456317809835
0.865587608274 0.388456064430 0.175900659799
0.865587608274 0.388456064430 0.175900659799
0.865587608274 0.388456064430 0.175900659799
0.865587608274 0.388456064430 0.175900659799
0.865587608274 0.388456064430 0.175900659799
0.865587608274 0.388456064430 0.175900659799
0.865587608274 0.388456064430 0.175900659799
0.865587608274 0.388456064430 0.175900659799
0.865587608274 0.388456064430 0.175900659799
0.865587608274 0.388456064430 0.175900659799
0.865587608274 0.388456064430 0.175900659799
