0.324678679162 0.554672381483 0.557058422126
0.324678679162 0.554672381483 0.557058422126
0.324678679162 0.554672381483 0.557058422126
0.324678679162 0.554672381483 0.557058422126
0.324678679162 0.554672381483 0.557058422126
0.266840928646 0.592062094218 0.543565638636
0.000000000000 0.721978756614 0.453933018729
0.000000000000 0.721978756614 0.453933018729
0.000000000000 0.721978756614 0.453933018729
0.000000000000 0.721978756614 0.453933018729
0.000000000000 0.122894960668 0.343496613990
0.000000000000 0.122894960668 0.343496613990
0.000000000000 0.122894960668 0.343496613990
0.000000000000 0.122894960668 0.343496613990
0.000000000000 0.122894960668 0.343496613990
0.000000000000 0.122894960668 0.343496613990
0.000000000000 0.122894960668 0.343496613990
0.000000000000 0.122894960668 0.343496613990
0.000000000000 0.122894960668 0.343496613990
0.000000000000 0.122894960668 0.343496613990
0.000000000000 0.122894960668 0.343496613990
0.000000000000 0.122894960668 0.343496613990
0.000000000000 0.122894960668 0.343496613990
0.000000000000 0.122894960668 0.343496613990
0.000000000000 0.122894960668 0.343496613990
0.000000000000 0.122894960668 0.343496613990
0.000000000000 0.122894960668 0.343496613990
0.000000000000 0.122894960668 0.343496613990
0.000000000000 0.122894960668 0.343496613990
0.000000000000 0.122894960668 0.343496613990
0.000000000000 0.122894960668 0.343496613990
0.000000000000 0.155185385391 0.338211073147
0.000000000000 0.155185385391 0.338211073147
0.000000000000 0.155185385391 0.338211073147
0.000000000000 0.155185385391 0.338211073147
0.339399714478 0.120143451011 0.319139417205
0.339399714478 0.120143451011 0.319139417205
0.339399714478 0.120143451011 0.319139417205
0.569906194086 0.190335745611 0.107492117772
0.569906194086 0.190335745611 0.107492117772
0.569906194086 0.190335745611 0.107492117772
0.569906194086 0.190335745611 0.107492117772
0.569906194086 0.190335745611 0.107492117772
0.569906194086 0.190335745611 0.107492117772
0.569906194086 0.190335745611 0.107492117772
0.569906194086 0.190335745611 0.107492117772
0.569906194086 0.190335745611 0.107492117772
0.569906194086 0.190335745611 0.107492117772
0.569906194086 0.190335745611 0.107492117772
0.569906194086 0.190335745611 0.107492117772
0.569906194086 0.190335745611 0.107492117772
0.569906194086 0.190335745611 0.107492117772
0.020872827905 0.884787307893 0.585179653196
0.019006039463 0.761339084321 0.459397648425
0.019006039463 0.761339084321 0.459397648425
0.019006039463 0.761339084321 0.459397648425
0.019006039463 0.761339084321 0.459397648425
0.019006039463 0.761339084321 0.459397648425
0.019006039463 0.761339084321 0.459397648425
0.019006039463 0.761339084321 0.459397648425
0.019006039463 0.761339084321 0.459397648425
0.019006039463 0.761339084321 0.459397648425
0.019006039463 0.761339084321 0.459397648425
0.019006039463 0.761339084321 0.459397648425
0.019006039463 0.761339084321 0.459397648425
0.019006039463 0.761339084321 0.459397648425
0.019006039463 0.761339084321 0.459397648425
0.019006039463 0.761339084321 0.459397648425
0.019006039463 0.761339084321 0.459397648425
0.019006039463 0.761339084321 0.459397648425
0.019006039463 0.761339084321 0.459397648425
0.019006039463 0.761339084321 0.459397648425
0.019006039463 0.761339084321 0.459397648425
0.019006039463 0.761339084321 0.459397648425
0.019006039463 0.761339084321 0.459397648425
0.019006039463 0.761339084321 0.459397648425
0.019006039463 0.761339084321 0.459397648425
0.019006039463 0.761339084321 0.459397648425
0.019006039463 0.761339084321 0.459397648425
0.019006039463 0.761339084321 0.459397648425
0.019006039463 0.761339084321 0.459397648425
0.019006039463 0.761339084321 0.459397648425
0.019006039463 0.761339084321 0.459397648425
0.019006039463 0.761339084321 0.459397648425
0.019006039463 0.761339084321 0.459397648425
0.019006039463 0.761339084321 0.459397648425
0.019006039463 0.761339084321 0.459397648425
0.019006039463 0.761339084321 0.459397648425
0.019006039463 0.761339084321 0.459397648425
0.019006039463 0.761339084321 0.459397648425
0.019006039463 0.761339084321 0.459397648425
0.019006039463 0.761339084321 0.459397648425
0.019006039463 0.761339084321 0.459397648425
0.457407140522 0.831991765693 0.679552906266
0.457407140522 0.831991765693 0.679552906266
0.457407140522 0.831991765693 0.679552906266
0.457407140522 0.831991765693 0.679552906266
0.457407140522 0.831991765693 0.679552906266
0.457407140522 0.831991765693 0.679552906266
0.457407140522 0.831991765693 0.679552906266
0.657241327031 0.587282663693 0.643561811447
0.641485171114 0.607741430320 0.575490129771
0.641485171114 0.607741430320 0.575490129771
0.786563594598 0.061914346065 0.575135047726
0.786563594598 0.061914346065 0.575135047726
0.786563594598 0.061914346065 0.575135047726
0.865351272301 0.000000000000 0.513449333577
0.865351272301 0.000000000000 0.513449333577
0.865351272301 0.000000000000 0.513449333577
0.865351272301 0.000000000000 0.513449333577
0.865351272301 0.000000000000 0.513449333577
0.865351272301 0.000000000000 0.513449333577
0.865351272301 0.000000000000 0.513449333577
0.379024630808 0.149730469759 0.077935086794
0.379024630808 0.149730469759 0.077935086794
0.379024630808 0.149730469759 0.077935086794
0.379024630808 0.149730469759 0.077935086794
0.379024630808 0.149730469759 0.077935086794
0.379024630808 0.149730469759 0.077935086794
0.379024630808 0.149730469759 0.077935086794
0.379024630808 0.149730469759 0.077935086794
0.379024630808 0.149730469759 0.077935086794
0.379024630808 0.149730469759 0.077935086794
0.379024630808 0.149730469759 0.077935086794
0.360248757547 0.150238129112 0.071316400944
0.360248757547 0.150238129112 0.071316400944
0.360248757547 0.150238129112 0.071316400944
0.360248757547 0.150238129112 0.071316400944
0.360248757547 0.150238129112 0.071316400944
0.360248757547 0.150238129112 0.071316400944
0.360248757547 0.150238129112 0.071316400944
0.360248757547 0.150238129112 0.071316400944
0.372535620810 0.150959612162 0.049246315941
0.372355199176 0.151872368993 0.043665971967
0.372355199176 0.151872368993 0.043665971967
0.372355199176 0.151872368993 0.043665971967
0.373943126097 0.153198947870 0.041127847204
0.373943126097 0.153198947870 0.041127847204
0.373943126097 0.153198947870 0.041127847204
0.373943126097 0.153198947870 0.041127847204
0.373943126097 0.153198947870 0.041127847204
0.373943126097 0.153198947870 0.041127847204
0.805200470442 0.558975224291 0.678112219499
0.039812302190 0.659557377672 0.538818086156
0.000000000000 0.511395924532 0.487860771457
0.000000000000 0.511395924532 0.487860771457
0.000000000000 0.511395924532 0.487860771457
0.000000000000 0.511395924532 0.487860771457
0.000000000000 0.511395924532 0.487860771457
0.000000000000 0.511395924532 0.487860771457
0.000000000000 0.511395924532 0.487860771457
0.000000000000 0.511395924532 0.487860771457
0.000000000000 0.343874941385 0.459414603428
0.000000000000 0.343874941385 0.459414603428
0.775651644313 0.357888272122 0.446080557522
0.775651644313 0.357888272122 0.446080557522
0.775651644313 0.357888272122 0.446080557522
0.775651644313 0.357888272122 0.446080557522
0.830462311507 0.356630695809 0.163302342709
0.830462311507 0.356630695809 0.163302342709
0.830462311507 0.356630695809 0.163302342709
0.830462311507 0.356630695809 0.163302342709
0.830462311507 0.356630695809 0.163302342709
0.830462311507 0.356630695809 0.163302342709
0.830462311507 0.356630695809 0.163302342709
0.830462311507 0.356630695809 0.163302342709
0.830462311507 0.356630695809 0.163302342709
0.830462311507 0.356630695809 0.163302342709
0.830462311507 0.356630695809 0.163302342709
0.830462311507 0.356630695809 0.163302342709
0.830462311507 0.356630695809 0.163302342709
0.830462311507 0.356630695809 0.163302342709
0.830462311507 0.356630695809 0.163302342709
0.830462311507 0.356630695809 0.163302342709
0.830462311507 0.356630695809 0.163302342709
0.830462311507 0.356630695809 0.163302342709
0.830462311507 0.356630695809 0.163302342709
0.830462311507 0.356630695809 0.163302342709
0.830462311507 0.356630695809 0.163302342709
0.830462311507 0.356630695809 0.163302342709
0.830462311507 0.356630695809 0.163302342709
0.830462311507 0.356630695809 0.163302342709
0.830462311507 0.356630695809 0.163302342709
0.830462311507 0.356630695809 0.163302342709
0.830462311507 0.356630695809 0.163302342709
0.870884822633 0.387395210330 0.147584654849
0.870884822633 0.387395210330 0.147584654849
0.870884822633 0.387395210330 0.147584654849
0.617230875263 0.113650144299 0.570674469414
0.617230875263 0.113650144299 0.570674469414
0.920783845400 0.000000000000 0.548390697224
0.920783845400 0.000000000000 0.548390697224
0.986104647393 0.417526303797 0.405320873835
0.986104647393 0.417526303797 0.405320873835
0.986104647393 0.417526303797 0.405320873835
0.986104647393 0.417526303797 0.405320873835
0.986104647393 0.417526303797 0.405320873835
0.986104647393 0.417526303797 0.405320873835
0.986104647393 0.417526303797 0.405320873835
0.986104647393 0.417526303797 0.405320873835
0.986104647393 0.417526303797 0.405320873835
0.986104647393 0.417526303797 0.405320873835
0.986104647393 0.417526303797 0.405320873835
0.986104647393 0.417526303797 0.405320873835
0.986104647393 0.417526303797 0.405320873835
0.986104647393 0.417526303797 0.405320873835
0.986104647393 0.417526303797 0.405320873835
0.986104647393 0.417526303797 0.405320873835
0.986104647393 0.417526303797 0.405320873835
0.867642564415 0.304187498208 0.365345031244
0.867642564415 0.304187498208 0.365345031244
0.867642564415 0.304187498208 0.365345031244
0.867642564415 0.304187498208 0.365345031244
0.867642564415 0.304187498208 0.365345031244
0.867642564415 0.304187498208 0.365345031244
0.867642564415 0.304187498208 0.365345031244
0.867642564415 0.304187498208 0.365345031244
0.867642564415 0.304187498208 0.365345031244
0.867642564415 0.304187498208 0.365345031244
0.867642564415 0.304187498208 0.365345031244
0.867642564415 0.304187498208 0.365345031244
0.867642564415 0.304187498208 0.365345031244
0.867642564415 0.304187498208 0.365345031244
0.867642564415 0.304187498208 0.365345031244
0.867642564415 0.304187498208 0.365345031244
0.867642564415 0.304187498208 0.365345031244
0.890824969899 0.380071237312 0.165491708169
0.890824969899 0.380071237312 0.165491708169
0.890824969899 0.380071237312 0.165491708169
0.890824969899 0.380071237312 0.165491708169
0.890824969899 0.380071237312 0.165491708169
0.893598728772 0.385147201987 0.152068712755
0.893598728772 0.385147201987 0.152068712755
0.893598728772 0.385147201987 0.152068712755
0.017170054906 0.911117355007 0.553586003582
0.017170054906 0.911117355007 0.553586003582
0.017170054906 0.911117355007 0.553586003582
0.017170054906 0.911117355007 0.553586003582
0.000000000000 0.976637116093 0.553123359138
0.258715911893 0.889677779396 0.545234810538
0.258715911893 0.889677779396 0.545234810538
0.258715911893 0.889677779396 0.545234810538
0.258715911893 0.889677779396 0.545234810538
0.258715911893 0.889677779396 0.545234810538
0.258715911893 0.889677779396 0.545234810538
0.258715911893 0.889677779396 0.545234810538
0.258715911893 0.889677779396 0.545234810538
0.258715911893 0.889677779396 0.545234810538
0.263101060222 0.877454990946 0.543225337746
0.263101060222 0.877454990946 0.543225337746
0.263101060222 0.877454990946 0.543225337746
0.148396359986 0.867787332877 0.540390520542
0.148396359986 0.867787332877 0.540390520542
0.148396359986 0.867787332877 0.540390520542
0.000000000000 0.803340995637 0.531291070692
0.000000000000 0.787121084452 0.504715588474
0.000000000000 0.727068565374 0.427971433962
0.000000000000 0.727068565374 0.427971433962
0.000000000000 0.727068565374 0.427971433962
0.000000000000 0.727068565374 0.427971433962
0.000000000000 0.727068565374 0.427971433962
0.000000000000 0.727068565374 0.427971433962
0.000000000000 0.727068565374 0.427971433962
0.000000000000 0.727068565374 0.427971433962
0.000000000000 0.727068565374 0.427971433962
0.000000000000 0.727068565374 0.427971433962
0.000000000000 0.727068565374 0.427971433962
0.000000000000 0.727068565374 0.427971433962
0.000000000000 0.727068565374 0.427971433962
0.000000000000 0.727068565374 0.427971433962
0.000000000000 0.727068565374 0.427971433962
0.000000000000 0.727068565374 0.427971433962
0.000000000000 0.727068565374 0.427971433962
0.000000000000 0.727068565374 0.427971433962
0.000000000000 0.727068565374 0.427971433962
0.000000000000 0.727068565374 0.427971433962
0.000000000000 0.727068565374 0.427971433962
0.000000000000 0.727068565374 0.427971433962
0.000000000000 0.727068565374 0.427971433962
0.000000000000 0.727068565374 0.427971433962
0.000000000000 0.727068565374 0.427971433962
0.000000000000 0.727068565374 0.427971433962
0.000000000000 0.727068565374 0.427971433962
0.000000000000 0.727068565374 0.427971433962
0.803172765646 0.506422763032 0.617487892890
0.974639822308 0.303900943807 0.570003318524
0.974639822308 0.303900943807 0.570003318524
0.974639822308 0.303900943807 0.570003318524
0.730701559889 0.311994534719 0.404129710244
0.730701559889 0.311994534719 0.404129710244
0.730701559889 0.311994534719 0.404129710244
0.730701559889 0.311994534719 0.404129710244
0.730701559889 0.311994534719 0.404129710244
0.730701559889 0.311994534719 0.404129710244
0.730701559889 0.311994534719 0.404129710244
0.730701559889 0.311994534719 0.404129710244
0.730701559889 0.311994534719 0.404129710244
0.730701559889 0.311994534719 0.404129710244
0.730701559889 0.311994534719 0.404129710244
0.873461832090 0.303830801782 0.381914123117
0.873461832090 0.303830801782 0.381914123117
0.873461832090 0.303830801782 0.381914123117
0.873461832090 0.303830801782 0.381914123117
0.828499137534 0.292692464138 0.318476333977
0.828499137534 0.292692464138 0.318476333977
0.850002436653 0.394833091958 0.206763613496
0.850002436653 0.394833091958 0.206763613496
0.850002436653 0.394833091958 0.206763613496
0.850002436653 0.394833091958 0.206763613496
0.850002436653 0.394833091958 0.206763613496
0.850002436653 0.394833091958 0.206763613496
0.850002436653 0.394833091958 0.206763613496
0.889479121555 0.397530001072 0.179357521791
0.889479121555 0.397530001072 0.179357521791
0.889479121555 0.397530001072 0.179357521791
0.889479121555 0.397530001072 0.179357521791
0.889479121555 0.397530001072 0.179357521791
0.889479121555 0.397530001072 0.179357521791
0.889479121555 0.397530001072 0.179357521791
0.889479121555 0.397530001072 0.179357521791
0.889479121555 0.397530001072 0.179357521791
0.889479121555 0.397530001072 0.179357521791
0.889479121555 0.397530001072 0.179357521791
0.889479121555 0.397530001072 0.179357521791
0.889479121555 0.397530001072 0.179357521791
0.889479121555 0.397530001072 0.179357521791
0.889479121555 0.397530001072 0.179357521791
0.889479121555 0.397530001072 0.179357521791
0.889479121555 0.397530001072 0.179357521791
0.889479121555 0.397530001072 0.179357521791
0.494313318875 0.213621814382 0.567019279576
0.535733929454 0.202385025020 0.333600509857
0.535733929454 0.202385025020 0.333600509857
0.535733929454 0.202385025020 0.333600509857
0.535733929454 0.202385025020 0.333600509857
0.566293444935 0.202739122517 0.215803425371
0.566293444935 0.202739122517 0.215803425371
0.679537982235 0.237895875775 0.118419033072
0.679537982235 0.237895875775 0.118419033072
0.679537982235 0.237895875775 0.118419033072
0.679537982235 0.237895875775 0.118419033072
0.679537982235 0.237895875775 0.118419033072
0.679537982235 0.237895875775 0.118419033072
0.679537982235 0.237895875775 0.118419033072
0.679537982235 0.237895875775 0.118419033072
0.679537982235 0.237895875775 0.118419033072
0.679537982235 0.237895875775 0.118419033072
0.679537982235 0.237895875775 0.118419033072
0.655819968907 0.244131231170 0.060737832497
0.655819968907 0.244131231170 0.060737832497
0.655819968907 0.244131231170 0.060737832497
0.655819968907 0.244131231170 0.060737832497
0.655819968907 0.244131231170 0.060737832497
0.655819968907 0.244131231170 0.060737832497
0.655819968907 0.244131231170 0.060737832497
0.655819968907 0.244131231170 0.060737832497
0.655819968907 0.244131231170 0.060737832497
0.655819968907 0.244131231170 0.060737832497
0.655819968907 0.244131231170 0.060737832497
0.655819968907 0.244131231170 0.060737832497
0.655819968907 0.244131231170 0.060737832497
0.655819968907 0.244131231170 0.060737832497
0.655819968907 0.244131231170 0.060737832497
0.655819968907 0.244131231170 0.060737832497
0.655819968907 0.244131231170 0.060737832497
0.655819968907 0.244131231170 0.060737832497
0.655819968907 0.244131231170 0.060737832497
0.655819968907 0.244131231170 0.060737832497
0.655819968907 0.244131231170 0.060737832497
0.655819968907 0.244131231170 0.060737832497
0.655819968907 0.244131231170 0.060737832497
0.655819968907 0.244131231170 0.060737832497
0.655819968907 0.244131231170 0.060737832497
0.655819968907 0.244131231170 0.060737832497
0.917308399901 0.673598197909 0.469712155614
0.917308399901 0.673598197909 0.469712155614
0.917308399901 0.673598197909 0.469712155614
0.917308399901 0.673598197909 0.469712155614
0.917308399901 0.673598197909 0.469712155614
0.912611507054 0.656574482021 0.461293268886
0.912611507054 0.656574482021 0.461293268886
0.912611507054 0.656574482021 0.461293268886
0.912611507054 0.656574482021 0.461293268886
0.912611507054 0.656574482021 0.461293268886
0.912611507054 0.656574482021 0.461293268886
0.912611507054 0.656574482021 0.461293268886
0.912611507054 0.656574482021 0.461293268886
0.912611507054 0.656574482021 0.461293268886
0.912611507054 0.656574482021 0.461293268886
0.912611507054 0.656574482021 0.461293268886
0.912611507054 0.656574482021 0.461293268886
0.912611507054 0.656574482021 0.461293268886
0.912611507054 0.656574482021 0.461293268886
0.912611507054 0.656574482021 0.461293268886
0.912611507054 0.656574482021 0.461293268886
0.912611507054 0.656574482021 0.461293268886
0.912611507054 0.656574482021 0.461293268886
0.974356865555 0.596264211032 0.415766053329
0.980630818655 0.521116328429 0.226372975225
0.980630818655 0.521116328429 0.226372975225
0.980630818655 0.521116328429 0.226372975225
0.980630818655 0.521116328429 0.226372975225
0.980630818655 0.521116328429 0.226372975225
0.980630818655 0.521116328429 0.226372975225
0.980630818655 0.521116328429 0.226372975225
0.980630818655 0.521116328429 0.226372975225
0.980630818655 0.521116328429 0.226372975225
0.980630818655 0.521116328429 0.226372975225
0.980630818655 0.521116328429 0.226372975225
0.980630818655 0.521116328429 0.226372975225
0.980630818655 0.521116328429 0.226372975225
0.980630818655 0.521116328429 0.226372975225
0.980630818655 0.521116328429 0.226372975225
0.980630818655 0.521116328429 0.226372975225
0.980630818655 0.521116328429 0.226372975225
0.980630818655 0.521116328429 0.226372975225
0.980630818655 0.521116328429 0.226372975225
0.338345233890 0.669313773810 0.563510628787
0.338345233890 0.669313773810 0.563510628787
0.338345233890 0.669313773810 0.563510628787
0.338345233890 0.669313773810 0.563510628787
0.198906095552 0.987509492290 0.543712845529
0.199419562542 0.463088922294 0.529038518872
0.199419562542 0.463088922294 0.529038518872
0.199419562542 0.463088922294 0.529038518872
0.199419562542 0.463088922294 0.529038518872
0.199419562542 0.463088922294 0.529038518872
0.199419562542 0.463088922294 0.529038518872
0.199419562542 0.463088922294 0.529038518872
0.199419562542 0.463088922294 0.529038518872
0.000000000000 0.338900603411 0.455854734303
0.000000000000 0.338900603411 0.455854734303
0.000000000000 0.338900603411 0.455854734303
0.000000000000 0.338900603411 0.455854734303
0.000000000000 0.338900603411 0.455854734303
0.000000000000 0.338900603411 0.455854734303
0.000000000000 0.338900603411 0.455854734303
0.000000000000 0.338900603411 0.455854734303
0.000000000000 0.338900603411 0.455854734303
0.000000000000 0.338900603411 0.455854734303
0.000000000000 0.338900603411 0.455854734303
0.000000000000 0.337310511614 0.455749342709
0.000000000000 0.337310511614 0.455749342709
0.000000000000 0.337310511614 0.455749342709
0.000000000000 0.337310511614 0.455749342709
0.000000000000 0.337310511614 0.455749342709
0.000000000000 0.337310511614 0.455749342709
0.000000000000 0.337310511614 0.455749342709
0.000000000000 0.337310511614 0.455749342709
0.000000000000 0.337310511614 0.455749342709
0.000000000000 0.337310511614 0.455749342709
0.000000000000 0.337310511614 0.455749342709
0.000000000000 0.337310511614 0.455749342709
0.000000000000 0.337310511614 0.455749342709
0.000000000000 0.337310511614 0.455749342709
0.000000000000 0.337310511614 0.455749342709
0.000000000000 0.337310511614 0.455749342709
0.000000000000 0.337310511614 0.455749342709
0.000000000000 0.337310511614 0.455749342709
0.558915659956 0.223334750478 0.395188758958
0.558915659956 0.223334750478 0.395188758958
0.558915659956 0.223334750478 0.395188758958
0.809889428266 0.067782033966 0.501102753905
0.809889428266 0.067782033966 0.501102753905
0.809889428266 0.067782033966 0.501102753905
0.809889428266 0.067782033966 0.501102753905
0.839355305152 0.282934222798 0.362697538731
0.844086607831 0.326394952441 0.208732875798
0.844086607831 0.326394952441 0.208732875798
0.844086607831 0.326394952441 0.208732875798
0.844086607831 0.326394952441 0.208732875798
0.844086607831 0.326394952441 0.208732875798
0.844086607831 0.326394952441 0.208732875798
0.844086607831 0.326394952441 0.208732875798
0.844086607831 0.326394952441 0.208732875798
0.844086607831 0.326394952441 0.208732875798
0.844035736853 0.354823262765 0.105896303829
0.844035736853 0.354823262765 0.105896303829
0.844035736853 0.354823262765 0.105896303829
0.844035736853 0.354823262765 0.105896303829
0.844035736853 0.354823262765 0.105896303829
0.844035736853 0.354823262765 0.105896303829
0.844035736853 0.354823262765 0.105896303829
0.844035736853 0.354823262765 0.105896303829
0.844035736853 0.354823262765 0.105896303829
0.844035736853 0.354823262765 0.105896303829
0.844035736853 0.354823262765 0.105896303829
0.844035736853 0.354823262765 0.105896303829
0.844035736853 0.354823262765 0.105896303829
0.844035736853 0.354823262765 0.105896303829
0.844035736853 0.354823262765 0.105896303829
0.844035736853 0.354823262765 0.105896303829
0.844035736853 0.354823262765 0.105896303829
0.844035736853 0.354823262765 0.105896303829
0.844035736853 0.354823262765 0.105896303829
0.844035736853 0.354823262765 0.105896303829
0.844035736853 0.354823262765 0.105896303829
0.844035736853 0.354823262765 0.105896303829
0.844035736853 0.354823262765 0.105896303829
0.844035736853 0.354823262765 0.105896303829
0.844035736853 0.354823262765 0.105896303829
