0.963433946331 0.445796077331 0.451230351875
0.963433946331 0.445796077331 0.451230351875
0.963433946331 0.445796077331 0.451230351875
0.988870488297 0.460823347038 0.362791217163
0.988870488297 0.460823347038 0.362791217163
0.988870488297 0.460823347038 0.362791217163
0.929019014962 0.473971098213 0.309422571067
0.934922792496 0.461968340606 0.159716679214
0.934922792496 0.461968340606 0.159716679214
0.934922792496 0.461968340606 0.159716679214
0.934922792496 0.461968340606 0.159716679214
0.934922792496 0.461968340606 0.159716679214
0.934922792496 0.461968340606 0.159716679214
0.934922792496 0.461968340606 0.159716679214
0.934922792496 0.461968340606 0.159716679214
0.941708590165 0.459436570484 0.134756580534
0.941708590165 0.459436570484 0.134756580534
0.941708590165 0.459436570484 0.134756580534
0.941708590165 0.459436570484 0.134756580534
0.941708590165 0.459436570484 0.134756580534
0.941708590165 0.459436570484 0.134756580534
0.941708590165 0.459436570484 0.134756580534
0.941708590165 0.459436570484 0.134756580534
0.941708590165 0.459436570484 0.134756580534
0.941708590165 0.459436570484 0.134756580534
0.941708590165 0.459436570484 0.134756580534
0.941708590165 0.459436570484 0.134756580534
0.941708590165 0.459436570484 0.134756580534
0.941708590165 0.459436570484 0.134756580534
0.941708590165 0.459436570484 0.134756580534
0.941708590165 0.459436570484 0.134756580534
0.941708590165 0.459436570484 0.134756580534
0.941708590165 0.459436570484 0.134756580534
0.941708590165 0.459436570484 0.134756580534
0.941708590165 0.459436570484 0.134756580534
0.941708590165 0.459436570484 0.134756580534
0.941708590165 0.459436570484 0.134756580534
0.941708590165 0.459436570484 0.134756580534
0.941708590165 0.459436570484 0.134756580534
0.941708590165 0.459436570484 0.134756580534
0.941708590165 0.459436570484 0.134756580534
0.941708590165 0.459436570484 0.134756580534
0.941708590165 0.459436570484 0.134756580534
0.941708590165 0.459436570484 0.134756580534
0.941708590165 0.459436570484 0.134756580534
0.941708590165 0.459436570484 0.134756580534
0.899738107271 0.210529083102 0.447457768891
0.899738107271 0.210529083102 0.447457768891
0.899738107271 0.210529083102 0.447457768891
0.899738107271 0.210529083102 0.447457768891
0.899738107271 0.210529083102 0.447457768891
0.899738107271 0.210529083102 0.447457768891
0.899738107271 0.210529083102 0.447457768891
0.481386085629 0.178004546294 0.246010686732
0.481386085629 0.178004546294 0.246010686732
0.551886665769 0.185663177387 0.104468854652
0.551886665769 0.185663177387 0.104468854652
0.551886665769 0.185663177387 0.104468854652
0.551886665769 0.185663177387 0.104468854652
0.551886665769 0.185663177387 0.104468854652
0.551886665769 0.185663177387 0.104468854652
0.551886665769 0.185663177387 0.104468854652
0.551886665769 0.185663177387 0.104468854652
0.551886665769 0.185663177387 0.104468854652
0.551886665769 0.185663177387 0.104468854652
0.551886665769 0.185663177387 0.104468854652
0.551886665769 0.185663177387 0.104468854652
0.551886665769 0.185663177387 0.104468854652
0.551886665769 0.185663177387 0.104468854652
0.551886665769 0.185663177387 0.104468854652
0.551886665769 0.185663177387 0.104468854652
0.551886665769 0.185663177387 0.104468854652
0.551886665769 0.185663177387 0.104468854652
0.551886665769 0.185663177387 0.104468854652
0.551886665769 0.185663177387 0.104468854652
0.551886665769 0.185663177387 0.104468854652
0.551886665769 0.185663177387 0.104468854652
0.551886665769 0.185663177387 0.104468854652
0.551886665769 0.185663177387 0.104468854652
0.551886665769 0.185663177387 0.104468854652
0.551886665769 0.185663177387 0.104468854652
0.551886665769 0.185663177387 0.104468854652
0.551886665769 0.185663177387 0.104468854652
0.551886665769 0.185663177387 0.104468854652
0.551886665769 0.185663177387 0.104468854652
0.551886665769 0.185663177387 0.104468854652
0.551886665769 0.185663177387 0.104468854652
0.551886665769 0.185663177387 0.104468854652
0.551886665769 0.185663177387 0.104468854652
0.551886665769 0.185663177387 0.104468854652
0.551886665769 0.185663177387 0.104468854652
0.551886665769 0.185663177387 0.104468854652
0.629889639371 0.451881108889 0.649898947153
0.629889639371 0.451881108889 0.649898947153
0.629889639371 0.451881108889 0.649898947153
0.443005123677 0.419922664815 0.595787581283
0.443005123677 0.419922664815 0.595787581283
0.443005123677 0.419922664815 0.595787581283
0.217399849540 0.456483525943 0.532652573144
0.232038237034 0.476122158159 0.530609140456
0.232038237034 0.476122158159 0.530609140456
0.232038237034 0.476122158159 0.530609140456
0.205668878300 0.493973888514 0.529072582378
0.205668878300 0.493973888514 0.529072582378
0.205668878300 0.493973888514 0.529072582378
0.205668878300 0.493973888514 0.529072582378
0.205668878300 0.493973888514 0.529072582378
0.216272382923 0.465399812810 0.527048337200
0.216272382923 0.465399812810 0.527048337200
0.216272382923 0.465399812810 0.527048337200
0.158761899952 0.463035845733 0.524666539615
0.158761899952 0.463035845733 0.524666539615
0.158761899952 0.463035845733 0.524666539615
0.158761899952 0.463035845733 0.524666539615
0.158761899952 0.463035845733 0.524666539615
0.158761899952 0.463035845733 0.524666539615
0.158761899952 0.463035845733 0.524666539615
0.158761899952 0.463035845733 0.524666539615
0.158761899952 0.463035845733 0.524666539615
0.158761899952 0.463035845733 0.524666539615
0.158761899952 0.463035845733 0.524666539615
0.158761899952 0.463035845733 0.524666539615
0.158761899952 0.463035845733 0.524666539615
0.075805190360 0.664105603131 0.495805308227
0.075805190360 0.664105603131 0.495805308227
0.075805190360 0.664105603131 0.495805308227
0.075805190360 0.664105603131 0.495805308227
0.075805190360 0.664105603131 0.495805308227
0.075805190360 0.664105603131 0.495805308227
0.075805190360 0.664105603131 0.495805308227
0.075805190360 0.664105603131 0.495805308227
0.000000000000 0.172937336973 0.489264453199
0.000000000000 0.175212434321 0.489002871311
0.264738583262 0.152006989879 0.416475685822
0.264738583262 0.152006989879 0.416475685822
0.264738583262 0.152006989879 0.416475685822
0.264738583262 0.152006989879 0.416475685822
0.264738583262 0.152006989879 0.416475685822
0.264738583262 0.152006989879 0.416475685822
0.264738583262 0.152006989879 0.416475685822
0.286089357984 0.153192152121 0.301180894906
0.327004132836 0.153420544366 0.219751694546
0.327004132836 0.153420544366 0.219751694546
0.327004132836 0.153420544366 0.219751694546
0.327004132836 0.153420544366 0.219751694546
0.634897347181 0.477642763308 0.655655933057
0.709799349450 0.318215177683 0.409448683900
0.709799349450 0.318215177683 0.409448683900
0.709799349450 0.318215177683 0.409448683900
0.709799349450 0.318215177683 0.409448683900
0.709799349450 0.318215177683 0.409448683900
0.709799349450 0.318215177683 0.409448683900
0.709799349450 0.318215177683 0.409448683900
0.721715217929 0.257169383263 0.161142602568
0.721715217929 0.257169383263 0.161142602568
0.721715217929 0.257169383263 0.161142602568
0.721715217929 0.257169383263 0.161142602568
0.721715217929 0.257169383263 0.161142602568
0.721715217929 0.257169383263 0.161142602568
0.721715217929 0.257169383263 0.161142602568
0.721715217929 0.257169383263 0.161142602568
0.721715217929 0.257169383263 0.161142602568
0.721715217929 0.257169383263 0.161142602568
0.721715217929 0.257169383263 0.161142602568
0.721715217929 0.257169383263 0.161142602568
0.721715217929 0.257169383263 0.161142602568
0.721715217929 0.257169383263 0.161142602568
0.721715217929 0.257169383263 0.161142602568
0.721715217929 0.257169383263 0.161142602568
0.721715217929 0.257169383263 0.161142602568
0.721715217929 0.257169383263 0.161142602568
0.721715217929 0.257169383263 0.161142602568
0.721715217929 0.257169383263 0.161142602568
0.721715217929 0.257169383263 0.161142602568
0.721715217929 0.257169383263 0.161142602568
0.721715217929 0.257169383263 0.161142602568
0.721715217929 0.257169383263 0.161142602568
0.721715217929 0.257169383263 0.161142602568
0.721715217929 0.257169383263 0.161142602568
0.721715217929 0.257169383263 0.161142602568
0.721715217929 0.257169383263 0.161142602568
0.721715217929 0.257169383263 0.161142602568
0.577986114671 0.194043257826 0.130769478704
0.577986114671 0.194043257826 0.130769478704
0.577986114671 0.194043257826 0.130769478704
0.577986114671 0.194043257826 0.130769478704
0.577986114671 0.194043257826 0.130769478704
0.577986114671 0.194043257826 0.130769478704
0.577986114671 0.194043257826 0.130769478704
0.334325946049 0.642884735288 0.564582610740
0.334325946049 0.642884735288 0.564582610740
0.209203265025 0.540675796094 0.525090542499
0.209203265025 0.540675796094 0.525090542499
0.209203265025 0.540675796094 0.525090542499
0.209203265025 0.540675796094 0.525090542499
0.209203265025 0.540675796094 0.525090542499
0.209203265025 0.540675796094 0.525090542499
0.209203265025 0.540675796094 0.525090542499
0.209203265025 0.540675796094 0.525090542499
0.209203265025 0.540675796094 0.525090542499
0.209203265025 0.540675796094 0.525090542499
0.209203265025 0.540675796094 0.525090542499
0.209203265025 0.540675796094 0.525090542499
0.209203265025 0.540675796094 0.525090542499
0.154759403320 0.553150165878 0.520657975079
0.154759403320 0.553150165878 0.520657975079
0.154759403320 0.553150165878 0.520657975079
0.154759403320 0.553150165878 0.520657975079
0.154759403320 0.553150165878 0.520657975079
0.154759403320 0.553150165878 0.520657975079
0.154759403320 0.553150165878 0.520657975079
0.154759403320 0.553150165878 0.520657975079
0.154759403320 0.553150165878 0.520657975079
0.154759403320 0.553150165878 0.520657975079
0.154759403320 0.553150165878 0.520657975079
0.154759403320 0.553150165878 0.520657975079
0.154759403320 0.553150165878 0.520657975079
0.154759403320 0.553150165878 0.520657975079
0.154759403320 0.553150165878 0.520657975079
0.154759403320 0.553150165878 0.520657975079
0.000000000000 0.671673616171 0.500538158753
0.000000000000 0.671673616171 0.500538158753
0.000000000000 0.671673616171 0.500538158753
0.000000000000 0.671673616171 0.500538158753
0.000000000000 0.671673616171 0.500538158753
0.000000000000 0.671673616171 0.500538158753
0.000000000000 0.671673616171 0.500538158753
0.000000000000 0.671673616171 0.500538158753
0.000000000000 0.671673616171 0.500538158753
0.000000000000 0.671673616171 0.500538158753
0.000000000000 0.671673616171 0.500538158753
0.000000000000 0.671673616171 0.500538158753
0.000000000000 0.671673616171 0.500538158753
0.800328753253 0.426242193639 0.585797466962
0.811340695096 0.395467856809 0.442459608932
0.811340695096 0.395467856809 0.442459608932
0.795402681063 0.371339006974 0.409144743559
0.795402681063 0.371339006974 0.409144743559
0.795402681063 0.371339006974 0.409144743559
0.795402681063 0.371339006974 0.409144743559
0.851178963048 0.347813216690 0.191461518550
0.851178963048 0.347813216690 0.191461518550
0.851178963048 0.347813216690 0.191461518550
0.851178963048 0.347813216690 0.191461518550
0.851178963048 0.347813216690 0.191461518550
0.851178963048 0.347813216690 0.191461518550
0.824925771365 0.333145585256 0.094449975577
0.824925771365 0.333145585256 0.094449975577
0.824925771365 0.333145585256 0.094449975577
0.824925771365 0.333145585256 0.094449975577
0.824925771365 0.333145585256 0.094449975577
0.824925771365 0.333145585256 0.094449975577
0.824925771365 0.333145585256 0.094449975577
0.824925771365 0.333145585256 0.094449975577
0.824925771365 0.333145585256 0.094449975577
0.824925771365 0.333145585256 0.094449975577
0.824925771365 0.333145585256 0.094449975577
0.824925771365 0.333145585256 0.094449975577
0.824925771365 0.333145585256 0.094449975577
0.824925771365 0.333145585256 0.094449975577
0.824925771365 0.333145585256 0.094449975577
0.824925771365 0.333145585256 0.094449975577
0.824925771365 0.333145585256 0.094449975577
0.824925771365 0.333145585256 0.094449975577
0.824925771365 0.333145585256 0.094449975577
0.824925771365 0.333145585256 0.094449975577
0.824925771365 0.333145585256 0.094449975577
0.824925771365 0.333145585256 0.094449975577
0.824925771365 0.333145585256 0.094449975577
0.824925771365 0.333145585256 0.094449975577
0.824925771365 0.333145585256 0.094449975577
0.824925771365 0.333145585256 0.094449975577
0.837439450527 0.352443435375 0.092369307426
0.837439450527 0.352443435375 0.092369307426
0.837439450527 0.352443435375 0.092369307426
0.837439450527 0.352443435375 0.092369307426
0.837439450527 0.352443435375 0.092369307426
0.837439450527 0.352443435375 0.092369307426
0.837439450527 0.352443435375 0.092369307426
0.351048242989 0.084755525152 0.511562785038
0.351048242989 0.084755525152 0.511562785038
0.351048242989 0.084755525152 0.511562785038
0.351048242989 0.084755525152 0.511562785038
0.385158488959 0.186296533313 0.360643740416
0.385158488959 0.186296533313 0.360643740416
0.385158488959 0.186296533313 0.360643740416
0.385158488959 0.186296533313 0.360643740416
0.385158488959 0.186296533313 0.360643740416
0.385158488959 0.186296533313 0.360643740416
0.385158488959 0.186296533313 0.360643740416
0.385158488959 0.186296533313 0.360643740416
0.385158488959 0.186296533313 0.360643740416
0.385158488959 0.186296533313 0.360643740416
0.385158488959 0.186296533313 0.360643740416
0.385158488959 0.186296533313 0.360643740416
0.385158488959 0.186296533313 0.360643740416
0.385158488959 0.186296533313 0.360643740416
0.385158488959 0.186296533313 0.360643740416
0.385158488959 0.186296533313 0.360643740416
0.385158488959 0.186296533313 0.360643740416
0.392086953503 0.168521825164 0.114389308005
0.392086953503 0.168521825164 0.114389308005
0.392086953503 0.168521825164 0.114389308005
0.392086953503 0.168521825164 0.114389308005
0.392086953503 0.168521825164 0.114389308005
0.392086953503 0.168521825164 0.114389308005
0.392086953503 0.168521825164 0.114389308005
0.392086953503 0.168521825164 0.114389308005
0.392086953503 0.168521825164 0.114389308005
0.392086953503 0.168521825164 0.114389308005
0.392086953503 0.168521825164 0.114389308005
0.392086953503 0.168521825164 0.114389308005
0.392086953503 0.168521825164 0.114389308005
0.392086953503 0.168521825164 0.114389308005
0.392086953503 0.168521825164 0.114389308005
0.392086953503 0.168521825164 0.114389308005
0.392086953503 0.168521825164 0.114389308005
0.392086953503 0.168521825164 0.114389308005
0.392086953503 0.168521825164 0.114389308005
0.392086953503 0.168521825164 0.114389308005
0.392086953503 0.168521825164 0.114389308005
0.392086953503 0.168521825164 0.114389308005
0.377418218988 0.226301326861 0.682100997537
0.659718016903 0.209741586897 0.405683097169
0.659718016903 0.209741586897 0.405683097169
0.659718016903 0.209741586897 0.405683097169
0.659718016903 0.209741586897 0.405683097169
0.659718016903 0.209741586897 0.405683097169
0.567104198118 0.199935470447 0.175046973761
0.567104198118 0.199935470447 0.175046973761
0.567104198118 0.199935470447 0.175046973761
0.567104198118 0.199935470447 0.175046973761
0.567104198118 0.199935470447 0.175046973761
0.567104198118 0.199935470447 0.175046973761
0.567104198118 0.199935470447 0.175046973761
0.567104198118 0.199935470447 0.175046973761
0.567104198118 0.199935470447 0.175046973761
0.445580813973 0.165287684862 0.087388180606
0.445580813973 0.165287684862 0.087388180606
0.445580813973 0.165287684862 0.087388180606
0.445580813973 0.165287684862 0.087388180606
0.445580813973 0.165287684862 0.087388180606
0.445580813973 0.165287684862 0.087388180606
0.445580813973 0.165287684862 0.087388180606
0.445580813973 0.165287684862 0.087388180606
0.445580813973 0.165287684862 0.087388180606
0.445580813973 0.165287684862 0.087388180606
0.445580813973 0.165287684862 0.087388180606
0.445580813973 0.165287684862 0.087388180606
0.445580813973 0.165287684862 0.087388180606
0.445580813973 0.165287684862 0.087388180606
0.445580813973 0.165287684862 0.087388180606
0.445580813973 0.165287684862 0.087388180606
0.445580813973 0.165287684862 0.087388180606
0.445580813973 0.165287684862 0.087388180606
0.445580813973 0.165287684862 0.087388180606
0.445580813973 0.165287684862 0.087388180606
0.445580813973 0.165287684862 0.087388180606
0.445580813973 0.165287684862 0.087388180606
0.445580813973 0.165287684862 0.087388180606
0.445580813973 0.165287684862 0.087388180606
0.445580813973 0.165287684862 0.087388180606
0.445580813973 0.165287684862 0.087388180606
0.445580813973 0.165287684862 0.087388180606
0.445580813973 0.165287684862 0.087388180606
0.445580813973 0.165287684862 0.087388180606
0.903941714512 0.545831858197 0.530156157500
0.903941714512 0.545831858197 0.530156157500
0.903941714512 0.545831858197 0.530156157500
0.903941714512 0.545831858197 0.530156157500
0.903941714512 0.545831858197 0.530156157500
0.903941714512 0.545831858197 0.530156157500
0.903941714512 0.545831858197 0.530156157500
0.903941714512 0.545831858197 0.530156157500
0.903941714512 0.545831858197 0.530156157500
0.903941714512 0.545831858197 0.530156157500
0.903941714512 0.545831858197 0.530156157500
0.903941714512 0.545831858197 0.530156157500
0.793899918166 0.251725580424 0.387768101056
0.793899918166 0.251725580424 0.387768101056
0.793899918166 0.251725580424 0.387768101056
0.793899918166 0.251725580424 0.387768101056
0.793899918166 0.251725580424 0.387768101056
0.709033409541 0.209763876488 0.371136484979
0.709033409541 0.209763876488 0.371136484979
0.709033409541 0.209763876488 0.371136484979
0.709033409541 0.209763876488 0.371136484979
0.709033409541 0.209763876488 0.371136484979
0.709033409541 0.209763876488 0.371136484979
0.709033409541 0.209763876488 0.371136484979
0.709033409541 0.209763876488 0.371136484979
0.709033409541 0.209763876488 0.371136484979
0.709033409541 0.209763876488 0.371136484979
0.709033409541 0.209763876488 0.371136484979
0.679600268812 0.225124173218 0.274102789101
0.679600268812 0.225124173218 0.274102789101
0.679600268812 0.225124173218 0.274102789101
0.679600268812 0.225124173218 0.274102789101
0.679600268812 0.225124173218 0.274102789101
0.864323870399 0.400184800201 0.236490304757
0.864323870399 0.400184800201 0.236490304757
0.864323870399 0.400184800201 0.236490304757
0.864323870399 0.400184800201 0.236490304757
0.812568695879 0.353183474540 0.212656923095
0.812568695879 0.353183474540 0.212656923095
0.691674930123 0.246972286839 0.111210088740
0.691674930123 0.246972286839 0.111210088740
0.691674930123 0.246972286839 0.111210088740
0.691674930123 0.246972286839 0.111210088740
0.691674930123 0.246972286839 0.111210088740
0.691674930123 0.246972286839 0.111210088740
0.691674930123 0.246972286839 0.111210088740
0.691674930123 0.246972286839 0.111210088740
0.257753935694 0.397894130027 0.560240481801
0.257753935694 0.397894130027 0.560240481801
0.257753935694 0.397894130027 0.560240481801
0.257753935694 0.397894130027 0.560240481801
0.257753935694 0.397894130027 0.560240481801
0.257753935694 0.397894130027 0.560240481801
0.183547381289 0.428939595773 0.526108611833
0.183547381289 0.428939595773 0.526108611833
0.183547381289 0.428939595773 0.526108611833
0.000000000000 0.327674576993 0.466905617834
0.000000000000 0.154238781885 0.347431298243
0.000000000000 0.156468083134 0.330825401900
0.000000000000 0.156468083134 0.330825401900
0.000000000000 0.156468083134 0.330825401900
0.440918295168 0.143408695997 0.231470378465
0.440918295168 0.143408695997 0.231470378465
0.440918295168 0.143408695997 0.231470378465
0.440918295168 0.143408695997 0.231470378465
0.440918295168 0.143408695997 0.231470378465
0.440918295168 0.143408695997 0.231470378465
0.440918295168 0.143408695997 0.231470378465
0.440918295168 0.143408695997 0.231470378465
0.395942281270 0.169664418913 0.129065040603
0.395942281270 0.169664418913 0.129065040603
0.395942281270 0.169664418913 0.129065040603
0.318261709294 0.140685303053 0.126581615713
0.318261709294 0.140685303053 0.126581615713
0.318261709294 0.140685303053 0.126581615713
0.318261709294 0.140685303053 0.126581615713
0.318261709294 0.140685303053 0.126581615713
0.318261709294 0.140685303053 0.126581615713
0.318261709294 0.140685303053 0.126581615713
0.318261709294 0.140685303053 0.126581615713
0.318261709294 0.140685303053 0.126581615713
0.318261709294 0.140685303053 0.126581615713
0.318261709294 0.140685303053 0.126581615713
0.318261709294 0.140685303053 0.126581615713
0.318261709294 0.140685303053 0.126581615713
0.318261709294 0.140685303053 0.126581615713
0.318261709294 0.140685303053 0.126581615713
0.318261709294 0.140685303053 0.126581615713
0.318261709294 0.140685303053 0.126581615713
0.318261709294 0.140685303053 0.126581615713
0.318261709294 0.140685303053 0.126581615713
0.318261709294 0.140685303053 0.126581615713
0.318261709294 0.140685303053 0.126581615713
0.318261709294 0.140685303053 0.126581615713
0.193590012909 0.165605336259 0.603199327368
0.193590012909 0.165605336259 0.603199327368
0.193590012909 0.165605336259 0.603199327368
0.501004525230 0.095123744474 0.484547498098
0.501004525230 0.095123744474 0.484547498098
0.457712334537 0.125686422763 0.346826025265
0.457712334537 0.125686422763 0.346826025265
0.457712334537 0.125686422763 0.346826025265
0.457712334537 0.125686422763 0.346826025265
0.457712334537 0.125686422763 0.346826025265
0.836424966319 0.399642214494 0.307898874074
0.836424966319 0.399642214494 0.307898874074
0.836424966319 0.399642214494 0.307898874074
0.836424966319 0.399642214494 0.307898874074
0.836424966319 0.399642214494 0.307898874074
0.836424966319 0.399642214494 0.307898874074
0.836424966319 0.399642214494 0.307898874074
0.836424966319 0.399642214494 0.307898874074
0.836424966319 0.399642214494 0.307898874074
0.836424966319 0.399642214494 0.307898874074
0.836424966319 0.399642214494 0.307898874074
0.836424966319 0.399642214494 0.307898874074
0.836424966319 0.399642214494 0.307898874074
0.836424966319 0.399642214494 0.307898874074
0.836424966319 0.399642214494 0.307898874074
0.836424966319 0.399642214494 0.307898874074
0.836424966319 0.399642214494 0.307898874074
0.836424966319 0.399642214494 0.307898874074
0.836424966319 0.399642214494 0.307898874074
0.836424966319 0.399642214494 0.307898874074
0.836424966319 0.399642214494 0.307898874074
0.836424966319 0.399642214494 0.307898874074
0.817567694210 0.389855174907 0.294605704572
0.817567694210 0.389855174907 0.294605704572
0.817567694210 0.389855174907 0.294605704572
0.838081704275 0.388633098011 0.205523128994
0.838081704275 0.388633098011 0.205523128994
0.840669831078 0.365362350154 0.148849113028
0.840669831078 0.365362350154 0.148849113028
0.840669831078 0.365362350154 0.148849113028
0.840669831078 0.365362350154 0.148849113028
