0.418386662795 0.607767130250 0.623531272970
0.418386662795 0.607767130250 0.623531272970
0.647002141676 0.609282638743 0.576997456254
0.647002141676 0.609282638743 0.576997456254
0.647002141676 0.609282638743 0.576997456254
0.647002141676 0.609282638743 0.576997456254
0.647002141676 0.609282638743 0.576997456254
0.647002141676 0.609282638743 0.576997456254
0.647002141676 0.609282638743 0.576997456254
0.647002141676 0.609282638743 0.576997456254
0.647002141676 0.609282638743 0.576997456254
0.647002141676 0.609282638743 0.576997456254
0.647002141676 0.609282638743 0.576997456254
0.647002141676 0.609282638743 0.576997456254
0.168951044521 0.395561147725 0.537587967355
0.168951044521 0.395561147725 0.537587967355
0.168951044521 0.395561147725 0.537587967355
0.168951044521 0.395561147725 0.537587967355
0.154879411308 0.544442351972 0.521031887853
0.154879411308 0.544442351972 0.521031887853
0.154879411308 0.544442351972 0.521031887853
0.154879411308 0.544442351972 0.521031887853
0.154879411308 0.544442351972 0.521031887853
0.154879411308 0.544442351972 0.521031887853
0.154879411308 0.544442351972 0.521031887853
0.056767248901 0.561914441787 0.514727648987
0.056767248901 0.561914441787 0.514727648987
0.056767248901 0.561914441787 0.514727648987
0.056767248901 0.561914441787 0.514727648987
0.056767248901 0.561914441787 0.514727648987
0.035215229549 0.474833848163 0.475400473742
0.035215229549 0.474833848163 0.475400473742
0.035215229549 0.474833848163 0.475400473742
0.035215229549 0.474833848163 0.475400473742
0.035215229549 0.474833848163 0.475400473742
0.035215229549 0.474833848163 0.475400473742
0.035215229549 0.474833848163 0.475400473742
0.035215229549 0.474833848163 0.475400473742
0.035215229549 0.474833848163 0.475400473742
0.035215229549 0.474833848163 0.475400473742
0.035215229549 0.474833848163 0.475400473742
0.035215229549 0.474833848163 0.475400473742
0.035215229549 0.474833848163 0.475400473742
0.035215229549 0.474833848163 0.475400473742
0.035215229549 0.474833848163 0.475400473742
0.035215229549 0.474833848163 0.475400473742
0.035215229549 0.474833848163 0.475400473742
0.035215229549 0.474833848163 0.475400473742
0.884340122999 0.406816346568 0.317745353658
0.884340122999 0.406816346568 0.317745353658
0.884340122999 0.406816346568 0.317745353658
0.884340122999 0.406816346568 0.317745353658
0.884340122999 0.406816346568 0.317745353658
0.851293214927 0.308419812044 0.313794018921
0.851293214927 0.308419812044 0.313794018921
0.851293214927 0.308419812044 0.313794018921
0.851293214927 0.308419812044 0.313794018921
0.851293214927 0.308419812044 0.313794018921
0.863100198658 0.396888193591 0.208977446781
0.863100198658 0.396888193591 0.208977446781
0.863100198658 0.396888193591 0.208977446781
0.863100198658 0.396888193591 0.208977446781
0.863100198658 0.396888193591 0.208977446781
0.863100198658 0.396888193591 0.208977446781
0.863100198658 0.396888193591 0.208977446781
0.863100198658 0.396888193591 0.208977446781
0.863100198658 0.396888193591 0.208977446781
0.863100198658 0.396888193591 0.208977446781
0.863100198658 0.396888193591 0.208977446781
0.863100198658 0.396888193591 0.208977446781
0.863100198658 0.396888193591 0.208977446781
0.863100198658 0.396888193591 0.208977446781
0.863100198658 0.396888193591 0.208977446781
0.863100198658 0.396888193591 0.208977446781
0.863100198658 0.396888193591 0.208977446781
0.863100198658 0.396888193591 0.208977446781
0.863100198658 0.396888193591 0.208977446781
0.863100198658 0.396888193591 0.208977446781
0.863100198658 0.396888193591 0.208977446781
0.863100198658 0.396888193591 0.208977446781
0.863100198658 0.396888193591 0.208977446781
0.863100198658 0.396888193591 0.208977446781
0.863100198658 0.396888193591 0.208977446781
0.863100198658 0.396888193591 0.208977446781
0.863100198658 0.396888193591 0.208977446781
0.863100198658 0.396888193591 0.208977446781
0.863100198658 0.396888193591 0.208977446781
0.863100198658 0.396888193591 0.208977446781
0.863100198658 0.396888193591 0.208977446781
0.863100198658 0.396888193591 0.208977446781
0.863100198658 0.396888193591 0.208977446781
0.869797479458 0.882896158173 0.676369266156
0.869797479458 0.882896158173 0.676369266156
0.925788577361 0.454306239232 0.185913210916
0.925788577361 0.454306239232 0.185913210916
0.925788577361 0.454306239232 0.185913210916
0.925788577361 0.454306239232 0.185913210916
0.639250881767 0.237906016411 0.109269909247
0.639250881767 0.237906016411 0.109269909247
0.639250881767 0.237906016411 0.109269909247
0.639250881767 0.237906016411 0.109269909247
0.639250881767 0.237906016411 0.109269909247
0.639250881767 0.237906016411 0.109269909247
0.639250881767 0.237906016411 0.109269909247
0.639250881767 0.237906016411 0.109269909247
0.639250881767 0.237906016411 0.109269909247
0.639250881767 0.237906016411 0.109269909247
0.639250881767 0.237906016411 0.109269909247
0.639250881767 0.237906016411 0.109269909247
0.639250881767 0.237906016411 0.109269909247
0.639250881767 0.237906016411 0.109269909247
0.639250881767 0.237906016411 0.109269909247
0.639250881767 0.237906016411 0.109269909247
0.639250881767 0.237906016411 0.109269909247
0.639250881767 0.237906016411 0.109269909247
0.639250881767 0.237906016411 0.109269909247
0.639250881767 0.237906016411 0.109269909247
0.639250881767 0.237906016411 0.109269909247
0.639250881767 0.237906016411 0.109269909247
0.639250881767 0.237906016411 0.109269909247
0.639250881767 0.237906016411 0.109269909247
0.639250881767 0.237906016411 0.109269909247
0.639250881767 0.237906016411 0.109269909247
0.639250881767 0.237906016411 0.109269909247
0.639250881767 0.237906016411 0.109269909247
0.639250881767 0.237906016411 0.109269909247
0.639250881767 0.237906016411 0.109269909247
0.383167903884 0.146987877318 0.105541920900
0.380098083255 0.146772737813 0.103424131752
0.380098083255 0.146772737813 0.103424131752
0.373281814439 0.154757734775 0.034444587316
0.373281814439 0.154757734775 0.034444587316
0.373281814439 0.154757734775 0.034444587316
0.373281814439 0.154757734775 0.034444587316
0.373281814439 0.154757734775 0.034444587316
0.373281814439 0.154757734775 0.034444587316
0.698891770879 0.383597250502 0.776661883781
0.698891770879 0.383597250502 0.776661883781
0.411320382056 0.253061902497 0.640788278444
0.427882396686 0.251661572165 0.613542480939
0.436030512758 0.318471820723 0.608543337540
0.436030512758 0.318471820723 0.608543337540
0.436030512758 0.318471820723 0.608543337540
0.436030512758 0.318471820723 0.608543337540
0.436030512758 0.318471820723 0.608543337540
0.436030512758 0.318471820723 0.608543337540
0.436030512758 0.318471820723 0.608543337540
0.436030512758 0.318471820723 0.608543337540
0.436030512758 0.318471820723 0.608543337540
0.436030512758 0.318471820723 0.608543337540
0.182874015164 0.433365367899 0.526672300064
0.182874015164 0.433365367899 0.526672300064
0.182874015164 0.433365367899 0.526672300064
0.182874015164 0.433365367899 0.526672300064
0.182874015164 0.433365367899 0.526672300064
0.000000000000 0.464589296240 0.524565092235
0.000000000000 0.464589296240 0.524565092235
0.000000000000 0.464589296240 0.524565092235
0.000000000000 0.464589296240 0.524565092235
0.000000000000 0.464589296240 0.524565092235
0.000000000000 0.464589296240 0.524565092235
0.000000000000 0.469045642578 0.519214575615
0.000000000000 0.469045642578 0.519214575615
0.000000000000 0.469045642578 0.519214575615
0.000000000000 0.563697646156 0.501807676303
0.000000000000 0.563697646156 0.501807676303
0.000000000000 0.563697646156 0.501807676303
0.000000000000 0.563697646156 0.501807676303
0.000000000000 0.563697646156 0.501807676303
0.000000000000 0.563697646156 0.501807676303
0.000000000000 0.563697646156 0.501807676303
0.000000000000 0.563136940677 0.498259704545
0.000000000000 0.563136940677 0.498259704545
0.000000000000 0.509129965787 0.483060859075
0.000000000000 0.509129965787 0.483060859075
0.000000000000 0.509129965787 0.483060859075
0.000000000000 0.509129965787 0.483060859075
0.000000000000 0.509129965787 0.483060859075
0.000000000000 0.509129965787 0.483060859075
0.000000000000 0.507795723045 0.481856385514
0.000000000000 0.507795723045 0.481856385514
0.000000000000 0.507795723045 0.481856385514
0.000000000000 0.507795723045 0.481856385514
0.000000000000 0.507795723045 0.481856385514
0.000000000000 0.507795723045 0.481856385514
0.000000000000 0.507795723045 0.481856385514
0.630936790270 0.795704810490 0.630613786041
0.630936790270 0.795704810490 0.630613786041
0.630936790270 0.795704810490 0.630613786041
0.554083313102 0.575716408056 0.616182151748
0.598134379982 0.319336157616 0.592316074178
0.907324675929 0.392810308954 0.198725736154
0.907324675929 0.392810308954 0.198725736154
0.907324675929 0.392810308954 0.198725736154
0.907324675929 0.392810308954 0.198725736154
0.907324675929 0.392810308954 0.198725736154
0.907324675929 0.392810308954 0.198725736154
0.907324675929 0.392810308954 0.198725736154
0.907324675929 0.392810308954 0.198725736154
0.907324675929 0.392810308954 0.198725736154
0.907324675929 0.392810308954 0.198725736154
0.907324675929 0.392810308954 0.198725736154
0.907324675929 0.392810308954 0.198725736154
0.907324675929 0.392810308954 0.198725736154
0.907324675929 0.392810308954 0.198725736154
0.907324675929 0.392810308954 0.198725736154
0.907324675929 0.392810308954 0.198725736154
0.907324675929 0.392810308954 0.198725736154
0.896004221786 0.390753608406 0.141633784569
0.896004221786 0.390753608406 0.141633784569
0.896004221786 0.390753608406 0.141633784569
0.896004221786 0.390753608406 0.141633784569
0.896004221786 0.390753608406 0.141633784569
0.896004221786 0.390753608406 0.141633784569
0.896004221786 0.390753608406 0.141633784569
0.896004221786 0.390753608406 0.141633784569
0.896004221786 0.390753608406 0.141633784569
0.896004221786 0.390753608406 0.141633784569
0.896004221786 0.390753608406 0.141633784569
0.894727164205 0.392432782858 0.128939143485
0.894727164205 0.392432782858 0.128939143485
0.894727164205 0.392432782858 0.128939143485
0.894727164205 0.392432782858 0.128939143485
0.894727164205 0.392432782858 0.128939143485
0.894727164205 0.392432782858 0.128939143485
0.894727164205 0.392432782858 0.128939143485
0.891450704920 0.393903141324 0.124869749405
0.891450704920 0.393903141324 0.124869749405
0.891450704920 0.393903141324 0.124869749405
0.891450704920 0.393903141324 0.124869749405
0.891450704920 0.393903141324 0.124869749405
0.891450704920 0.393903141324 0.124869749405
0.891450704920 0.393903141324 0.124869749405
0.891450704920 0.393903141324 0.124869749405
0.891450704920 0.393903141324 0.124869749405
0.336046953923 0.721609294722 0.564200943262
0.336046953923 0.721609294722 0.564200943262
0.122503064415 0.601550132823 0.532412298934
0.122503064415 0.601550132823 0.532412298934
0.000000000000 0.567747446968 0.521924803960
0.000000000000 0.567747446968 0.521924803960
0.000000000000 0.567747446968 0.521924803960
0.118136645481 0.577895760533 0.519601563854
0.065885876527 0.869216454546 0.500201184716
0.065885876527 0.869216454546 0.500201184716
0.000000000000 0.862688001166 0.486018896787
0.000000000000 0.862688001166 0.486018896787
0.000000000000 0.862688001166 0.486018896787
0.000000000000 0.862688001166 0.486018896787
0.000000000000 0.862688001166 0.486018896787
0.000000000000 0.862688001166 0.486018896787
0.000000000000 0.862688001166 0.486018896787
0.000000000000 0.862688001166 0.486018896787
0.000000000000 0.862688001166 0.486018896787
0.000000000000 0.862688001166 0.486018896787
0.000000000000 0.862688001166 0.486018896787
0.000000000000 0.862688001166 0.486018896787
0.000000000000 0.862688001166 0.486018896787
0.000000000000 0.862688001166 0.486018896787
0.000000000000 0.862688001166 0.486018896787
0.000000000000 0.862688001166 0.486018896787
0.000000000000 0.862688001166 0.486018896787
0.044261254987 0.923211827604 0.391181246127
0.044261254987 0.923211827604 0.391181246127
0.044261254987 0.923211827604 0.391181246127
0.044261254987 0.923211827604 0.391181246127
0.044261254987 0.923211827604 0.391181246127
0.044261254987 0.923211827604 0.391181246127
0.044261254987 0.923211827604 0.391181246127
0.044261254987 0.923211827604 0.391181246127
0.044261254987 0.923211827604 0.391181246127
0.044261254987 0.923211827604 0.391181246127
0.044261254987 0.923211827604 0.391181246127
0.044261254987 0.923211827604 0.391181246127
0.044261254987 0.923211827604 0.391181246127
0.044261254987 0.923211827604 0.391181246127
0.044261254987 0.923211827604 0.391181246127
0.044261254987 0.923211827604 0.391181246127
0.044261254987 0.923211827604 0.391181246127
0.044261254987 0.923211827604 0.391181246127
0.044261254987 0.923211827604 0.391181246127
0.044261254987 0.923211827604 0.391181246127
0.057668695211 0.470433497530 0.506533010161
0.057668695211 0.470433497530 0.506533010161
0.057668695211 0.470433497530 0.506533010161
0.066553799891 0.504464872188 0.480705077845
0.066553799891 0.504464872188 0.480705077845
0.066553799891 0.504464872188 0.480705077845
0.066553799891 0.504464872188 0.480705077845
0.066553799891 0.504464872188 0.480705077845
0.066553799891 0.504464872188 0.480705077845
0.066553799891 0.504464872188 0.480705077845
0.066553799891 0.504464872188 0.480705077845
0.066553799891 0.504464872188 0.480705077845
0.066937729863 0.544398237574 0.473524074573
0.066937729863 0.544398237574 0.473524074573
0.066937729863 0.544398237574 0.473524074573
0.066937729863 0.544398237574 0.473524074573
0.066937729863 0.544398237574 0.473524074573
0.066937729863 0.544398237574 0.473524074573
0.066411161472 0.543523935733 0.470933195137
0.936080024168 0.542024504904 0.400971921095
0.936080024168 0.542024504904 0.400971921095
0.915034202089 0.429552489813 0.159763350893
0.915034202089 0.429552489813 0.159763350893
0.915034202089 0.429552489813 0.159763350893
0.915034202089 0.429552489813 0.159763350893
0.915034202089 0.429552489813 0.159763350893
0.896556845238 0.391640760161 0.139911022501
0.896556845238 0.391640760161 0.139911022501
0.896556845238 0.391640760161 0.139911022501
0.896556845238 0.391640760161 0.139911022501
0.896556845238 0.391640760161 0.139911022501
0.894911401735 0.393216843776 0.131842169284
0.894911401735 0.393216843776 0.131842169284
0.894911401735 0.393216843776 0.131842169284
0.894911401735 0.393216843776 0.131842169284
0.894911401735 0.393216843776 0.131842169284
0.894911401735 0.393216843776 0.131842169284
0.894911401735 0.393216843776 0.131842169284
0.827309638377 0.341535460574 0.091243985074
0.827309638377 0.341535460574 0.091243985074
0.827309638377 0.341535460574 0.091243985074
0.827309638377 0.341535460574 0.091243985074
0.827309638377 0.341535460574 0.091243985074
0.827309638377 0.341535460574 0.091243985074
0.827309638377 0.341535460574 0.091243985074
0.827309638377 0.341535460574 0.091243985074
0.827309638377 0.341535460574 0.091243985074
0.827309638377 0.341535460574 0.091243985074
0.827309638377 0.341535460574 0.091243985074
0.205613273953 0.106182763638 0.459327972503
0.205613273953 0.106182763638 0.459327972503
0.205613273953 0.106182763638 0.459327972503
0.000000000000 0.146502184252 0.399180918086
0.000000000000 0.146502184252 0.399180918086
0.000000000000 0.146502184252 0.399180918086
0.000000000000 0.146502184252 0.399180918086
0.000000000000 0.144613620532 0.386517389463
0.000000000000 0.144613620532 0.386517389463
0.000000000000 0.144613620532 0.386517389463
0.000000000000 0.144613620532 0.386517389463
0.000000000000 0.144613620532 0.386517389463
0.000000000000 0.144613620532 0.386517389463
0.000000000000 0.144613620532 0.386517389463
0.000000000000 0.140233270968 0.332822050496
0.000000000000 0.138282469406 0.301692139546
0.000000000000 0.138282469406 0.301692139546
0.000000000000 0.135288105440 0.265240749848
0.000000000000 0.134317394887 0.257915800310
0.000000000000 0.134317394887 0.257915800310
0.000000000000 0.134317394887 0.257915800310
0.000000000000 0.134317394887 0.257915800310
0.000000000000 0.134317394887 0.257915800310
0.000000000000 0.134317394887 0.257915800310
0.000000000000 0.134317394887 0.257915800310
0.000000000000 0.134317394887 0.257915800310
0.000000000000 0.134317394887 0.257915800310
0.000000000000 0.134317394887 0.257915800310
0.000000000000 0.134317394887 0.257915800310
0.000000000000 0.134317394887 0.257915800310
0.000000000000 0.134317394887 0.257915800310
0.000000000000 0.134317394887 0.257915800310
0.000000000000 0.134317394887 0.257915800310
0.000000000000 0.134317394887 0.257915800310
0.000000000000 0.134317394887 0.257915800310
0.000000000000 0.134317394887 0.257915800310
0.000000000000 0.134317394887 0.257915800310
0.000000000000 0.134123498112 0.253493691216
0.000000000000 0.134123498112 0.253493691216
0.000000000000 0.134123498112 0.253493691216
0.000000000000 0.134123498112 0.253493691216
0.000000000000 0.134123498112 0.253493691216
0.000000000000 0.134123498112 0.253493691216
0.000000000000 0.134123498112 0.253493691216
0.000000000000 0.134123498112 0.253493691216
0.000000000000 0.134123498112 0.253493691216
0.000000000000 0.134123498112 0.253493691216
0.000000000000 0.133046217215 0.252044683336
0.000000000000 0.133046217215 0.252044683336
0.983184742995 0.832850222123 0.496537195233
0.983184742995 0.832850222123 0.496537195233
0.983184742995 0.832850222123 0.496537195233
0.983184742995 0.832850222123 0.496537195233
0.983184742995 0.832850222123 0.496537195233
0.983184742995 0.832850222123 0.496537195233
0.930383498978 0.704591135722 0.465866621293
0.930383498978 0.704591135722 0.465866621293
0.930383498978 0.704591135722 0.465866621293
0.918845847330 0.662281195870 0.462694734947
0.918845847330 0.662281195870 0.462694734947
0.918845847330 0.662281195870 0.462694734947
0.918845847330 0.662281195870 0.462694734947
0.918845847330 0.662281195870 0.462694734947
0.918845847330 0.662281195870 0.462694734947
0.918845847330 0.662281195870 0.462694734947
0.918845847330 0.662281195870 0.462694734947
0.918845847330 0.662281195870 0.462694734947
0.991347012589 0.819576886559 0.398285090951
0.991347012589 0.819576886559 0.398285090951
0.991347012589 0.819576886559 0.398285090951
0.991347012589 0.819576886559 0.398285090951
0.996198904495 0.562504404631 0.257885830462
0.996198904495 0.562504404631 0.257885830462
0.996198904495 0.562504404631 0.257885830462
0.996198904495 0.562504404631 0.257885830462
0.996198904495 0.562504404631 0.257885830462
0.996198904495 0.562504404631 0.257885830462
0.996198904495 0.562504404631 0.257885830462
0.996198904495 0.562504404631 0.257885830462
0.996198904495 0.562504404631 0.257885830462
0.996198904495 0.562504404631 0.257885830462
0.982281534615 0.537532334667 0.194949325638
0.982281534615 0.537532334667 0.194949325638
0.982281534615 0.537532334667 0.194949325638
0.982281534615 0.537532334667 0.194949325638
0.982281534615 0.537532334667 0.194949325638
0.982281534615 0.537532334667 0.194949325638
0.982281534615 0.537532334667 0.194949325638
0.982281534615 0.537532334667 0.194949325638
0.982281534615 0.537532334667 0.194949325638
0.982281534615 0.537532334667 0.194949325638
0.982281534615 0.537532334667 0.194949325638
0.982281534615 0.537532334667 0.194949325638
0.982281534615 0.537532334667 0.194949325638
0.982281534615 0.537532334667 0.194949325638
0.954994857638 0.983555435696 0.696526879207
0.768453841580 0.893092188189 0.693229355942
0.588719561885 0.868775138105 0.593928216247
0.588719561885 0.868775138105 0.593928216247
0.215383650975 0.688300147944 0.532637312985
0.215383650975 0.688300147944 0.532637312985
0.001761180153 0.261998293177 0.525030575269
0.001242817691 0.327560952426 0.468292900609
0.001242817691 0.327560952426 0.468292900609
0.001242817691 0.327560952426 0.468292900609
0.001242817691 0.327560952426 0.468292900609
0.001242817691 0.327560952426 0.468292900609
0.001242817691 0.327560952426 0.468292900609
0.001242817691 0.327560952426 0.468292900609
0.001242817691 0.327560952426 0.468292900609
0.001242817691 0.327560952426 0.468292900609
0.001242817691 0.327560952426 0.468292900609
0.000310054861 0.334022840856 0.456130835954
0.000310054861 0.334022840856 0.456130835954
0.000310054861 0.334022840856 0.456130835954
0.000310054861 0.334022840856 0.456130835954
0.000310054861 0.334022840856 0.456130835954
0.000310054861 0.334022840856 0.456130835954
0.000310054861 0.334022840856 0.456130835954
0.000310054861 0.334022840856 0.456130835954
0.000310054861 0.334022840856 0.456130835954
0.000310054861 0.334022840856 0.456130835954
0.000310054861 0.334022840856 0.456130835954
0.000310054861 0.334022840856 0.456130835954
0.000000000000 0.153516907959 0.357768517057
0.000000000000 0.153516907959 0.357768517057
0.000000000000 0.153516907959 0.357768517057
0.000000000000 0.153516907959 0.357768517057
0.316671862776 0.156240048192 0.241356627451
0.316671862776 0.156240048192 0.241356627451
0.325329122369 0.153119435363 0.230922260091
0.345299872338 0.153819237093 0.113124747537
0.345299872338 0.153819237093 0.113124747537
0.345299872338 0.153819237093 0.113124747537
0.345299872338 0.153819237093 0.113124747537
0.345299872338 0.153819237093 0.113124747537
0.345299872338 0.153819237093 0.113124747537
0.345299872338 0.153819237093 0.113124747537
0.345299872338 0.153819237093 0.113124747537
0.345299872338 0.153819237093 0.113124747537
0.345299872338 0.153819237093 0.113124747537
0.345299872338 0.153819237093 0.113124747537
0.342787915907 0.141768061154 0.111810392306
0.342787915907 0.141768061154 0.111810392306
0.342787915907 0.141768061154 0.111810392306
0.342787915907 0.141768061154 0.111810392306
0.984379819057 0.224730663850 0.471749999117
0.984379819057 0.224730663850 0.471749999117
0.984379819057 0.224730663850 0.471749999117
0.984379819057 0.224730663850 0.471749999117
0.984379819057 0.224730663850 0.471749999117
0.984379819057 0.224730663850 0.471749999117
0.984379819057 0.224730663850 0.471749999117
0.984379819057 0.224730663850 0.471749999117
0.984379819057 0.224730663850 0.471749999117
0.984379819057 0.224730663850 0.471749999117
0.984379819057 0.224730663850 0.471749999117
0.984379819057 0.224730663850 0.471749999117
0.984379819057 0.224730663850 0.471749999117
0.984379819057 0.224730663850 0.471749999117
0.984379819057 0.224730663850 0.471749999117
0.984379819057 0.224730663850 0.471749999117
0.887067967215 0.277286316424 0.458945679097
0.887067967215 0.277286316424 0.458945679097
0.887067967215 0.277286316424 0.458945679097
0.887067967215 0.277286316424 0.458945679097
0.876641520892 0.308829049926 0.384407307993
0.796922592036 0.351080346448 0.254506112564
0.796922592036 0.351080346448 0.254506112564
0.826855314780 0.317340015525 0.196538166517
