0.899959169118 0.693643509840 0.534745624149
0.899959169118 0.693643509840 0.534745624149
0.899959169118 0.693643509840 0.534745624149
0.899959169118 0.693643509840 0.534745624149
0.899447213880 0.517690576349 0.485459913261
0.899447213880 0.517690576349 0.485459913261
0.918692930470 0.475449374846 0.328214071949
0.918692930470 0.475449374846 0.328214071949
0.918692930470 0.475449374846 0.328214071949
0.918692930470 0.475449374846 0.328214071949
0.906185115170 0.473884483380 0.324283954948
0.906185115170 0.473884483380 0.324283954948
0.906185115170 0.473884483380 0.324283954948
0.915171070303 0.471389338148 0.310881233235
0.915171070303 0.471389338148 0.310881233235
0.915171070303 0.471389338148 0.310881233235
0.915171070303 0.471389338148 0.310881233235
0.915171070303 0.471389338148 0.310881233235
0.915171070303 0.471389338148 0.310881233235
0.915171070303 0.471389338148 0.310881233235
0.915171070303 0.471389338148 0.310881233235
0.930264092427 0.460313352141 0.184949313963
0.930264092427 0.460313352141 0.184949313963
0.930264092427 0.460313352141 0.184949313963
0.930264092427 0.460313352141 0.184949313963
0.930264092427 0.460313352141 0.184949313963
0.930264092427 0.460313352141 0.184949313963
0.930264092427 0.460313352141 0.184949313963
0.930264092427 0.460313352141 0.184949313963
0.930264092427 0.460313352141 0.184949313963
0.930264092427 0.460313352141 0.184949313963
0.930264092427 0.460313352141 0.184949313963
0.930264092427 0.460313352141 0.184949313963
0.930264092427 0.460313352141 0.184949313963
0.937598825747 0.459835101793 0.134922740790
0.937598825747 0.459835101793 0.134922740790
0.937598825747 0.459835101793 0.134922740790
0.937598825747 0.459835101793 0.134922740790
0.937598825747 0.459835101793 0.134922740790
0.937598825747 0.459835101793 0.134922740790
0.937598825747 0.459835101793 0.134922740790
0.937598825747 0.459835101793 0.134922740790
0.937598825747 0.459835101793 0.134922740790
0.937598825747 0.459835101793 0.134922740790
0.937598825747 0.459835101793 0.134922740790
0.937598825747 0.459835101793 0.134922740790
0.937598825747 0.459835101793 0.134922740790
0.937598825747 0.459835101793 0.134922740790
0.937598825747 0.459835101793 0.134922740790
0.937598825747 0.459835101793 0.134922740790
0.163274922784 0.849138451359 0.542103978574
0.163274922784 0.849138451359 0.542103978574
0.163274922784 0.849138451359 0.542103978574
0.163274922784 0.849138451359 0.542103978574
0.163274922784 0.849138451359 0.542103978574
0.163274922784 0.849138451359 0.542103978574
0.163274922784 0.849138451359 0.542103978574
0.163274922784 0.849138451359 0.542103978574
0.163274922784 0.849138451359 0.542103978574
0.157573648309 0.425207376578 0.537241913521
0.157573648309 0.425207376578 0.537241913521
0.157573648309 0.425207376578 0.537241913521
0.127990977121 0.493441907223 0.530782642373
0.127990977121 0.493441907223 0.530782642373
0.000000000000 0.245993221492 0.483385233138
0.692932458415 0.246382578570 0.113701565112
0.692932458415 0.246382578570 0.113701565112
0.692932458415 0.246382578570 0.113701565112
0.666935754186 0.246395561111 0.104531635491
0.666935754186 0.246395561111 0.104531635491
0.666935754186 0.246395561111 0.104531635491
0.666935754186 0.246395561111 0.104531635491
0.666935754186 0.246395561111 0.104531635491
0.666935754186 0.246395561111 0.104531635491
0.666935754186 0.246395561111 0.104531635491
0.666935754186 0.246395561111 0.104531635491
0.670440602149 0.236605549421 0.090583301157
0.670440602149 0.236605549421 0.090583301157
0.641559324190 0.230524992478 0.065521477180
0.641559324190 0.230524992478 0.065521477180
0.641559324190 0.230524992478 0.065521477180
0.640997791651 0.230971894536 0.055398969875
0.636499511400 0.231109202286 0.050047451405
0.636499511400 0.231109202286 0.050047451405
0.636499511400 0.231109202286 0.050047451405
0.636499511400 0.231109202286 0.050047451405
0.636499511400 0.231109202286 0.050047451405
0.636499511400 0.231109202286 0.050047451405
0.636499511400 0.231109202286 0.050047451405
0.636499511400 0.231109202286 0.050047451405
0.636499511400 0.231109202286 0.050047451405
0.636499511400 0.231109202286 0.050047451405
0.636499511400 0.231109202286 0.050047451405
0.636499511400 0.231109202286 0.050047451405
0.636499511400 0.231109202286 0.050047451405
0.636499511400 0.231109202286 0.050047451405
0.636499511400 0.231109202286 0.050047451405
0.636499511400 0.231109202286 0.050047451405
0.636499511400 0.231109202286 0.050047451405
0.636499511400 0.231109202286 0.050047451405
0.372679951578 0.000000000000 0.593199994528
0.372679951578 0.000000000000 0.593199994528
0.372679951578 0.000000000000 0.593199994528
0.544192012034 0.000000000000 0.543818065804
0.544774544130 0.141985357710 0.373938475492
0.544774544130 0.141985357710 0.373938475492
0.544774544130 0.141985357710 0.373938475492
0.544774544130 0.141985357710 0.373938475492
0.535070679325 0.147253915118 0.335066410631
0.535070679325 0.147253915118 0.335066410631
0.535070679325 0.147253915118 0.335066410631
0.535070679325 0.147253915118 0.335066410631
0.535070679325 0.147253915118 0.335066410631
0.535070679325 0.147253915118 0.335066410631
0.360542083938 0.144906116267 0.093993371054
0.360542083938 0.144906116267 0.093993371054
0.360542083938 0.144906116267 0.093993371054
0.360542083938 0.144906116267 0.093993371054
0.346728384367 0.144168260311 0.085949277964
0.346728384367 0.144168260311 0.085949277964
0.346728384367 0.144168260311 0.085949277964
0.346728384367 0.144168260311 0.085949277964
0.346728384367 0.144168260311 0.085949277964
0.346728384367 0.144168260311 0.085949277964
0.346728384367 0.144168260311 0.085949277964
0.346728384367 0.144168260311 0.085949277964
0.346728384367 0.144168260311 0.085949277964
0.346728384367 0.144168260311 0.085949277964
0.346728384367 0.144168260311 0.085949277964
0.357364808873 0.147286755604 0.074505487388
0.371059886317 0.149401587424 0.062364769006
0.371059886317 0.149401587424 0.062364769006
0.371059886317 0.149401587424 0.062364769006
0.368986720208 0.156140883879 0.043247574086
0.368986720208 0.156140883879 0.043247574086
0.368986720208 0.156140883879 0.043247574086
0.368986720208 0.156140883879 0.043247574086
0.369877747767 0.154435132725 0.038116185196
0.369877747767 0.154435132725 0.038116185196
0.369877747767 0.154435132725 0.038116185196
0.369877747767 0.154435132725 0.038116185196
0.372590040390 0.153857602716 0.036389371593
0.372590040390 0.153857602716 0.036389371593
0.372590040390 0.153857602716 0.036389371593
0.372590040390 0.153857602716 0.036389371593
0.372590040390 0.153857602716 0.036389371593
0.372590040390 0.153857602716 0.036389371593
0.372590040390 0.153857602716 0.036389371593
0.372590040390 0.153857602716 0.036389371593
0.372590040390 0.153857602716 0.036389371593
0.372590040390 0.153857602716 0.036389371593
0.921866792790 0.354467939603 0.387226465633
0.897777404872 0.393215172318 0.145893375380
0.897777404872 0.393215172318 0.145893375380
0.897777404872 0.393215172318 0.145893375380
0.897777404872 0.393215172318 0.145893375380
0.897777404872 0.393215172318 0.145893375380
0.897777404872 0.393215172318 0.145893375380
0.897777404872 0.393215172318 0.145893375380
0.897777404872 0.393215172318 0.145893375380
0.897777404872 0.393215172318 0.145893375380
0.897777404872 0.393215172318 0.145893375380
0.897777404872 0.393215172318 0.145893375380
0.897777404872 0.393215172318 0.145893375380
0.897777404872 0.393215172318 0.145893375380
0.897777404872 0.393215172318 0.145893375380
0.897777404872 0.393215172318 0.145893375380
0.897777404872 0.393215172318 0.145893375380
0.897777404872 0.393215172318 0.145893375380
0.897777404872 0.393215172318 0.145893375380
0.897777404872 0.393215172318 0.145893375380
0.897777404872 0.393215172318 0.145893375380
0.897777404872 0.393215172318 0.145893375380
0.897777404872 0.393215172318 0.145893375380
0.897777404872 0.393215172318 0.145893375380
0.897777404872 0.393215172318 0.145893375380
0.897777404872 0.393215172318 0.145893375380
0.897777404872 0.393215172318 0.145893375380
0.897777404872 0.393215172318 0.145893375380
0.897777404872 0.393215172318 0.145893375380
0.896351877044 0.392894079872 0.139600397940
0.896351877044 0.392894079872 0.139600397940
0.896351877044 0.392894079872 0.139600397940
0.891185761739 0.391392129042 0.115111099974
0.891185761739 0.391392129042 0.115111099974
0.891185761739 0.391392129042 0.115111099974
0.891185761739 0.391392129042 0.115111099974
0.891185761739 0.391392129042 0.115111099974
0.891185761739 0.391392129042 0.115111099974
0.891185761739 0.391392129042 0.115111099974
0.891185761739 0.391392129042 0.115111099974
0.891185761739 0.391392129042 0.115111099974
0.891185761739 0.391392129042 0.115111099974
0.891185761739 0.391392129042 0.115111099974
0.891185761739 0.391392129042 0.115111099974
0.142863385374 0.867601838486 0.540518690224
0.142863385374 0.867601838486 0.540518690224
0.754344449927 0.223941664714 0.433298980764
0.701745023997 0.232753949991 0.228141339579
0.701745023997 0.232753949991 0.228141339579
0.675554036590 0.236013738593 0.122556163089
0.675554036590 0.236013738593 0.122556163089
0.675554036590 0.236013738593 0.122556163089
0.675554036590 0.236013738593 0.122556163089
0.675554036590 0.236013738593 0.122556163089
0.675554036590 0.236013738593 0.122556163089
0.675554036590 0.236013738593 0.122556163089
0.675554036590 0.236013738593 0.122556163089
0.675554036590 0.236013738593 0.122556163089
0.675554036590 0.236013738593 0.122556163089
0.675554036590 0.236013738593 0.122556163089
0.675554036590 0.236013738593 0.122556163089
0.594376888194 0.205756683755 0.121907029494
0.594376888194 0.205756683755 0.121907029494
0.594376888194 0.205756683755 0.121907029494
0.594376888194 0.205756683755 0.121907029494
0.594376888194 0.205756683755 0.121907029494
0.594376888194 0.205756683755 0.121907029494
0.594376888194 0.205756683755 0.121907029494
0.594376888194 0.205756683755 0.121907029494
0.594376888194 0.205756683755 0.121907029494
0.372219528386 0.154859010164 0.034683178294
0.372219528386 0.154859010164 0.034683178294
0.372219528386 0.154859010164 0.034683178294
0.372219528386 0.154859010164 0.034683178294
0.372219528386 0.154859010164 0.034683178294
0.372219528386 0.154859010164 0.034683178294
0.372219528386 0.154859010164 0.034683178294
0.372219528386 0.154859010164 0.034683178294
0.372219528386 0.154859010164 0.034683178294
0.372219528386 0.154859010164 0.034683178294
0.372219528386 0.154859010164 0.034683178294
0.372219528386 0.154859010164 0.034683178294
0.372219528386 0.154859010164 0.034683178294
0.372219528386 0.154859010164 0.034683178294
0.372219528386 0.154859010164 0.034683178294
0.372219528386 0.154859010164 0.034683178294
0.372219528386 0.154859010164 0.034683178294
0.372219528386 0.154859010164 0.034683178294
0.372219528386 0.154859010164 0.034683178294
0.989802260110 0.906407459125 0.525048097542
0.989802260110 0.906407459125 0.525048097542
0.989802260110 0.906407459125 0.525048097542
0.989802260110 0.906407459125 0.525048097542
0.989802260110 0.906407459125 0.525048097542
0.998539844748 0.501511749292 0.350175192878
0.955667120679 0.482436834058 0.160431277525
0.955667120679 0.482436834058 0.160431277525
0.955667120679 0.482436834058 0.160431277525
0.955667120679 0.482436834058 0.160431277525
0.955667120679 0.482436834058 0.160431277525
0.955667120679 0.482436834058 0.160431277525
0.955667120679 0.482436834058 0.160431277525
0.955667120679 0.482436834058 0.160431277525
0.955667120679 0.482436834058 0.160431277525
0.955667120679 0.482436834058 0.160431277525
0.955667120679 0.482436834058 0.160431277525
0.955667120679 0.482436834058 0.160431277525
0.955667120679 0.482436834058 0.160431277525
0.955667120679 0.482436834058 0.160431277525
0.955667120679 0.482436834058 0.160431277525
0.955667120679 0.482436834058 0.160431277525
0.955667120679 0.482436834058 0.160431277525
0.955667120679 0.482436834058 0.160431277525
0.921507169537 0.430870317402 0.131236874178
0.921507169537 0.430870317402 0.131236874178
0.921507169537 0.430870317402 0.131236874178
0.921507169537 0.430870317402 0.131236874178
0.921507169537 0.430870317402 0.131236874178
0.921507169537 0.430870317402 0.131236874178
0.921507169537 0.430870317402 0.131236874178
0.921507169537 0.430870317402 0.131236874178
0.921507169537 0.430870317402 0.131236874178
0.921507169537 0.430870317402 0.131236874178
0.921507169537 0.430870317402 0.131236874178
0.921507169537 0.430870317402 0.131236874178
0.921507169537 0.430870317402 0.131236874178
0.921507169537 0.430870317402 0.131236874178
0.921507169537 0.430870317402 0.131236874178
0.921507169537 0.430870317402 0.131236874178
0.921507169537 0.430870317402 0.131236874178
0.921507169537 0.430870317402 0.131236874178
0.921507169537 0.430870317402 0.131236874178
0.040876425393 0.529818738905 0.555858942364
0.040876425393 0.529818738905 0.555858942364
0.000000000000 0.493145091911 0.519372418420
0.000000000000 0.493145091911 0.519372418420
0.000000000000 0.548126458136 0.516557426951
0.000000000000 0.548126458136 0.516557426951
0.000000000000 0.548126458136 0.516557426951
0.000000000000 0.548126458136 0.516557426951
0.000000000000 0.548126458136 0.516557426951
0.065631574162 0.548291480771 0.487308161276
0.065631574162 0.548291480771 0.487308161276
0.065631574162 0.548291480771 0.487308161276
0.065631574162 0.548291480771 0.487308161276
0.065631574162 0.548291480771 0.487308161276
0.065631574162 0.548291480771 0.487308161276
0.065631574162 0.548291480771 0.487308161276
0.065631574162 0.548291480771 0.487308161276
0.065631574162 0.548291480771 0.487308161276
0.065631574162 0.548291480771 0.487308161276
0.065631574162 0.548291480771 0.487308161276
0.065631574162 0.548291480771 0.487308161276
0.065631574162 0.548291480771 0.487308161276
0.065631574162 0.548291480771 0.487308161276
0.065631574162 0.548291480771 0.487308161276
0.065631574162 0.548291480771 0.487308161276
0.065631574162 0.548291480771 0.487308161276
0.065631574162 0.548291480771 0.487308161276
0.065631574162 0.548291480771 0.487308161276
0.065631574162 0.548291480771 0.487308161276
0.065631574162 0.548291480771 0.487308161276
0.065631574162 0.548291480771 0.487308161276
0.065631574162 0.548291480771 0.487308161276
0.065631574162 0.548291480771 0.487308161276
0.065631574162 0.548291480771 0.487308161276
0.065631574162 0.548291480771 0.487308161276
0.065631574162 0.548291480771 0.487308161276
0.065631574162 0.548291480771 0.487308161276
0.857346928804 0.289284433072 0.375336648916
0.857346928804 0.289284433072 0.375336648916
0.857346928804 0.289284433072 0.375336648916
0.753063823272 0.308998676671 0.278390365915
0.753063823272 0.308998676671 0.278390365915
0.753063823272 0.308998676671 0.278390365915
0.753063823272 0.308998676671 0.278390365915
0.753063823272 0.308998676671 0.278390365915
0.553402031453 0.089071565667 0.507958664698
0.553402031453 0.089071565667 0.507958664698
0.553402031453 0.089071565667 0.507958664698
0.553402031453 0.089071565667 0.507958664698
0.553402031453 0.089071565667 0.507958664698
0.897907770161 0.000000000000 0.505590666406
0.897907770161 0.000000000000 0.505590666406
0.897907770161 0.000000000000 0.505590666406
0.897907770161 0.000000000000 0.505590666406
0.591461727440 0.125169152442 0.487709784276
0.591461727440 0.125169152442 0.487709784276
0.591461727440 0.125169152442 0.487709784276
0.646853543625 0.248135567313 0.188237334951
0.646853543625 0.248135567313 0.188237334951
0.646853543625 0.248135567313 0.188237334951
0.646853543625 0.248135567313 0.188237334951
0.646853543625 0.248135567313 0.188237334951
0.646853543625 0.248135567313 0.188237334951
0.646853543625 0.248135567313 0.188237334951
0.646853543625 0.248135567313 0.188237334951
0.646853543625 0.248135567313 0.188237334951
0.646853543625 0.248135567313 0.188237334951
0.646853543625 0.248135567313 0.188237334951
0.646853543625 0.248135567313 0.188237334951
0.646853543625 0.248135567313 0.188237334951
0.646853543625 0.248135567313 0.188237334951
0.646853543625 0.248135567313 0.188237334951
0.646853543625 0.248135567313 0.188237334951
0.646853543625 0.248135567313 0.188237334951
0.646853543625 0.248135567313 0.188237334951
0.646853543625 0.248135567313 0.188237334951
0.646853543625 0.248135567313 0.188237334951
0.646853543625 0.248135567313 0.188237334951
0.646853543625 0.248135567313 0.188237334951
0.646853543625 0.248135567313 0.188237334951
0.646853543625 0.248135567313 0.188237334951
0.646853543625 0.248135567313 0.188237334951
0.646853543625 0.248135567313 0.188237334951
0.646853543625 0.248135567313 0.188237334951
0.793054589497 0.326630752910 0.176527951484
0.793054589497 0.326630752910 0.176527951484
0.793054589497 0.326630752910 0.176527951484
0.793054589497 0.326630752910 0.176527951484
0.793054589497 0.326630752910 0.176527951484
0.793054589497 0.326630752910 0.176527951484
0.450843765131 0.918468754804 0.682216999723
0.249468300573 0.620039646637 0.537724510306
0.249468300573 0.620039646637 0.537724510306
0.000000000000 0.680114763610 0.529330075239
0.000000000000 0.680114763610 0.529330075239
0.000000000000 0.680114763610 0.529330075239
0.000000000000 0.680114763610 0.529330075239
0.000000000000 0.680114763610 0.529330075239
0.000000000000 0.680114763610 0.529330075239
0.000000000000 0.680114763610 0.529330075239
0.000000000000 0.680114763610 0.529330075239
0.000000000000 0.722201560392 0.453933018729
0.000000000000 0.722201560392 0.453933018729
0.000000000000 0.722201560392 0.453933018729
0.000000000000 0.722201560392 0.453933018729
0.000000000000 0.722201560392 0.453933018729
0.000000000000 0.722201560392 0.453933018729
0.000000000000 0.722201560392 0.453933018729
0.000000000000 0.722201560392 0.453933018729
0.000000000000 0.722201560392 0.453933018729
0.000579013476 0.722859954444 0.445609938622
0.000579013476 0.722859954444 0.445609938622
0.000579013476 0.722859954444 0.445609938622
0.000579013476 0.722859954444 0.445609938622
0.000579013476 0.722859954444 0.445609938622
0.000353531763 0.728065100999 0.428007556120
0.000353531763 0.728065100999 0.428007556120
0.000353531763 0.728065100999 0.428007556120
0.000353531763 0.728065100999 0.428007556120
0.000353531763 0.728065100999 0.428007556120
0.000353531763 0.728065100999 0.428007556120
0.000353531763 0.728065100999 0.428007556120
0.000353531763 0.728065100999 0.428007556120
0.000353531763 0.728065100999 0.428007556120
0.000353531763 0.728065100999 0.428007556120
0.000353531763 0.728065100999 0.428007556120
0.000353531763 0.728065100999 0.428007556120
0.000353531763 0.728065100999 0.428007556120
0.000353531763 0.728065100999 0.428007556120
0.000353531763 0.728065100999 0.428007556120
0.000353531763 0.728065100999 0.428007556120
0.000353531763 0.728065100999 0.428007556120
0.000353531763 0.728065100999 0.428007556120
0.000353531763 0.728065100999 0.428007556120
0.000353531763 0.728065100999 0.428007556120
0.049798055312 0.875437608413 0.495353602952
0.002727225093 0.864153288790 0.476258341137
0.002727225093 0.864153288790 0.476258341137
0.002727225093 0.864153288790 0.476258341137
0.002727225093 0.864153288790 0.476258341137
0.002727225093 0.864153288790 0.476258341137
0.002727225093 0.864153288790 0.476258341137
0.002727225093 0.864153288790 0.476258341137
0.002727225093 0.864153288790 0.476258341137
0.002727225093 0.864153288790 0.476258341137
0.002727225093 0.864153288790 0.476258341137
0.002727225093 0.864153288790 0.476258341137
0.002727225093 0.864153288790 0.476258341137
0.002727225093 0.864153288790 0.476258341137
0.002727225093 0.864153288790 0.476258341137
0.002727225093 0.864153288790 0.476258341137
0.002727225093 0.864153288790 0.476258341137
0.002727225093 0.864153288790 0.476258341137
0.002727225093 0.864153288790 0.476258341137
0.002727225093 0.864153288790 0.476258341137
0.002727225093 0.864153288790 0.476258341137
0.002727225093 0.864153288790 0.476258341137
0.002727225093 0.864153288790 0.476258341137
0.002727225093 0.864153288790 0.476258341137
0.002727225093 0.864153288790 0.476258341137
0.002727225093 0.864153288790 0.476258341137
0.002727225093 0.864153288790 0.476258341137
0.002727225093 0.864153288790 0.476258341137
0.002727225093 0.864153288790 0.476258341137
0.002727225093 0.864153288790 0.476258341137
0.002727225093 0.864153288790 0.476258341137
0.002727225093 0.864153288790 0.476258341137
0.002727225093 0.864153288790 0.476258341137
0.002727225093 0.864153288790 0.476258341137
0.002727225093 0.864153288790 0.476258341137
0.002727225093 0.864153288790 0.476258341137
0.002727225093 0.864153288790 0.476258341137
0.002727225093 0.864153288790 0.476258341137
0.002727225093 0.864153288790 0.476258341137
0.002727225093 0.864153288790 0.476258341137
0.002727225093 0.864153288790 0.476258341137
0.184031277731 0.933941580447 0.531022764778
0.184031277731 0.933941580447 0.531022764778
0.184031277731 0.933941580447 0.531022764778
0.184031277731 0.933941580447 0.531022764778
0.184031277731 0.933941580447 0.531022764778
0.184031277731 0.933941580447 0.531022764778
0.184031277731 0.933941580447 0.531022764778
0.184031277731 0.933941580447 0.531022764778
0.184031277731 0.933941580447 0.531022764778
0.184031277731 0.933941580447 0.531022764778
0.184031277731 0.933941580447 0.531022764778
0.184031277731 0.933941580447 0.531022764778
0.184031277731 0.933941580447 0.531022764778
0.184031277731 0.933941580447 0.531022764778
0.184031277731 0.933941580447 0.531022764778
0.184031277731 0.933941580447 0.531022764778
0.184031277731 0.933941580447 0.531022764778
0.184031277731 0.933941580447 0.531022764778
0.184031277731 0.933941580447 0.531022764778
0.184031277731 0.933941580447 0.531022764778
0.000000000000 0.544334601142 0.523516735295
0.000000000000 0.561523661401 0.495620460095
0.000000000000 0.561523661401 0.495620460095
0.000000000000 0.561523661401 0.495620460095
0.000000000000 0.561523661401 0.495620460095
0.000000000000 0.561523661401 0.495620460095
0.000000000000 0.561523661401 0.495620460095
0.000000000000 0.561523661401 0.495620460095
0.000000000000 0.561523661401 0.495620460095
0.000000000000 0.561523661401 0.495620460095
0.000000000000 0.561523661401 0.495620460095
0.000000000000 0.561523661401 0.495620460095
0.000000000000 0.561523661401 0.495620460095
0.000000000000 0.561523661401 0.495620460095
0.000000000000 0.561523661401 0.495620460095
0.000000000000 0.561523661401 0.495620460095
0.000000000000 0.561523661401 0.495620460095
0.000000000000 0.561523661401 0.495620460095
0.000000000000 0.561523661401 0.495620460095
0.000000000000 0.561523661401 0.495620460095
0.000000000000 0.561523661401 0.495620460095
0.000000000000 0.561523661401 0.495620460095
