0.104997769143 0.238329845574 0.651603342823
0.102800570681 0.238207238787 0.659474170843
0.099497568265 0.236244453030 0.668280994472
0.096524442633 0.233963260935 0.665228161639
0.095455886284 0.232783039771 0.659979080308
0.096024079301 0.232944142764 0.659979080308
0.097631395075 0.234046747429 0.665903379135
0.099641398225 0.235558487075 0.668280994472
0.101266760513 0.236401185887 0.664586638597
0.102035527826 0.236290260605 0.666999164743
0.102348106532 0.235695209803 0.666223170010
0.102177216898 0.234591653493 0.667922996053
0.101784452937 0.233309911556 0.667909988491
0.101601108480 0.232822070511 0.667909988491
0.101606712539 0.233007872204 0.667909988491
0.101783652492 0.233769564156 0.668460741861
0.101985737486 0.234683913515 0.668233856457
0.102026162527 0.235385757213 0.668233856457
0.101918884557 0.235894284484 0.666999164743
0.101450477624 0.235901630143 0.666999164743
0.100656833108 0.235462428458 0.667663109399
0.099669883542 0.234669986206 0.668367517242
0.098878632680 0.233960247452 0.666627596261
0.098628174767 0.233788412592 0.666627596261
0.098861320692 0.234097260092 0.666627596261
0.099527547840 0.234836281631 0.668367517242
0.100241003670 0.235521363780 0.667663109399
0.100613690869 0.235735184160 0.667663109399
0.100675398842 0.235523549343 0.667663109399
0.100453082879 0.234927505044 0.668355221925
0.100223513719 0.234349220216 0.667985997606
0.100195423328 0.234200135099 0.667985997606
0.100352372247 0.234440246866 0.668355221925
0.100467402318 0.234622940378 0.668355221925
0.100543908563 0.234752894064 0.668355221925
0.100584989273 0.234834377054 0.668355221925
0.100593472923 0.234871286328 0.668355221925
0.100571942386 0.234867180128 0.668355221925
0.100522756779 0.234825308116 0.668355221925
0.100448071222 0.234748638632 0.668355221925
0.100349854737 0.234639883397 0.668355221925
0.100229906491 0.234501519926 0.668355221925
0.100089870567 0.234335811908 0.667346145200
0.100336303949 0.234694157005 0.668355221925
0.100529052191 0.234979839071 0.668355221925
0.100672624582 0.235198985693 0.668355221925
0.100771136849 0.235357189284 0.668355221925
0.100828345162 0.235459553347 0.667663109399
0.100541330732 0.235069979577 0.668355221925
0.100247662257 0.234674089340 0.668355221925
0.099947668281 0.234272108387 0.667346145200
0.100076307371 0.234448775991 0.668367517242
0.100330405004 0.234623743232 0.668355221925
0.100527350329 0.234739695329 0.668355221925
0.100672053300 0.234801643651 0.668355221925
0.100768988329 0.234814155292 0.668355221925
0.100822232296 0.234781391851 0.668355221925
0.100835499319 0.234707144911 0.668355221925
0.100812172537 0.234594868455 0.668355221925
0.100755333167 0.234447708515 0.668355221925
0.100667787060 0.234268530261 0.667985997606
0.100827887814 0.234588318818 0.668355221925
0.100936658954 0.234832421738 0.668355221925
0.100998557527 0.235007468498 0.668355221925
0.101017638653 0.235119490220 0.668355221925
0.100997591269 0.235173972899 0.668355221925
0.100941770745 0.235175905996 0.668355221925
0.100853228665 0.235129826780 0.668355221925
0.100734739995 0.235039860791 0.668355221925
0.100588827867 0.234909758757 0.668355221925
0.100417786190 0.234742930255 0.668355221925
0.100223700261 0.234542474409 0.668355221925
0.100008465563 0.234311207877 0.667346145200
0.100287359563 0.234733460124 0.668355221925
0.100500475385 0.235066381534 0.668355221925
0.100653696036 0.235317990485 0.668355221925
0.100752363712 0.235495567875 0.667663109399
0.100422071704 0.235070951891 0.668355221925
0.100082353421 0.234635709940 0.668367517242
0.099941615134 0.234258751145 0.667346145200
0.100304462104 0.234567300044 0.668355221925
0.100592089546 0.234795732936 0.668355221925
0.100811314136 0.234951273181 0.668355221925
0.100968320401 0.235040474277 0.668355221925
0.101068718816 0.235069281438 0.668355221925
0.101117598627 0.235043087586 0.668355221925
0.101119575884 0.234966784251 0.668355221925
0.101078837089 0.234844807843 0.668355221925
0.100999178874 0.234681181696 0.668355221925
0.100884044058 0.234479554280 0.668355221925
0.100736554397 0.234243233913 0.667985997606
0.100890628632 0.234597088690 0.668355221925
0.100986391492 0.234863307964 0.668355221925
0.101029131023 0.235049901417 0.668355221925
0.101023639877 0.235164127912 0.668355221925
0.100974261431 0.235212565418 0.668355221925
0.100884931657 0.235201174484 0.668355221925
0.100759217120 0.235135355849 0.668355221925
0.100600349470 0.235020002731 0.668355221925
0.100411256733 0.234859548261 0.668355221925
0.100194591715 0.234658008540 0.668355221925
0.099952757760 0.234419021684 0.667346145200
0.100285373907 0.234923668686 0.668355221925
0.100540226740 0.235323489099 0.668355221925
0.100724498350 0.235628193514 0.667663109399
0.100408390805 0.235242410814 0.668355221925
0.100076009170 0.234836521666 0.668367517242
0.099966730673 0.234488903370 0.668367517242
0.100059885295 0.234194093735 0.667346145200
0.100706053678 0.234659849590 0.668355221925
0.101243327117 0.235023509058 0.668233856457
0.101463331395 0.235137548681 0.668233856457
0.101395917405 0.235025237334 0.668233856457
0.101068068834 0.234707618996 0.668355221925
0.100723919171 0.234362033577 0.667985997606
0.100729922718 0.234665951989 0.668355221925
0.100687270385 0.234882156663 0.668355221925
0.100600416482 0.235018797392 0.668355221925
0.100473391618 0.235083248159 0.668355221925
0.100309842869 0.235082180730 0.668355221925
0.100113070176 0.235021631295 0.668367517242
0.100136407856 0.234987246797 0.668367517242
0.100359301939 0.234976602620 0.668355221925
0.100511258399 0.234906623712 0.668355221925
0.100598884455 0.234782765143 0.668355221925
0.100628156510 0.234609961280 0.668355221925
0.100604480186 0.234392675354 0.667985997606
0.100915480756 0.234839919309 0.668355221925
0.101146076978 0.235182884191 0.668355221925
0.101303799834 0.235431357280 0.666999164743
0.100712809558 0.234858282324 0.668355221925
0.100128155473 0.234279152362 0.667346145200
0.100210007452 0.234537986141 0.668355221925
0.100233239533 0.234710666589 0.668355221925
0.100203304268 0.234805259813 0.668355221925
0.100125131686 0.234829058625 0.668367517242
0.100264537989 0.234871610321 0.668355221925
0.100338998903 0.234847909431 0.668355221925
0.100354584707 0.234764116929 0.668355221925
0.100316783099 0.234625802471 0.668355221925
0.100230554983 0.234438001032 0.668355221925
0.100100384923 0.234205264133 0.667346145200
0.100610141231 0.234796571185 0.668355221925
0.101018267477 0.235267763626 0.668355221925
0.101334386438 0.235630214813 0.666999164743
0.100858092829 0.235136699234 0.668355221925
0.100375391156 0.234627928604 0.668355221925
0.099886721944 0.234105163568 0.667346145200
0.100079276630 0.234438877284 0.668367517242
0.100468881406 0.234761750366 0.668355221925
0.100767871553 0.234990045295 0.668355221925
0.100984827558 0.235132694359 0.668355221925
0.101127503014 0.235197768941 0.668355221925
0.101202904149 0.235192562339 0.668233856457
0.100969907146 0.234949454505 0.668355221925
0.100705733178 0.234665543513 0.668355221925
0.100413224911 0.234344571310 0.667985997606
0.100506902755 0.234735128844 0.668355221925
0.100537284549 0.235023196354 0.668355221925
0.100510325303 0.235218493190 0.668355221925
0.100431405104 0.235329799996 0.668355221925
0.100305384539 0.235365049217 0.668355221925
0.100136654782 0.235331406902 0.668367517242
0.100209909832 0.235323362944 0.668355221925
0.100220792156 0.235250200398 0.668355221925
0.100175176846 0.235118030553 0.668367517242
0.100361585085 0.235021242687 0.668355221925
0.100474127429 0.234867318786 0.668355221925
0.100519797967 0.234661600730 0.668355221925
0.100504914110 0.234408913631 0.667985997606
0.100863211224 0.234885564117 0.668355221925
0.101130315652 0.235248930611 0.668355221925
0.101314909570 0.235509811268 0.666999164743
0.100663232043 0.234873917943 0.668355221925
0.100018488470 0.234232925264 0.667346145200
0.100115850916 0.234507778944 0.668367517242
0.100434658251 0.234778603534 0.668355221925
0.100665869969 0.234956134373 0.668355221925
0.100817831955 0.235049244141 0.668355221925
0.100898080970 0.235065945205 0.668355221925
0.100913422991 0.235013472931 0.668355221925
0.100870003982 0.234898360944 0.668355221925
0.100773373821 0.234726509113 0.668355221925
0.100628544051 0.234503244957 0.668355221925
0.100440040041 0.234233379116 0.667985997606
0.100652793343 0.234709163494 0.668355221925
0.100786813023 0.235070280060 0.668355221925
0.100849597695 0.235327697761 0.668355221925
0.100847917875 0.235491320210 0.667663109399
0.100239280108 0.234843023930 0.668355221925
0.099631514543 0.234189308460 0.667346145200
0.099786114519 0.234473892511 0.668367517242
0.100164653886 0.234754001105 0.668367517242
0.100745701884 0.235030132820 0.668355221925
0.101211414042 0.235210564653 0.668233856457
0.101300928586 0.235117153606 0.668233856457
0.101050806875 0.234776246996 0.668355221925
0.100766039238 0.234399343578 0.667985997606
0.100900395399 0.234788623325 0.668355221925
0.100962382384 0.235070705404 0.668355221925
