0.228341320124 0.495046365165 0.531108076263
0.225222446774 0.497234874341 0.529351726616
0.221723477312 0.500842875429 0.526364999097
0.218428768635 0.504983303471 0.524722545031
0.216632424320 0.509414385204 0.525319623591
0.216835946070 0.513468943172 0.526937491803
0.217714462686 0.515946430639 0.526779274514
0.218332915002 0.517312469342 0.526469241091
0.218608215726 0.518306794034 0.526375079300
0.218629690911 0.518951910579 0.526308915600
0.218530350204 0.519295572292 0.526308915600
0.218322868095 0.519372700007 0.526308915600
0.218017757406 0.519212189800 0.526308915600
0.217623879719 0.518838335892 0.526531482349
0.217082261153 0.517883082043 0.526614482529
0.216350969082 0.516383087160 0.527254051524
0.215612595753 0.514125747944 0.527732749261
0.215586557886 0.511201152434 0.526495981517
0.216827609256 0.508078179745 0.524835785819
0.218862109290 0.505572504004 0.524722545031
0.221148292568 0.504346218126 0.526567610247
0.223620415805 0.504207964613 0.527686581023
0.226263396508 0.504671581370 0.528238268285
0.228923415087 0.505001752133 0.527557657758
0.231674521460 0.504725410019 0.526539093596
0.233686501325 0.504211230625 0.526465402057
0.234880986804 0.503934215657 0.526698598246
0.235346589651 0.504138609657 0.526698598246
0.235170476662 0.504775305096 0.526698598246
0.234428354742 0.505800558967 0.526253493314
0.233480869047 0.506879560714 0.526317596075
0.233035577508 0.507784966148 0.526864211705
0.233578340952 0.508102705150 0.526598430322
0.234749053103 0.508148781652 0.526534703475
0.236242594219 0.508260423334 0.526702459435
0.237777769273 0.508775532828 0.527607799789
0.238922628963 0.510087420393 0.528072403442
0.239465103591 0.512141432405 0.528093665614
0.239301921982 0.514680161209 0.527479917876
0.239053924659 0.517078070922 0.527805536543
0.239236975709 0.518851571344 0.528305848001
0.239951840607 0.520120354152 0.528474149335
0.241302985538 0.521183784943 0.529033783978
0.243439661807 0.522372279086 0.530043659550
0.246345404476 0.523817247887 0.532022100692
0.249848110295 0.525443746427 0.533449989202
0.253634087534 0.527025492625 0.533523214670
0.257541217762 0.528173376590 0.532673432796
0.261237993691 0.528844922861 0.532289827000
0.264483160969 0.529660673047 0.533387747484
0.267384069688 0.531258896235 0.535902238666
0.270080802646 0.533889263700 0.538620747453
0.272171773184 0.537244558308 0.537920180249
0.272569640755 0.540909877937 0.534689656527
0.271433400066 0.544907027041 0.531405894964
0.269859207296 0.548815502730 0.532222038330
0.269352201249 0.551770183026 0.535116269873
0.270365844335 0.554079177520 0.537417791747
0.272904144504 0.556235504157 0.540613330091
0.276627561648 0.558263001941 0.542430429389
0.280864425965 0.559727128597 0.542750971188
0.285305966478 0.560928673128 0.544530903661
0.289996564682 0.562631809560 0.547924751405
0.294893332391 0.564371095727 0.548168919920
0.299912112523 0.565393340854 0.547251424570
0.305069322227 0.566270000428 0.549419159090
0.310277720460 0.567814952812 0.552651830949
0.315449008944 0.569640419243 0.552658246188
0.320608965798 0.570528454757 0.550039116896
0.325636537164 0.570782897586 0.550818089446
0.330030862946 0.571998478540 0.555797115294
0.333484940431 0.574483794486 0.557920743157
0.335971279258 0.577625741541 0.558040486279
0.337851288555 0.580753731652 0.558161346332
0.339880936302 0.583487686099 0.558478210479
0.342155478355 0.585564853846 0.558387394711
0.344571218910 0.586859375313 0.557650521365
0.346980466233 0.587742375524 0.557791353913
0.349456881946 0.588761858672 0.559812288210
0.352295805875 0.590670450316 0.564697813275
0.355808736729 0.593704932231 0.570694722578
0.359568008533 0.597418230285 0.572901300305
0.362390235408 0.601088665732 0.572044186822
0.364114568435 0.605024448801 0.570657079372
0.364785054883 0.609750207669 0.568711309716
0.365723278628 0.614838922357 0.575579653266
0.367943048760 0.619976287063 0.583940015613
0.370594679090 0.625655998686 0.584772014472
0.371591054952 0.632080718608 0.575476951190
0.370824584337 0.638503243652 0.576202253163
0.372205189479 0.639147652378 0.573772888153
0.375236247271 0.637180782570 0.567213274383
0.377131179841 0.635824260236 0.575079572650
0.376880693905 0.636091605090 0.575079572650
0.374951495278 0.637705875824 0.567213274383
0.372525731189 0.639546984665 0.573772888153
0.371986720511 0.638981835600 0.571705518607
0.372544295894 0.636829264946 0.569919197831
0.373128073686 0.633959932437 0.572917383509
0.372322900514 0.631730650700 0.576384930400
0.370342866568 0.630200446392 0.577925739928
0.367588691882 0.629437851600 0.574195902923
0.365144870244 0.629201382165 0.571158222338
0.363408691178 0.629648475448 0.571423552331
0.363890972277 0.630207063646 0.571858739850
0.365718706869 0.630938168913 0.574833334506
0.368752751214 0.631470286251 0.574890966029
0.371343886839 0.631893063637 0.575476951190
0.372789476409 0.632589964936 0.575220891374
0.372908389774 0.633745392178 0.572917383509
0.371973741984 0.635153655626 0.571024454178
0.370578471625 0.636163031039 0.575110668705
0.369964778496 0.635515995285 0.575110668705
0.370050499693 0.633490285797 0.573784150926
0.370124814599 0.631076128935 0.576290976878
0.369483652224 0.629285117853 0.577994600075
0.368179146656 0.628404154602 0.577507959540
0.366342761961 0.628503743919 0.572749924218
0.364722228220 0.629261662787 0.569720546688
0.363998934644 0.630487414057 0.575207616504
0.365139472408 0.631414108942 0.578320366401
0.367823337543 0.631679410667 0.575230166910
0.370524521964 0.631699519761 0.574971507008
0.372484041619 0.631837766415 0.576384930400
0.373310964501 0.632409288136 0.575220891374
0.373056471428 0.633411785332 0.572917383509
0.371932286352 0.634654106494 0.571024454178
0.370440595125 0.635533528164 0.575110668705
0.369652006040 0.634884323194 0.574106723456
0.369211046344 0.633330569959 0.575604670747
0.369248800415 0.631091092683 0.575481507835
0.368929554439 0.629335349479 0.577994600075
0.368003160066 0.628449844061 0.576217761244
0.366705622757 0.628347680317 0.573022360506
0.365286844085 0.629125208094 0.571158222338
0.364340364211 0.630409718143 0.575207616504
0.365099831199 0.631397477146 0.578320366401
0.367315754213 0.631744303113 0.575956662447
0.369969311474 0.631707762277 0.574971507008
0.371931328628 0.631789086373 0.576384930400
0.372849152055 0.632288046595 0.577647320664
0.372747143186 0.633287375983 0.572917383509
0.371834217117 0.634510312009 0.571024454178
0.370572468194 0.635383807768 0.575110668705
0.369943819323 0.634795300903 0.574106723456
0.369624782613 0.633334317216 0.575604670747
0.369736252154 0.631209104310 0.576290976878
0.369271124982 0.629645174945 0.576562621551
0.368369475859 0.628731244253 0.576217761244
0.367132148439 0.628577962532 0.574452535478
0.365799305162 0.629091648579 0.572749924218
0.364627483904 0.630170543106 0.571858739850
0.364611187133 0.631338351642 0.579784682936
0.366450848919 0.631824309217 0.577012932517
0.369107795851 0.631814340105 0.574890966029
0.371398805335 0.631755591873 0.575476951190
0.372836045900 0.631970799367 0.577647320664
0.373262745455 0.632697712874 0.575220891374
0.372807496445 0.633802350845 0.572917383509
0.371636881235 0.635110190768 0.571024454178
0.370174141373 0.636067219097 0.575110668705
0.369327974285 0.635592545781 0.579160057666
0.369429482738 0.633559670468 0.575604670747
0.369888243656 0.630960070267 0.576290976878
0.369780226071 0.628951329998 0.579731961717
0.369044840873 0.627753520443 0.579623568733
0.367804239136 0.627404292476 0.579011311088
0.366151287207 0.627941615187 0.573022360506
0.364451618589 0.629215244405 0.569720546688
0.363462514934 0.630836179854 0.575706232582
0.364260685748 0.632107990139 0.579784682936
0.366633012292 0.632720084826 0.580392004300
0.369967281642 0.632424498898 0.574099159937
0.372781177997 0.631978671724 0.577647320664
0.374527026368 0.632075854716 0.580937774273
0.375338709805 0.632798449484 0.578435430297
0.375243731088 0.634127065917 0.575777285768
0.374317595817 0.635999423827 0.569535446999
0.372896903812 0.637935987446 0.568063587378
0.371655890202 0.639087118111 0.571705518607
0.371065831269 0.638801933716 0.576202253163
0.371287817670 0.636833665124 0.572753141063
0.371809231034 0.633953366616 0.572445404465
0.371761302562 0.631387990217 0.576384930400
0.371033294060 0.629436274210 0.579362055132
0.369743062989 0.628159659506 0.581563954053
0.368022398409 0.627614947009 0.577507959540
0.366028327789 0.627841283951 0.573022360506
0.364041583969 0.628780051644 0.569720546688
0.362740296136 0.630066027615 0.571143422614
0.362946048595 0.631295203388 0.575706232582
0.364611438590 0.632226361077 0.579784682936
0.367590395580 0.632568745966 0.578139673220
0.371028504372 0.632195161584 0.575476951190
0.373611869396 0.632092295941 0.579193921499
0.375205272941 0.632545020948 0.578435430297
0.375879431997 0.633588579153 0.577909523344
0.375715584259 0.635272439038 0.572599009922
0.374846238960 0.637510169827 0.567213274383
0.373757111065 0.639772353542 0.567814657906
