0.238300429041 0.638323632496 0.542722768105
0.236367782229 0.637687494047 0.543934168905
0.232958949995 0.636333882566 0.543875987524
0.228973792549 0.637120747961 0.539529846808
0.224659455172 0.639766587040 0.530989329697
0.220447098033 0.643064572254 0.529044964502
0.217198287036 0.645907058712 0.530156241750
0.215210167803 0.647937049530 0.532315403690
0.215287126787 0.649306717277 0.533071171100
0.216753644923 0.650064561401 0.533398395011
0.219114685279 0.650073227483 0.531271955669
0.221841845321 0.649363399107 0.529576821652
0.224440095017 0.648557407954 0.529718428619
0.226700979218 0.648149499006 0.531515255250
0.228620605340 0.648613640199 0.533456031335
0.230335602143 0.649937955125 0.534741968975
0.232109893913 0.652019957147 0.537539203493
0.233997220722 0.654662187913 0.539556230676
0.235597953664 0.657517747957 0.539040714462
0.236032931140 0.660116123620 0.536459245483
0.235174385358 0.662527171440 0.533423676448
0.233469171942 0.664784855437 0.532152342233
0.231457778137 0.666644411281 0.534206430296
0.230027070689 0.667392601573 0.535848109039
0.229318514131 0.667114081585 0.536558155796
0.229288883148 0.666058554727 0.536028305665
0.229826957275 0.664413673643 0.534653408043
0.230603579966 0.662357292592 0.534252422610
0.230950394361 0.660433215532 0.535018568026
0.230795696225 0.658987077033 0.535438307862
0.230199891512 0.658137573548 0.534962971437
0.229455265412 0.657976767838 0.534104439992
0.228791336412 0.658396123848 0.534104439992
0.228201143612 0.659330969602 0.533555025053
0.227968463083 0.660528445957 0.534220458472
0.228229459743 0.661655164796 0.534666807073
0.229018734829 0.662547959562 0.534758825006
0.230090115982 0.663060967844 0.534347173838
0.231118912178 0.663249851848 0.533981630916
0.231797497930 0.663185326675 0.533688954234
0.231871766991 0.662948920826 0.533688954234
0.231405280756 0.662554689459 0.533981630916
0.230726932358 0.661954592988 0.534252422610
0.229735781809 0.661354209879 0.534438430209
0.228687304760 0.660924308116 0.534303583149
0.227914769065 0.660616934995 0.534220458472
0.227710765671 0.660377675073 0.533851004015
0.227927101191 0.660385187524 0.533851004015
0.228524220893 0.660618314377 0.534220458472
0.229555565944 0.660871397902 0.534303583149
0.230673597315 0.661188574269 0.534610139958
0.231204361756 0.661622635519 0.534252422610
0.231291490106 0.661957609347 0.534252422610
0.230976694180 0.662201997998 0.534252422610
0.230297716162 0.662363550286 0.534349998723
0.229620238085 0.662411684095 0.534349998723
0.228943669960 0.662356018568 0.534490606896
0.228617481657 0.662172227950 0.534490606896
0.228610117172 0.661871150646 0.534490606896
0.228892926671 0.661462653677 0.534303583149
0.229341067266 0.661187032096 0.534303583149
0.229940354873 0.661032743854 0.534438430209
0.230321910340 0.661028073052 0.534438430209
0.230504891514 0.661160073615 0.534438430209
0.230506715249 0.661416971690 0.534438430209
0.230343213607 0.661788060802 0.534349998723
0.230129171503 0.662017253216 0.534349998723
0.229868829328 0.662117005201 0.534349998723
0.229566043241 0.662098638938 0.534490606896
0.229602478490 0.661936254261 0.534349998723
0.229567967469 0.661678815578 0.534490606896
0.229850518310 0.661297879977 0.534438430209
0.229933742276 0.661097864608 0.534438430209
0.229835380233 0.661062684541 0.534438430209
0.229571535978 0.661177735890 0.534303583149
0.229544185618 0.661387436384 0.534303583149
0.229732044959 0.661683544101 0.534349998723
0.229831904123 0.661836371109 0.534349998723
0.229851582852 0.661858697870 0.534349998723
0.229798179082 0.661762122870 0.534349998723
0.229678134954 0.661557170958 0.534349998723
0.229497296881 0.661253391897 0.534303583149
0.229554320917 0.661088482234 0.534303583149
0.229827603732 0.661049967810 0.534438430209
0.229889593178 0.661171291212 0.534438430209
0.229759434645 0.661438118878 0.534438430209
0.229454480760 0.661837455715 0.534490606896
0.229522534114 0.662036080702 0.534490606896
0.229928399999 0.662052233900 0.534349998723
0.230220873242 0.661943278039 0.534349998723
0.230410272972 0.661720443399 0.534349998723
0.230505953046 0.661393908732 0.534438430209
0.230399983021 0.661261536516 0.534438430209
0.230110745219 0.661305615264 0.534438430209
0.229654888129 0.661510100803 0.534349998723
0.229165193886 0.661567640458 0.534490606896
0.229081460222 0.661449265568 0.534303583149
0.229242404781 0.661461378178 0.534303583149
0.229625444163 0.661592123788 0.534349998723
0.229893478417 0.661580387161 0.534349998723
0.230057063925 0.661439152668 0.534438430209
0.230004537482 0.661481826043 0.534349998723
0.229877415291 0.661388570921 0.534438430209
0.229560271001 0.661476212171 0.534303583149
0.229517986198 0.661678689809 0.534490606896
0.229851888036 0.661683867660 0.534349998723
0.230073025690 0.661554292936 0.534349998723
0.230191792665 0.661302278510 0.534438430209
0.230092859466 0.661250348927 0.534438430209
0.229796388616 0.661380006518 0.534438430209
0.229320619167 0.661674514703 0.534490606896
0.229272458689 0.661758157405 0.534490606896
0.229610646485 0.661650496850 0.534349998723
0.229833516305 0.661414893829 0.534438430209
0.229824412259 0.661382270821 0.534438430209
0.229604949043 0.661533782876 0.534349998723
0.229322687954 0.661530730754 0.534490606896
0.229456838601 0.661340964996 0.534303583149
0.229834505377 0.661300146555 0.534438430209
0.229961619121 0.661447184777 0.534438430209
0.229861648650 0.661764637222 0.534349998723
0.229686029241 0.661908727783 0.534349998723
0.229441684198 0.661895594233 0.534490606896
0.229618097786 0.661692290849 0.534349998723
0.229691414048 0.661364181827 0.534438430209
0.229539040458 0.661255998802 0.534303583149
0.229665242735 0.661293009627 0.534438430209
0.229559224358 0.661516036340 0.534490606896
0.229866479693 0.661522450804 0.534349998723
0.230056679119 0.661381151435 0.534438430209
0.230006519255 0.661445183200 0.534438430209
0.229738609430 0.661695317054 0.534349998723
0.229408205171 0.661772603803 0.534490606896
0.229519626222 0.661643898604 0.534490606896
0.230029732651 0.661328516814 0.534438430209
0.230265500287 0.661238682539 0.534438430209
0.230252882733 0.661353168060 0.534438430209
0.230015327125 0.661652791672 0.534349998723
0.229710990373 0.661771716360 0.534349998723
0.229346000434 0.661726910825 0.534490606896
0.229434229983 0.661483257262 0.534490606896
0.229931291328 0.661059435484 0.534438430209
0.230150927572 0.660876294528 0.534438430209
0.230119462488 0.660911081001 0.534438430209
0.229860671982 0.661143239739 0.534438430209
0.229396030303 0.661554201796 0.534490606896
0.229400337073 0.661718162103 0.534490606896
0.229827558060 0.661658518836 0.534349998723
0.230121556492 0.661448115471 0.534438430209
0.230153909717 0.661462049008 0.534438430209
0.229949470726 0.661679097394 0.534349998723
0.229672169900 0.661717076266 0.534349998723
0.229328758482 0.661592874655 0.534490606896
0.229449920707 0.661269249437 0.534303583149
0.229843133815 0.661124727303 0.534438430209
0.229961341277 0.661201904261 0.534438430209
0.229830746720 0.661479772717 0.534349998723
0.229618721526 0.661569763247 0.534349998723
0.229332861713 0.661489651617 0.534490606896
0.229512421283 0.661202041058 0.534303583149
0.229962568496 0.661092694031 0.534438430209
0.230128575057 0.661205300034 0.534438430209
0.230037582774 0.661518787865 0.534349998723
0.229859943922 0.661638097164 0.534349998723
0.229603775160 0.661581646604 0.534349998723
0.229276408152 0.661366069505 0.534303583149
0.229274193592 0.661324382941 0.534303583149
0.229565857848 0.661440108807 0.534303583149
0.230123182625 0.661698366544 0.534349998723
0.230529322413 0.661764911329 0.534349998723
0.230798673526 0.661657951038 0.534252422610
0.230406667315 0.661457847886 0.534438430209
0.229806799436 0.661495357808 0.534349998723
0.229167665862 0.661360790112 0.534303583149
0.228888987737 0.661395749150 0.534303583149
0.228935965226 0.661584148207 0.534490606896
0.229431877679 0.661528183724 0.534490606896
0.230332278157 0.661251202416 0.534438430209
0.230895715615 0.661222822787 0.534610139958
0.230622136004 0.661460085747 0.534610139958
0.229601887384 0.661937522012 0.534349998723
0.228583238910 0.662196538965 0.534666807073
0.228632389780 0.662156464768 0.534490606896
0.229125462683 0.661890651561 0.534490606896
0.230018535726 0.661420664039 0.534438430209
0.230577951166 0.661221799001 0.534610139958
0.230308943612 0.661309553923 0.534438430209
0.229820628573 0.661614828671 0.534349998723
0.229282530241 0.661715678517 0.534490606896
0.229248685912 0.661573774132 0.534490606896
0.229669142136 0.661212374806 0.534438430209
0.229801220482 0.661114606867 0.534438430209
0.229672666974 0.661255159804 0.534438430209
0.229308515214 0.661611194942 0.534490606896
0.229434678524 0.661696835574 0.534490606896
0.230002550008 0.661538072001 0.534349998723
0.230416532622 0.661217054350 0.534438430209
0.230540264146 0.661158832994 0.534438430209
0.230401706516 0.661338149095 0.534438430209
0.230026085791 0.661732212824 0.534349998723
