0.228372903864 0.904945413921 0.544505159721
0.223619488554 0.909363551191 0.543738450689
0.223413590893 0.913988228706 0.546480588125
0.225851924394 0.918522971510 0.552010077975
0.228905989077 0.923093012899 0.550872866829
0.229456571170 0.925195550884 0.548199823459
0.228261993342 0.925910647295 0.548617783559
0.226027263729 0.925556495695 0.549385088235
0.223124264262 0.924607379297 0.550293429767
0.220004981079 0.924383012073 0.548605849071
0.217066066324 0.925536531005 0.546019870891
0.214475455093 0.927669443173 0.543727399811
0.212298264149 0.930438212454 0.542767791686
0.210719025149 0.933737448996 0.541947784998
0.209790491317 0.937526236878 0.542098469498
0.209090869842 0.941663816223 0.540422110701
0.208061331790 0.945848429364 0.538990136785
0.207046362823 0.949778325951 0.539811488448
0.206713773977 0.953535312202 0.542595228917
0.207197372528 0.957468269804 0.544620368460
0.207801519011 0.961729594553 0.544678278478
0.207701856925 0.966248449330 0.541387622510
0.207191396184 0.970932508759 0.541665590276
0.207551164852 0.975648062777 0.546228162023
0.208754717256 0.980320442565 0.548565652587
0.209578225006 0.984677649084 0.544901733241
0.209473499467 0.988683933405 0.542603551622
0.209267763439 0.992472203229 0.544153122058
0.209813162214 0.996122369333 0.547596356955
0.210936706835 0.999645433555 0.548945688404
0.211960310369 1.002992182021 1.000000000000
0.212892805127 1.006041048494 1.000000000000
0.213742233524 1.008818327308 1.000000000000
0.214515922953 1.011347975098 1.000000000000
0.215220552462 1.013651828822 1.000000000000
0.215862212392 1.015749800709 1.000000000000
0.216446457864 1.017660053145 1.000000000000
0.216978356921 1.019399156046 1.000000000000
0.217462533944 1.020982228827 1.000000000000
0.217903208927 1.022423068766 1.000000000000
0.218304233040 1.023734267315 1.000000000000
0.218669120924 1.024927315647 1.000000000000
0.219001080028 1.026012700599 1.000000000000
0.219303037322 1.026999991976 1.000000000000
0.219577663617 1.027897922100 1.000000000000
0.219827395758 1.028714458330 1.000000000000
0.220054456862 1.029456869257 1.000000000000
0.220260874806 1.030131785129 1.000000000000
0.220448499109 1.030745253062 1.000000000000
0.220619016368 1.031302787488 1.000000000000
0.220773964359 1.031809416279 1.000000000000
0.220914744941 1.032269722914 1.000000000000
0.221042635845 1.032687885037 1.000000000000
0.221158801463 1.033067709729 1.000000000000
0.221264302711 1.033412665757 1.000000000000
0.221360106056 1.033725913067 1.000000000000
0.221447091756 1.034010329764 1.000000000000
0.221526061416 1.034268536769 1.000000000000
0.221597744873 1.034502920375 1.000000000000
0.221662806512 1.034715652858 1.000000000000
0.221721851020 1.034908711321 1.000000000000
0.221775428658 1.035083894913 1.000000000000
0.221824040073 1.035242840557 1.000000000000
0.221868140689 1.035387037327 1.000000000000
0.221908144724 1.035517839571 1.000000000000
0.221944428858 1.035636478893 1.000000000000
0.221977335576 1.035744075099 1.000000000000
0.222007176221 1.035841646176 1.000000000000
0.222034233786 1.035930117411 1.000000000000
0.222058765450 1.036010329698 1.000000000000
0.222081004904 1.036083047121 1.000000000000
0.222101164459 1.036148963870 1.000000000000
0.222119436975 1.036208710538 1.000000000000
0.222135997623 1.036262859874 1.000000000000
0.222151005480 1.036311932009 1.000000000000
0.222164604990 1.036356399235 1.000000000000
0.222176927295 1.036396690339 1.000000000000
0.222188091441 1.036433194570 1.000000000000
0.222198205482 1.036466265232 1.000000000000
0.222207367484 1.036496222970 1.000000000000
0.222215666436 1.036523358751 1.000000000000
0.222223183081 1.036547936582 1.000000000000
0.222229990670 1.036570195977 1.000000000000
0.222236155656 1.036590354212 1.000000000000
0.222241738310 1.036608608362 1.000000000000
0.222246793296 1.036625137162 1.000000000000
0.222251370187 1.036640102699 1.000000000000
0.222255513931 1.036653651946 1.000000000000
0.222259265282 1.036665918158 1.000000000000
0.222262661189 1.036677022141 1.000000000000
0.222265735142 1.036687073407 1.000000000000
0.222268517499 1.036696171218 1.000000000000
0.222271035775 1.036704405537 1.000000000000
0.222273314904 1.036711857895 1.000000000000
0.222275377481 1.036718602173 1.000000000000
0.222277243979 1.036724705314 1.000000000000
0.222278932949 1.036730227971 1.000000000000
0.222280461195 1.036735225091 1.000000000000
0.222281843940 1.036739746451 1.000000000000
0.222283094974 1.036743837141 1.000000000000
0.222284226787 1.036747537998 1.000000000000
0.222285250690 1.036750886011 1.000000000000
0.222286176928 1.036753914675 1.000000000000
0.222287014777 1.036756654323 1.000000000000
0.222287772637 1.036759132421 1.000000000000
0.222288458114 1.036761373838 1.000000000000
0.222289078093 1.036763401089 1.000000000000
0.222289638809 1.036765234558 1.000000000000
0.222290145905 1.036766892698 1.000000000000
0.222290604489 1.036768392212 1.000000000000
0.222291019186 1.036769748220 1.000000000000
0.222291394179 1.036770974405 1.000000000000
0.222291733257 1.036772083153 1.000000000000
0.222292039848 1.036773085671 1.000000000000
0.222292317054 1.036773992104 1.000000000000
0.222292567682 1.036774811630 1.000000000000
0.222292794271 1.036775552553 1.000000000000
0.222292999119 1.036776222389 1.000000000000
0.222293184307 1.036776827935 1.000000000000
0.222293351715 1.036777375344 1.000000000000
0.222293503045 1.036777870179 1.000000000000
0.222293639837 1.036778317475 1.000000000000
0.222293763482 1.036778721785 1.000000000000
0.222293875241 1.036779087229 1.000000000000
0.222293976254 1.036779417531 1.000000000000
0.222294067550 1.036779716062 1.000000000000
0.222294150061 1.036779985869 1.000000000000
0.222294224631 1.036780229708 1.000000000000
0.222294292022 1.036780450072 1.000000000000
0.222294352924 1.036780649215 1.000000000000
0.222294407958 1.036780829176 1.000000000000
0.222294457690 1.036780991796 1.000000000000
0.222294502629 1.036781138744 1.000000000000
0.222294543236 1.036781271525 1.000000000000
0.222294579926 1.036781391502 1.000000000000
0.222294613078 1.036781499907 1.000000000000
0.222294643032 1.036781597853 1.000000000000
0.222294670094 1.036781686347 1.000000000000
0.222294694545 1.036781766299 1.000000000000
0.222294716635 1.036781838532 1.000000000000
0.222294736591 1.036781903789 1.000000000000
0.222294754620 1.036781962742 1.000000000000
0.222294770907 1.036782016000 1.000000000000
0.222294785620 1.036782064111 1.000000000000
0.222294798910 1.036782107571 1.000000000000
0.222294810916 1.036782146830 1.000000000000
0.222294821761 1.036782182292 1.000000000000
0.222294831557 1.036782214324 1.000000000000
0.222294840405 1.036782243257 1.000000000000
0.222294848397 1.036782269390 1.000000000000
0.222294855615 1.036782292995 1.000000000000
0.222294862135 1.036782314314 1.000000000000
0.222294868023 1.036782333569 1.000000000000
0.222294873341 1.036782350959 1.000000000000
0.222294878144 1.036782366664 1.000000000000
0.222294882482 1.036782380849 1.000000000000
0.222294886399 1.036782393658 1.000000000000
0.222294889937 1.036782405226 1.000000000000
0.222294893131 1.036782415673 1.000000000000
0.222294896016 1.036782425107 1.000000000000
0.222294898622 1.036782433626 1.000000000000
0.222294900974 1.036782441319 1.000000000000
0.222294903099 1.036782448266 1.000000000000
0.222294905017 1.036782454539 1.000000000000
0.222294906749 1.036782460203 1.000000000000
0.222294908313 1.036782465317 1.000000000000
0.222294909725 1.036782469935 1.000000000000
0.222294911000 1.036782474104 1.000000000000
0.222294912151 1.036782477869 1.000000000000
0.222294913191 1.036782481268 1.000000000000
0.222294914129 1.036782484336 1.000000000000
0.222294914976 1.036782487107 1.000000000000
0.222294915741 1.036782489608 1.000000000000
0.222294916432 1.036782491867 1.000000000000
0.222294917055 1.036782493906 1.000000000000
0.222294917618 1.036782495746 1.000000000000
0.222294918126 1.036782497408 1.000000000000
0.222294918585 1.036782498908 1.000000000000
0.222294918999 1.036782500262 1.000000000000
0.222294919373 1.036782501485 1.000000000000
0.222294919711 1.036782502588 1.000000000000
0.222294920015 1.036782503585 1.000000000000
0.222294920290 1.036782504484 1.000000000000
0.222294920539 1.036782505296 1.000000000000
0.222294920763 1.036782506028 1.000000000000
0.222294920965 1.036782506690 1.000000000000
0.222294921147 1.036782507287 1.000000000000
0.222294921312 1.036782507826 1.000000000000
0.222294921461 1.036782508312 1.000000000000
0.222294921595 1.036782508751 1.000000000000
0.222294921716 1.036782509147 1.000000000000
0.222294921826 1.036782509505 1.000000000000
0.222294921924 1.036782509828 1.000000000000
0.222294922014 1.036782510119 1.000000000000
0.222294922094 1.036782510382 1.000000000000
0.222294922167 1.036782510619 1.000000000000
0.222294922232 1.036782510833 1.000000000000
0.222294922291 1.036782511027 1.000000000000
0.222294922344 1.036782511201 1.000000000000
0.222294922393 1.036782511359 1.000000000000
