0.371662783805 0.504995000583 0.596730354591
0.371969259271 0.509737790904 0.590158136031
0.370325341061 0.514591506533 0.587323161145
0.369769256040 0.519330662662 0.590400934944
0.370318224147 0.524132819304 0.592043429249
0.370539489002 0.528961604812 0.589667816373
0.370185435043 0.533833294433 0.589259191497
0.370257105576 0.538735396235 0.591445683635
0.370571559049 0.543252307869 0.589179605928
0.369675288648 0.547284031241 0.582629733249
0.367608399032 0.550978426476 0.576673391141
0.365057276282 0.553978373285 0.575010772137
0.362378648191 0.556519787921 0.572232243220
0.359398884334 0.559234799865 0.567825810617
0.356052254548 0.562131835789 0.563402365912
0.352570785058 0.564837380855 0.561804522237
0.349207840440 0.567374310430 0.559383760371
0.346055177398 0.570100370713 0.557829240438
0.343264513369 0.572782916986 0.558095277242
0.340751031678 0.574998176035 0.558383798967
0.338309165635 0.576809168092 0.558616460716
0.335826555691 0.578417410175 0.557786101963
0.333453641489 0.580059629866 0.556693853306
0.331508993297 0.581974089367 0.556333371975
0.330157440075 0.584246170481 0.556779536082
0.329367919913 0.586908616357 0.557495405869
0.328959389370 0.589971275546 0.558463541827
0.328723900860 0.593340112181 0.558171190891
0.328614469926 0.596782528399 0.558903311526
0.328702070620 0.600103974512 0.559989659856
0.329107905125 0.603350637900 0.562827974510
0.329947966492 0.606765646897 0.565525621023
0.331090021376 0.610443803606 0.567432068767
0.332071792369 0.614352131694 0.566798758678
0.332582740783 0.618311192291 0.565157993592
0.332908497914 0.622127052330 0.565691812527
0.333460784326 0.625655145419 0.567490446523
0.334272895697 0.628839033364 0.568155718550
0.335030544770 0.631670862139 0.567392059066
0.335388242987 0.634131002224 0.566329981937
0.335256760433 0.636248764602 0.564577777381
0.334762005057 0.638040261441 0.564141908962
0.334030194838 0.639521155486 0.563870842019
0.333348161814 0.640814016052 0.563924500384
0.332849808260 0.642074630236 0.564553538876
0.332755659804 0.643341434259 0.565059688158
0.333103237073 0.644640565352 0.565638235477
0.333886776252 0.646002260198 0.566945488184
0.335051283947 0.647194116370 0.567260280204
0.336508431056 0.647919172385 0.567117976009
0.338153018562 0.647916981680 0.564977388278
0.339946620846 0.646890160316 0.562088051991
0.341803077252 0.645097204160 0.560430701540
0.343478698662 0.643414827564 0.562449567655
0.344677109560 0.643316425191 0.564720066828
0.345315324213 0.645052662802 0.563589365246
0.345415483668 0.647948154782 0.563908669485
0.344842348053 0.651775855144 0.560391184273
0.344159714606 0.655612973804 0.560260797590
0.343723964284 0.659006951479 0.561937657196
0.343829570302 0.661997082991 0.564031788160
0.344549508576 0.664688830977 0.566352463476
0.345787165444 0.667149440957 0.567616789889
0.347342244018 0.669332923224 0.568124374644
0.348847798806 0.671082306859 0.567759149236
0.350203579480 0.672402884508 0.566795916809
0.351360546193 0.673393515593 0.566462456961
0.352397352721 0.674163099517 0.566374323847
0.353441881222 0.674820642596 0.566399237633
0.354446959795 0.675490704349 0.566722990454
0.355570392824 0.676228603270 0.567301361681
0.356973184791 0.677048662472 0.568086212643
0.358796856802 0.677927209886 0.568620046815
0.360762996178 0.678928725160 0.569609588811
0.362906025119 0.680016709156 0.571772198003
0.365513627752 0.681277051569 0.573832435903
0.368623272272 0.682912836147 0.578726895191
0.372114048553 0.685111187451 0.583738782233
0.375009019053 0.687619775219 0.583393347817
0.376389176262 0.689992725385 0.579352126638
0.376807806794 0.691787132613 0.577398974376
0.376925178099 0.693022832911 0.577305935062
0.377136213397 0.693708967978 0.577637175711
0.377762320564 0.693901062939 0.577109240753
0.378774934542 0.693827575616 0.576907790843
0.380106618553 0.693754590144 0.577110602373
0.381655994969 0.693966798803 0.578879428159
0.383150948150 0.695025839014 0.580593696758
0.384845152026 0.696937847802 0.584820988588
0.386917588243 0.699549755460 0.589035257394
0.389375538323 0.702249818991 0.590815380504
0.391761042046 0.704815631593 0.592190178562
0.394392100881 0.707298435521 0.596845634632
0.397493033857 0.710367125961 0.604427572803
0.400623938618 0.714315540169 0.609651580387
0.402805769074 0.718940693352 0.612015037091
0.404289366912 0.724404893150 0.613565838736
0.405544380396 0.730811790311 0.616453182049
0.406626077861 0.737833345775 0.620859119644
0.407559513453 0.745001907012 0.620230155923
0.408170698292 0.751854280548 0.619466056623
0.408658927498 0.759194005484 0.626451568453
0.409036851174 0.767470040572 0.617483233034
0.407906326669 0.775780826749 0.613899858329
0.407422838807 0.782079838009 0.617296153820
0.406702300956 0.788087568716 0.610503017455
0.404940313024 0.794624866375 0.600155506946
0.403382977702 0.801076122607 0.601261867585
0.401950605676 0.807023998128 0.597421417761
0.400114949177 0.812824850020 0.595284587072
0.399173688312 0.818309751994 0.602599679303
0.399372926677 0.823464309801 0.606449134525
0.399710208025 0.828431677705 0.605432563041
0.399667622183 0.833260932512 0.603536269644
0.399397793292 0.837889076907 0.602060477729
0.398819576239 0.842320089961 0.598691731038
0.397579579583 0.846667438513 0.592802820724
0.395748777477 0.850916624229 0.589951410241
0.394067845499 0.854754352182 0.591286951734
0.392904452784 0.858058695329 0.592912360136
0.391797201385 0.861036346888 0.591557273886
0.390199213468 0.863827372340 0.588284783456
0.387801632252 0.866418653895 0.586075649393
0.384933447542 0.868676154895 0.585733016273
0.381886978703 0.870566572066 0.584694389846
0.378516488697 0.872411069139 0.580119580173
0.374577031903 0.874584377307 0.571430881828
0.370429383412 0.876963820073 0.568773419391
0.366805461596 0.879095893567 0.569155056853
0.363715879991 0.881136984581 0.566083601127
0.360770698565 0.883449051486 0.562162265881
0.358193815489 0.885950041428 0.561303498798
0.356245242486 0.888354891177 0.563259454366
0.355122831985 0.890408868305 0.565238067356
0.354751735101 0.892092388853 0.567140724948
0.354960664266 0.893467687047 0.567778909468
0.355621401909 0.894572183239 0.567955153503
0.356632554806 0.895399175121 0.568022832996
0.357918145261 0.895971686439 0.568085423688
0.359441099627 0.896341386213 0.567560765523
0.361226476634 0.896621112263 0.567686285675
0.363214413639 0.896988904899 0.569058931622
0.365352414297 0.897581182144 0.570617167811
0.367442126272 0.898497070365 0.572548231158
0.369371067930 0.899683050771 0.574030071402
0.371040197847 0.901018771025 0.574795795657
0.372514589256 0.902356462529 0.575052848793
0.373861700434 0.903667253794 0.575627045261
0.375160262523 0.904982656559 0.576363485419
0.376541867699 0.906354768140 0.577742655120
0.378030821269 0.907876593804 0.578965521212
0.379546645632 0.909560472535 0.580673617786
0.380909002697 0.911407835185 0.581389722507
0.382064752056 0.913407821176 0.581990091392
0.383060051372 0.915562156488 0.583272538542
0.384278348676 0.917933885382 0.586790846420
0.386057876870 0.920615254396 0.591035646907
0.388546049517 0.923532149360 0.595852245950
0.391102771473 0.926324419217 0.595778463993
0.393115155955 0.928782831879 0.594966439095
0.394685318890 0.931054293537 0.595042145883
0.396276496032 0.933268163427 0.596669904709
0.398099603044 0.935460152475 0.598070242232
0.400018213673 0.937461492107 0.597969806467
0.401731689866 0.939081486175 0.597287172351
0.403227149961 0.940236287632 0.596157975530
0.404417427390 0.941185309124 0.595981551991
0.405422105031 0.942112053910 0.596350768822
0.406392418867 0.943216492042 0.597341016052
0.407479256420 0.944680643843 0.599422516478
0.408959884818 0.946616557535 0.604035630118
0.410919017667 0.949139320919 0.609039891599
0.413302031026 0.952138937029 0.614009089063
0.415968579562 0.955375318196 0.618367398592
0.418587130382 0.958540590223 0.619887880992
0.421108373991 0.961469580484 0.621056052976
0.423650821411 0.964277046599 0.624707585699
0.426499627503 0.967377266821 0.634492539273
0.430129257165 0.971674149558 0.667203423291
0.435476637451 0.978223980557 0.716167883941
0.436636157658 0.986119881744 0.660500225242
0.433756005612 0.993738488809 0.647395756505
0.432133124528 1.001214184772 1.000000000000
0.430668173569 1.007962394543 1.000000000000
0.429345803285 1.014053822669 1.000000000000
0.428152153972 1.019552311527 1.000000000000
0.427074711310 1.024515506284 1.000000000000
0.426102175965 1.028995455546 1.000000000000
0.425224345807 1.033039153882 1.000000000000
0.424432009527 1.036689031848 1.000000000000
0.423716850553 1.039983398575 1.000000000000
0.423071360266 1.042956841519 1.000000000000
0.422488759622 1.045640587487 1.000000000000
0.421962928363 1.048062828708 1.000000000000
0.421488341086 1.050249017311 1.000000000000
0.421060009509 1.052222131276 1.000000000000
0.420673430328 1.054002914607 1.000000000000
0.420324538132 1.055610094230 1.000000000000
0.420009662878 1.057060575863 1.000000000000
0.419725491493 1.058369620894 1.000000000000
