0.371665647429 0.628334659578 0.584714724720
0.373608637117 0.626415292866 0.587984248263
0.374968331987 0.624886066288 0.587467421077
0.376322182576 0.623131484703 0.585074143084
0.377878850501 0.620903905831 0.581505927202
0.379346447291 0.618449340988 0.581839383948
0.380240709107 0.616239610685 0.583867153914
0.380535385630 0.614498325131 0.586104480534
0.380480692267 0.613244218505 0.586642465253
0.380258713362 0.612388169987 0.586458628780
0.380020579354 0.611843578237 0.586373395573
0.379922846103 0.611548466011 0.586373395573
0.379951025861 0.611475935392 0.586373395573
0.380092938317 0.611603383500 0.586373395573
0.380338204015 0.611911561616 0.586458628780
0.380520736384 0.612409077773 0.586856617377
0.380666808160 0.613087957635 0.586642465253
0.380621960265 0.613957719763 0.586104480534
0.380263396265 0.615021374529 0.584838632928
0.379523262530 0.616214651456 0.583867153914
0.378391556702 0.617493830041 0.582672684990
0.377048100545 0.618625336085 0.582387800835
0.375688431602 0.619422311571 0.582884435842
0.374535313389 0.619727757210 0.584095079904
0.373770512828 0.619483726690 0.584197483163
0.373401266507 0.618941675045 0.584660976828
0.373490012988 0.618235829059 0.583812794200
0.373954892067 0.617504251715 0.583108806026
0.374570219618 0.616826826851 0.583043046651
0.375181533231 0.616145241295 0.583011142885
0.375721435512 0.615638013351 0.583503519249
0.376031188481 0.615405735057 0.583503519249
0.376129817482 0.615425235106 0.583503519249
0.376034645255 0.615675441397 0.583503519249
0.375761452983 0.616137180099 0.583164006714
0.375353875765 0.616640095773 0.583011142885
0.374964643215 0.617217682884 0.583043046651
0.374665669290 0.617673419703 0.583043046651
0.374449515838 0.618017412552 0.583583022297
0.374550694739 0.618126650596 0.583227331697
0.374789161550 0.617954912368 0.583227331697
0.375153860839 0.617526399486 0.583043046651
0.375543689930 0.617063405618 0.582912867335
0.375792377082 0.616540977293 0.583164006714
0.375843975837 0.616156207537 0.583164006714
0.375714985733 0.615897548680 0.583164006714
0.375420451938 0.615754463385 0.583098176892
0.375075531432 0.615948172279 0.583011142885
0.374741644800 0.616258339112 0.583011142885
0.374417631442 0.616675458080 0.582784876104
0.374274363476 0.617256534643 0.583108806026
0.374386883151 0.617770924942 0.583583022297
0.374822935925 0.618009503540 0.583227331697
0.375383145112 0.617922457478 0.583227331697
0.376057276432 0.617538971814 0.582912867335
0.376552049705 0.617078931991 0.582770529633
0.376711465240 0.616560749346 0.583281063901
0.376507999385 0.616179288600 0.583281063901
0.375975016081 0.615922698547 0.583164006714
0.375296471084 0.615791744903 0.583011142885
0.374658498064 0.615820508501 0.583011142885
0.374057229294 0.615995216377 0.582784876104
0.373676002773 0.616375534314 0.582784876104
0.373495455792 0.616943486291 0.583066520046
0.373783036052 0.617547564265 0.583108806026
0.374308299435 0.618080432324 0.583583022297
0.375147623108 0.618310499223 0.583227331697
0.376087333570 0.618183399907 0.582806174633
0.376926301781 0.617705296245 0.582387800835
0.377484509052 0.616940742509 0.582672684990
0.377513384137 0.616199511618 0.583406454928
0.377025409058 0.615652299076 0.583843804720
0.376201654334 0.615431807610 0.583503519249
0.375207940219 0.615550662215 0.583098176892
0.374216651795 0.616045839326 0.582784876104
0.373492892368 0.616732060241 0.583066520046
0.373314958977 0.617448457188 0.583066520046
0.373628890531 0.618192747605 0.583583022297
0.374294012884 0.618597810545 0.583583022297
0.375277065680 0.618694867410 0.583579707048
0.376471771807 0.618186136627 0.582387800835
0.377343531983 0.617375963971 0.582770529633
0.377806351026 0.616526110622 0.583406454928
0.377687836131 0.615887776759 0.583406454928
0.377047092682 0.615441706765 0.583843804720
0.376071028287 0.615328955803 0.583503519249
0.374930882955 0.615563398770 0.583098176892
0.373804555435 0.616184509304 0.582784876104
0.372965658620 0.616997333960 0.583066520046
0.372701151373 0.617832889245 0.583812794200
0.373041300468 0.618449775384 0.583812794200
0.373923469249 0.618868044192 0.584197483163
0.375202474303 0.618727856322 0.583579707048
0.376671487553 0.617977653369 0.582387800835
0.377785418469 0.616933327272 0.582672684990
0.378284694320 0.615935209737 0.583406454928
0.378188132037 0.615169375998 0.584153193140
0.377580204537 0.614768360710 0.584821427591
0.376598907645 0.614805412934 0.583843804720
0.375307503750 0.615142249107 0.583098176892
0.374043557424 0.615872310864 0.582784876104
0.373083710605 0.616793327184 0.583066520046
0.372718043919 0.617730179958 0.583812794200
0.372976246516 0.618432747343 0.583812794200
0.373793733398 0.618922778865 0.584197483163
0.375021786881 0.618827454541 0.583579707048
0.376448947671 0.618094042831 0.582806174633
0.377725468563 0.617015171036 0.582672684990
0.378363318122 0.615984494173 0.583406454928
0.378383116230 0.615194586875 0.584153193140
0.377872086213 0.614782280560 0.584821427591
0.376971869919 0.614822969017 0.583843804720
0.375747952717 0.615173314497 0.583503519249
0.374375923130 0.615852150125 0.582784876104
0.373321202523 0.616735496695 0.583066520046
0.372876251368 0.617641333040 0.583066520046
0.372979996258 0.618567933744 0.583812794200
0.373666904385 0.619255358838 0.584197483163
0.374784134267 0.619320030706 0.583579707048
0.376115194016 0.618709225731 0.582884435842
0.377451223729 0.617460089580 0.582672684990
0.378136102060 0.616274571369 0.583406454928
0.378191233887 0.615348770956 0.584153193140
0.377705395008 0.614821597612 0.584153193140
0.376733334060 0.614654970362 0.584378161748
0.375490404602 0.614980982713 0.583503519249
0.374098702758 0.615646199187 0.582602389669
0.372930053707 0.616795769026 0.583066520046
0.372388122222 0.617943800648 0.583868527603
0.372662663704 0.619025487259 0.584660976828
0.373563296565 0.619630253406 0.584197483163
0.374874998515 0.619611785019 0.583579707048
0.376382545076 0.618915730486 0.582884435842
0.377878039706 0.617578799561 0.582672684990
0.378704489581 0.616313512315 0.583586860529
0.378766355903 0.615398187829 0.584471185568
0.378201179126 0.614915059749 0.584153193140
0.377157744378 0.614792624715 0.583843804720
0.375800754494 0.615008283134 0.583503519249
0.374306696420 0.615579749338 0.582602389669
0.373045900154 0.616653566212 0.582457470582
0.372308264179 0.618015519619 0.583868527603
0.372407775420 0.619290652439 0.584906497389
0.373267568557 0.620318799412 0.585558331531
0.374703497632 0.620713811628 0.584746154344
0.376514849424 0.619997726331 0.582238412249
0.378275188227 0.618452974790 0.582042978012
0.379454570813 0.616770729048 0.582830425279
0.379748693138 0.615501925891 0.584838632928
0.379347524017 0.614770753717 0.585230859339
0.378495544236 0.614524624513 0.585230859339
0.377237729540 0.614715993235 0.584378161748
0.375740197155 0.615369788858 0.583503519249
0.374121457949 0.616334503156 0.582784876104
0.372845576615 0.617484350115 0.583066520046
0.372202516926 0.618633478894 0.583868527603
0.372379967800 0.619716057068 0.585925965179
0.373261595560 0.620473475829 0.585558331531
0.374712904485 0.620625055685 0.584746154344
0.376534735445 0.619691948805 0.582238412249
0.378303222626 0.617951541471 0.582042978012
0.379492684724 0.616092687853 0.583867153914
0.379810200648 0.614766220446 0.585645577092
0.379586506043 0.614009236611 0.585645577092
0.378875856483 0.613765516657 0.585780785221
0.377925751393 0.613985901971 0.584821427591
0.376629293382 0.614612462633 0.584378161748
0.375097604255 0.615658048405 0.583098176892
0.373617579748 0.617055666736 0.583108806026
0.372577894291 0.618299030586 0.583812794200
0.372237602584 0.619267837175 0.584906497389
0.372698601881 0.620019342913 0.585558331531
0.373773084982 0.620167589609 0.584922408804
0.375300289403 0.619536417997 0.583579707048
0.376997841436 0.618285336655 0.582387800835
0.378311292070 0.616755895093 0.582672684990
0.378980624747 0.615317185227 0.584471185568
0.378966667456 0.614365498239 0.585230859339
0.378463540386 0.613925127698 0.585230859339
0.377520062872 0.613945752091 0.584821427591
0.376229045978 0.614396995519 0.583865920797
0.374805866170 0.615375594695 0.583098176892
0.373423912235 0.616717160962 0.582457470582
0.372573456063 0.618321950971 0.583812794200
0.372403703428 0.619615577976 0.584906497389
0.373018377637 0.620659189028 0.586437699673
0.374191870817 0.620995888530 0.585709092490
0.375831988177 0.620410802805 0.583167496433
0.377595035975 0.618924288340 0.581599426136
0.378944210955 0.617053620772 0.582675625435
0.379500740760 0.615437909502 0.584838632928
0.379336482907 0.614397313402 0.585230859339
0.378698578255 0.613875297526 0.585230859339
0.377634296652 0.613820778361 0.584821427591
0.376234995106 0.614202653011 0.583865920797
0.374714638026 0.615116725555 0.583098176892
0.373245365043 0.616398421264 0.582457470582
0.372315742867 0.617947663340 0.583868527603
0.372234579398 0.619390615988 0.584906497389
0.372925985486 0.620569258169 0.585558331531
