0.095011011080 0.361668398636 0.573521444547
0.094650474810 0.357138684746 0.570483950080
0.097217456968 0.352443089679 0.563114561547
0.097927485583 0.347628508470 0.564848946034
0.096684159731 0.342730121759 0.568498441453
0.097062199268 0.337777124739 0.560379265702
0.099178203596 0.332765735661 0.545013189724
0.101268495783 0.327701013658 0.539218246576
0.101300123496 0.322615661246 0.548720017569
0.100313499388 0.317657010526 0.551969369344
0.099611218959 0.313486915854 0.548996380324
0.098942211483 0.310343332289 0.549326566053
0.097449216786 0.307870009003 0.555670109632
0.094895337281 0.305608907121 0.568744988501
0.091575673634 0.302838174397 0.596231127475
0.087723036800 0.299462260015 0.633500679691
0.083490116109 0.295783961914 0.652232462306
0.078986950862 0.292612145332 0.655711315327
0.074387006203 0.290498049854 0.634367601120
0.069977151732 0.289791170121 0.606185487111
0.066086076081 0.289874382683 0.600371095190
0.063035991432 0.289668605390 0.612485016626
0.060828609731 0.288520710471 0.625680019630
0.058976116233 0.286428795846 0.642622349438
0.057032634837 0.283627589233 0.659263063666
0.054943452913 0.280542661694 0.665603593212
0.053037360984 0.277754745659 0.659530878088
0.051633275198 0.275745377891 0.652594497914
0.050803266090 0.274553374332 0.646293696153
0.050504662747 0.274116950968 0.639949994250
0.050660126863 0.274329680422 0.646293696153
0.051248762080 0.275129587665 0.646293696153
0.052227517260 0.276447324035 0.654080222729
0.053503843536 0.278194569424 0.662756856074
0.054915317593 0.280121718856 0.665574173138
0.056224542248 0.281973048654 0.664436680577
0.057210355663 0.283422062687 0.659263063666
0.057750638287 0.284141834098 0.652451252360
0.057775072790 0.284002294872 0.654244999685
0.057235628204 0.283199954193 0.659263063666
0.056395879868 0.281924685654 0.664436680577
0.055426613459 0.280542820722 0.665603593212
0.054541924709 0.279306915161 0.665574173138
0.053762224692 0.278280063759 0.663557588640
0.053267494634 0.277656791705 0.659530878088
0.053168978935 0.277566728406 0.659530878088
0.053430562748 0.277957082164 0.659530878088
0.054019492138 0.278780352788 0.663557588640
0.054771606403 0.279834807964 0.665574173138
0.055481203819 0.280891943110 0.665136068249
0.055916628003 0.281708515497 0.664436680577
0.056088041243 0.282210562477 0.663748050224
0.056038161276 0.282327739944 0.663748050224
0.055786013014 0.282095153065 0.664436680577
0.055328947788 0.281642124955 0.665584388285
0.054909139759 0.281166343081 0.665584388285
0.054523171651 0.280669396001 0.665603593212
0.054169535757 0.280241560685 0.664786253299
0.054037632314 0.280057330256 0.664207426424
0.054119259146 0.280165332239 0.664786253299
0.054384648411 0.280469399905 0.664786253299
0.054817914992 0.280952521588 0.665603593212
0.055207675464 0.281415002088 0.665584388285
0.055556218221 0.281766076842 0.664436680577
0.055624987311 0.281822872369 0.664436680577
0.055439005489 0.281611820969 0.665584388285
0.055265178210 0.281350701845 0.665584388285
0.055102351126 0.281043686018 0.665603593212
0.054951211291 0.280790470477 0.665603593212
0.054810656289 0.280586245603 0.665603593212
0.054679684504 0.280426640249 0.665603593212
0.054557386048 0.280307682290 0.665603593212
0.054442934489 0.280225762656 0.664786253299
0.054549234610 0.280377436602 0.665603593212
0.054641923529 0.280541116939 0.665603593212
0.054722245213 0.280715844733 0.665603593212
0.054791329176 0.280900748595 0.665603593212
0.054850200888 0.281095036735 0.665603593212
0.054899791249 0.281297989723 0.665584388285
0.054939073844 0.281405556190 0.665584388285
0.054968979714 0.281426238077 0.665584388285
0.054990353793 0.281367750634 0.665584388285
0.055003962788 0.281237094577 0.665584388285
0.055010502362 0.281040621726 0.665603593212
0.055012534824 0.280890669779 0.665603593212
0.055010461995 0.280783023692 0.665603593212
0.055004648365 0.280713860408 0.665603593212
0.054995424531 0.280679712696 0.665603593212
0.054983090326 0.280677436298 0.665603593212
0.054967917667 0.280704180059 0.665603593212
0.054950153132 0.280757358803 0.665603593212
0.054930020314 0.280834628682 0.665603593212
0.054907721945 0.280933864789 0.665603593212
0.054883441840 0.281053140827 0.665603593212
0.054857346651 0.281190710644 0.665584388285
0.054827529705 0.281231408195 0.665584388285
0.054794312478 0.281184009591 0.665584388285
0.054757986331 0.281056466212 0.665603593212
0.054720906519 0.280971326652 0.665603593212
0.054683124224 0.280924716902 0.665603593212
0.054644685882 0.280913127552 0.665603593212
0.054605633624 0.280933379664 0.665603593212
0.054566005678 0.280982593812 0.665603593212
0.054525836734 0.281058162002 0.665603593212
0.054485158276 0.281157722203 0.665584388285
0.054441831268 0.281159560983 0.665365886073
0.054671318022 0.281331962871 0.665584388285
0.054872281908 0.281398855259 0.665584388285
0.055047409299 0.281369914793 0.665584388285
0.055199132043 0.281253901096 0.665584388285
0.055329651461 0.281058743321 0.665603593212
0.055443188424 0.280914513815 0.665603593212
0.055541343464 0.280816492805 0.665136068249
0.055321503137 0.280517833513 0.665603593212
0.055118188356 0.280280469493 0.665603593212
0.054929801468 0.280098683022 0.665574173138
0.054798931030 0.280083099516 0.665574173138
0.054720240921 0.280218332397 0.665603593212
0.054644476918 0.280373822668 0.665603593212
0.054571340063 0.280547768146 0.665603593212
0.054500559951 0.280738538036 0.665603593212
0.054431892021 0.280944656663 0.664786253299
0.054642493226 0.281423483170 0.665584388285
0.054825784822 0.281760828904 0.665584388285
0.054984356300 0.281969909837 0.665584388285
0.055120549864 0.282062678865 0.665584388285
0.055236483960 0.282049946155 0.665584388285
0.055334074580 0.281941488082 0.665584388285
0.055415054540 0.281746145820 0.665584388285
0.055480990938 0.281471914576 0.664436680577
0.055188114716 0.280853409214 0.665603593212
0.054918583997 0.280329452563 0.665603593212
0.054670136900 0.279891087841 0.665574173138
0.054487896319 0.279654049684 0.665574173138
0.054365649951 0.279599432336 0.664207426424
0.054558696066 0.279961876699 0.665574173138
0.054775803311 0.280449470549 0.665603593212
0.054966980152 0.280925656602 0.665603593212
0.055134704920 0.281391661861 0.665584388285
0.055278725796 0.281711585845 0.665584388285
0.055401299203 0.281899174172 0.665584388285
0.055504464832 0.281966850918 0.664436680577
0.055229552591 0.281641380798 0.665584388285
0.054973595336 0.281245119093 0.665584388285
0.054734738679 0.280784560283 0.665603593212
0.054513850246 0.280405163357 0.665603593212
0.054309178830 0.280099222689 0.664207426424
0.054440854991 0.280251707670 0.664786253299
0.054859114557 0.280708951115 0.665603593212
0.055231720830 0.281158957362 0.665584388285
0.055560481919 0.281460893610 0.664436680577
0.055478448911 0.281336384199 0.664436680577
0.055025572246 0.280827050468 0.665603593212
0.054611313821 0.280404412377 0.665603593212
0.054231923584 0.280060211353 0.664207426424
0.054212948793 0.280186729652 0.664786253299
0.054501777381 0.280626798058 0.665603593212
0.054757320796 0.281061942705 0.665603593212
0.054982782028 0.281492761103 0.665584388285
0.055178407917 0.281774926800 0.665584388285
0.055347060539 0.281922522355 0.665584388285
0.055491325552 0.281948268912 0.664436680577
0.055231085873 0.281563331947 0.665584388285
0.054988024914 0.281107817343 0.665603593212
0.054763139237 0.280735024000 0.665603593212
0.054554651241 0.280437055878 0.665603593212
0.054360955264 0.280206780401 0.664786253299
0.054502596470 0.280335829776 0.665603593212
0.054625011791 0.280491306144 0.665603593212
0.054730048509 0.280670764994 0.665603593212
0.054819375147 0.280871998199 0.665603593212
0.054894498739 0.281093011188 0.665603593212
0.054956780430 0.281332002298 0.665584388285
0.055004688756 0.281436432000 0.665584388285
0.055039593736 0.281419062499 0.665584388285
0.055062732705 0.281291418584 0.665584388285
0.055075223146 0.281063907463 0.665603593212
0.055080869473 0.280898567864 0.665603593212
0.055080319847 0.280789477924 0.665603593212
0.055074159624 0.280731289796 0.665603593212
0.055062917423 0.280719174079 0.665603593212
0.055047070626 0.280748769622 0.665603593212
0.055027050336 0.280816138175 0.665603593212
0.055003245860 0.280917723433 0.665603593212
0.054976008756 0.281050314027 0.665603593212
0.054945656490 0.281211010105 0.665584388285
0.054909604227 0.281240359099 0.665584388285
0.054868382042 0.281150845752 0.665584388285
0.054822468580 0.280953741455 0.665603593212
0.054775192695 0.280817311797 0.665603593212
0.054726670846 0.280735767103 0.665603593212
0.054677008207 0.280703880052 0.665603593212
0.054626299758 0.280716931113 0.665603593212
0.054574631278 0.280770659276 0.665603593212
0.054522080237 0.280861217541 0.665603593212
0.054468716598 0.280985132740 0.664786253299
0.054765211017 0.281462984044 0.665584388285
0.055023881482 0.281775064522 0.665584388285
0.055248387688 0.281937242416 0.665584388285
0.055442033402 0.281963840953 0.665584388285
