0.495003022574 0.371664284519 0.626761277707
0.490000367784 0.375522090361 0.630137251368
0.485050243320 0.374897553887 0.644595101031
0.480065907869 0.373021773898 0.649602471919
0.475276868289 0.372306307721 0.640936444199
0.470441549297 0.373016492030 0.629438758328
0.465524111648 0.374350887565 0.622843444631
0.460543583906 0.375646949161 0.622608664270
0.455878916229 0.376130185601 0.630534463181
0.451655609117 0.375745460217 0.636114807450
0.447456556486 0.374978024394 0.639850403100
0.442979417811 0.374462087839 0.640225106590
0.438290023854 0.374659445711 0.626889272207
0.433412492054 0.375465505389 0.622513071829
0.428627830169 0.376333464577 0.623408690938
0.425144855086 0.377003637041 0.628577957602
0.423725378751 0.377463287485 0.635967425647
0.424038231065 0.377701814804 0.635967425647
0.425507218838 0.377738931587 0.634696767909
0.427735728507 0.377372074285 0.627439774488
0.430351223016 0.376683713438 0.624049197932
0.433002598704 0.375481756480 0.622513071829
0.435153585463 0.374531384783 0.623540994795
0.436648298400 0.373995411277 0.627730019562
0.437503573837 0.374154110720 0.629298067365
0.437727650133 0.374998456785 0.625521862657
0.437343376483 0.376277330770 0.621529558754
0.436411277063 0.377748025644 0.614774990185
0.435193407302 0.378658301453 0.614656590841
0.433957823002 0.378528050173 0.617135617142
0.432831422168 0.377389984416 0.621267428794
0.431823127288 0.375853655963 0.622022821079
0.430947565157 0.374241387887 0.622705996146
0.430010965558 0.373063561131 0.622708696293
0.428992348640 0.372446045188 0.622679224196
0.427824187694 0.372446264030 0.619453928348
0.426556065431 0.373137483834 0.617085889850
0.425434236473 0.374400185026 0.616620406324
0.424750178736 0.376047431163 0.623081541189
0.424980976636 0.377673418667 0.635459246751
0.426243667863 0.378909933539 0.639834229756
0.428295869747 0.379308658501 0.635314079263
0.430859670451 0.378690291319 0.629469023022
0.433675019032 0.377065170867 0.619983065387
0.436123487564 0.375179191137 0.624402184334
0.437824508593 0.373821095457 0.631052239017
0.438776480664 0.373246839512 0.636831140654
0.439117868393 0.373476611954 0.636831140654
0.438910994000 0.374411164163 0.632941244549
0.438117179204 0.375897447538 0.622433582633
0.436761263912 0.377601120768 0.614774990185
0.435168625659 0.378808420956 0.614656590841
0.433598925122 0.379122301320 0.619981745193
0.432302142477 0.378420887941 0.623073340973
0.431388162307 0.376803565696 0.622655170140
0.430707799656 0.374899201850 0.621897284538
0.430134400210 0.373232633562 0.622708696293
0.429454679738 0.372093773839 0.622679224196
0.428606366614 0.371528190283 0.623023765027
0.427492048472 0.371543722794 0.621266300759
0.426129403716 0.372162176103 0.617538867020
0.424724756208 0.373355654455 0.613497455988
0.423605660371 0.374998942463 0.617679402071
0.423289295541 0.376726635991 0.628935829951
0.424015815088 0.378269633860 0.635967425647
0.425725432569 0.379536665839 0.648593757905
0.428250799878 0.380079282513 0.640744501776
0.431296986475 0.379506344152 0.629380419111
0.434537578424 0.377784163166 0.617616434029
0.437343831307 0.375690505268 0.621529558754
0.439296277698 0.374020193524 0.632941244549
0.440453628122 0.373106533037 0.638961837730
0.440973248277 0.372918985844 0.640983917396
0.440907390002 0.373331672182 0.640983917396
0.440315656756 0.374281798504 0.634892874636
0.439166667068 0.375719487628 0.623646199623
0.437455306026 0.377422385826 0.617598043557
0.435387634684 0.379013732216 0.614656590841
0.433395817039 0.379759968576 0.621375521321
0.431867387076 0.379289799530 0.626279670566
0.430863193896 0.377948270954 0.626346222893
0.430340706595 0.376100427191 0.622575487962
0.430019930962 0.374275352831 0.621964513854
0.429669550150 0.372845024768 0.621521475647
0.429241093365 0.371914346051 0.622679224196
0.428632505732 0.371491173090 0.623023765027
0.427752674454 0.371584197472 0.621266300759
0.426620556773 0.372216340837 0.617538867020
0.425435805377 0.373366703268 0.615314785010
0.424449251488 0.374926023730 0.618491380507
0.424142505778 0.376583224457 0.628823999339
0.424774647362 0.378034931813 0.635459246751
0.426329542280 0.379164480583 0.639834229756
0.428621717952 0.379636758487 0.640744501776
0.431460692239 0.379091637815 0.626279670566
0.434393947487 0.377688863353 0.617616434029
0.436918041425 0.375910804831 0.621529558754
0.438623342853 0.374515761563 0.626889272207
0.439544791685 0.373683418498 0.632941244549
0.439783658936 0.373489402280 0.638961837730
0.439482123540 0.373913871643 0.632941244549
0.438623930131 0.374847721064 0.626889272207
0.437248236025 0.376113081947 0.621529558754
0.435454552243 0.377469450986 0.615987817308
0.433587945819 0.378279788261 0.619573826660
0.431895312333 0.378408090220 0.626279670566
0.430741970108 0.377608974615 0.626346222893
0.430083332065 0.376253831470 0.622575487962
0.429639041218 0.374878274895 0.621660547970
0.429371637821 0.373716717770 0.621160179733
0.429138519731 0.372912501772 0.621521475647
0.428817074051 0.372543747713 0.621163680567
0.428321573941 0.372673420928 0.620206867493
0.427805167433 0.373191063313 0.618729169994
0.427316348404 0.374107560891 0.619169224689
0.427025441770 0.375265672130 0.620134087701
0.427175718563 0.376524957257 0.627439774488
0.427943773880 0.377425880205 0.627439774488
0.429264648943 0.378002296304 0.628531912542
0.430974253409 0.377908690356 0.624052054599
0.432780313322 0.377153453203 0.621267428794
0.434429949672 0.376079550961 0.620743035585
0.435618093190 0.375058743057 0.623540994795
0.436267011402 0.374352001567 0.627730019562
0.436382361627 0.374144545343 0.627730019562
0.436017016339 0.374387427931 0.627730019562
0.435218595107 0.375036529782 0.623540994795
0.434076275614 0.375839368140 0.620743035585
0.432742846902 0.376514029125 0.621267428794
0.431555123277 0.376721092361 0.622655170140
0.430631227349 0.376489987116 0.624049197932
0.430078264619 0.375875580642 0.622575487962
0.429738891869 0.375162468849 0.621660547970
0.429574454527 0.374604524312 0.621660547970
0.429568562927 0.374187120459 0.621160179733
0.429572472639 0.374068342165 0.621160179733
0.429585274520 0.374219850327 0.621160179733
0.429606146573 0.374616048778 0.621660547970
0.429769839062 0.375061726961 0.621660547970
0.430063032212 0.375552420547 0.622575487962
0.430492700094 0.375833052840 0.622575487962
0.431046161204 0.375923426629 0.622022821079
0.431589136503 0.375831458299 0.622022821079
0.432122787143 0.375574268741 0.621478257151
0.432524182100 0.375182667021 0.622251966435
0.432728248074 0.374894024323 0.622251966435
0.432753599349 0.374698622659 0.622251966435
0.432617054089 0.374587679376 0.622251966435
0.432333807339 0.374553257319 0.622251966435
0.431917587420 0.374588183599 0.622251966435
0.431380797291 0.374685976143 0.622071301982
0.430838682215 0.374826898711 0.621897284538
0.430396537267 0.375016399235 0.621897284538
0.430044855153 0.375249984100 0.621897284538
0.429775045283 0.375523592744 0.623058653873
0.429831817373 0.375633175929 0.623058653873
0.430183828276 0.375594220965 0.622575487962
0.430675886261 0.375386842914 0.621897284538
0.431168558122 0.375263039737 0.622071301982
0.431554714717 0.375205254538 0.622071301982
0.431844484100 0.375207266094 0.622071301982
0.432047016004 0.375263453963 0.622251966435
0.432062660562 0.375383134947 0.622251966435
0.431909114876 0.375560369195 0.621478257151
0.431684568890 0.375549859347 0.622022821079
0.431528118604 0.375352916793 0.622071301982
0.431326809112 0.375230315971 0.622071301982
0.431084807580 0.375175017372 0.622071301982
0.430805878248 0.375180662408 0.621897284538
0.430604090004 0.375251482988 0.621897284538
0.430472110825 0.375381351689 0.621897284538
0.430403318351 0.375564734131 0.622575487962
0.430524004065 0.375549671748 0.622575487962
0.430816182557 0.375355025719 0.621897284538
0.431130751177 0.375246009289 0.622071301982
0.431353008215 0.375204344955 0.622071301982
0.431491739077 0.375223657417 0.622071301982
0.431554877723 0.375298189142 0.622071301982
0.431549589072 0.375422740571 0.622071301982
0.431482343456 0.375592616113 0.622022821079
0.431470105552 0.375549760496 0.622022821079
0.431507668209 0.375314456657 0.622071301982
0.431478542493 0.375159963706 0.622071301982
0.431389035173 0.375078588412 0.622071301982
0.431244841110 0.375063384036 0.622071301982
0.431051102563 0.375108077981 0.622071301982
0.430812462764 0.375207006449 0.621897284538
0.430649858438 0.375365567603 0.621897284538
0.430556038345 0.375578148089 0.622575487962
0.430663483404 0.375580339056 0.622575487962
0.430952985701 0.375392241562 0.622071301982
0.431149635660 0.375281857507 0.622071301982
0.431262298423 0.375241782168 0.622071301982
0.431298977583 0.375265330375 0.622071301982
0.431266898824 0.375346466664 0.622071301982
0.431172585453 0.375479742189 0.622071301982
0.431021926607 0.375660237766 0.622022821079
0.430936794238 0.375617504333 0.622022821079
0.430910939547 0.375372924946 0.621897284538
0.430942158187 0.375223721083 0.622071301982
