0.504999269149 0.495001595127 0.566186103870
0.506206048108 0.497308887534 0.569751858589
0.507238572812 0.500799766219 0.581681249896
0.508840077510 0.504742886921 0.600085806594
0.510434003612 0.508767357414 0.602853365554
0.511604965086 0.512642590688 0.604636172523
0.512686740127 0.516467964553 0.617447514551
0.514328733967 0.520388339276 0.634038580456
0.516618743162 0.524338207823 0.656957976282
0.519058047909 0.528222173112 0.665691120737
0.521294544061 0.532038171675 0.669978206253
0.523115524473 0.535767661230 0.668421379830
0.524275561594 0.539255119035 0.660859795880
0.524785796891 0.542315248679 0.653784677113
0.524745009271 0.544867914717 0.648141720964
0.524243923689 0.546948035490 0.645478101660
0.523272164616 0.548676407763 0.641663913994
0.521828134462 0.550152417237 0.639764248500
0.519987905501 0.551423985770 0.638498199405
0.517932563858 0.552517023911 0.638352670790
0.515932017779 0.553419805513 0.639697357524
0.514264758915 0.554145507527 0.641592878004
0.513079830532 0.554786063525 0.642932111821
0.512386610607 0.555438484522 0.642246656701
0.512070829778 0.556177711859 0.643613097688
0.512136038515 0.557052034660 0.645093017448
0.512563191114 0.558115804379 0.646591293418
0.513310451606 0.559424469658 0.651931504222
0.514362569390 0.560974691338 0.655441741520
0.515690823868 0.562640926387 0.659206512691
0.517133133262 0.564069687509 0.658800113626
0.518573429851 0.565078382154 0.653506323620
0.519995550262 0.565341241134 0.649753321854
0.521365124514 0.564885236412 0.644257063644
0.522907656192 0.563671446310 0.631921581630
0.524781153059 0.561791634119 0.619138078023
0.526797363683 0.559530288507 0.613258234468
0.528512995370 0.557288912127 0.617307537006
0.529509798181 0.555358896601 0.622330057337
0.529860657339 0.553714735320 0.624390095484
0.529644998089 0.552272730205 0.628212392525
0.528989327020 0.550895619705 0.630749568784
0.527897681681 0.549491626962 0.635773958560
0.526433475067 0.547970439254 0.639231049026
0.524622253924 0.546322242485 0.646243740561
0.522489419421 0.544582596291 0.652590912721
0.520077004631 0.542837784407 0.655796221167
0.517429286861 0.541273895878 0.656643102518
0.514698060370 0.540098055038 0.654125672786
0.511954770477 0.539414431332 0.647208687390
0.509191009802 0.539306010914 0.638012241120
0.506366169739 0.539728786594 0.629807685813
0.503494857084 0.540503724692 0.624319679881
0.500729084725 0.541320902449 0.625142322787
0.498141720816 0.541794057724 0.629756527954
0.495757320161 0.541682359079 0.642380810211
0.493677969642 0.540686195165 0.653214807548
0.492112678931 0.538784918751 0.663269015404
0.491244854837 0.536006224550 0.666782539640
0.491028571150 0.532386031533 0.657868935606
0.491511961819 0.527912585702 0.633990197193
0.492682933128 0.522805291308 0.619469439728
0.493660396693 0.517650632847 0.630383481959
0.493433038064 0.513204581301 0.648925970455
0.492560517643 0.509688707609 0.649231293354
0.491899036724 0.506933834804 0.645001615887
0.491524848083 0.504764882384 0.640323766548
0.491762825360 0.502550418239 0.635652927559
0.492629697791 0.499914912427 0.619621409803
0.494212592284 0.496395651476 0.589478947503
0.496214175735 0.491989192362 0.569505536287
0.497472375184 0.487210417441 0.582109017360
0.497512510666 0.482844117284 0.598944402683
0.496472449387 0.479294687973 0.613970449767
0.494355016225 0.476463784680 0.625552265331
0.491218569633 0.474176871012 0.623640852563
0.487765344320 0.472593475337 0.611193411428
0.484771653748 0.471880351837 0.597216864460
0.482796815762 0.471660877703 0.588617080760
0.481905374008 0.471657774790 0.587658750735
0.481997213155 0.471701671455 0.587658750735
0.482950095302 0.471788431468 0.588617080760
0.484627971643 0.472065998374 0.597216864460
0.486794074690 0.472750456038 0.605806827828
0.489083247913 0.474011146526 0.616003731690
0.491046813320 0.475623735001 0.620863760295
0.492216768850 0.477422736295 0.616482461424
0.492579004450 0.479130550034 0.610102358283
0.492262998689 0.480568483823 0.605522551450
0.491627791377 0.481526945235 0.608148350037
0.491029636316 0.481834223872 0.612674820517
0.490655419257 0.481502249311 0.612176232738
0.490366103434 0.480710194921 0.612176232738
0.490153916695 0.479503940561 0.614842993715
0.489982554105 0.478155663169 0.615011546304
0.489732405088 0.476818693970 0.615675941595
0.489305396737 0.475642250602 0.618189717149
0.488571786775 0.474929068727 0.615574867182
0.487830735912 0.474623444192 0.612353017412
0.487307585763 0.474813541093 0.610756343153
0.487260762223 0.475277740888 0.610756343153
0.487643866437 0.475990460641 0.614010661247
0.488233847534 0.476810396150 0.615221773719
0.489081066765 0.477585829083 0.615448824191
0.489910376567 0.478316049136 0.615011546304
0.490561656764 0.478854601833 0.612912434809
0.490923727288 0.479092440717 0.612912434809
0.491023586188 0.479057699657 0.612912434809
0.490885653745 0.478775821070 0.612912434809
0.490532017708 0.478269812530 0.614176370874
0.489846551968 0.477709796644 0.615011546304
0.489125916299 0.477078881407 0.615448824191
0.488539394400 0.476538180831 0.615357401035
0.487990499097 0.476242124552 0.614010661247
0.487750565954 0.476159409590 0.614010661247
0.487790522506 0.476270204452 0.614010661247
0.488084089724 0.476556572381 0.614010661247
0.488607514342 0.477002290886 0.615448824191
0.489147201380 0.477435744940 0.615448824191
0.489701862379 0.477858233092 0.615011546304
0.490098592312 0.478110634248 0.615011546304
0.490352134737 0.478208790616 0.614176370874
0.490196924086 0.478189718912 0.615011546304
0.489951029866 0.478041490892 0.615011546304
0.489622759933 0.477776037899 0.615011546304
0.489219628496 0.477404150195 0.615448824191
0.488923927638 0.477099581052 0.615448824191
0.488725604040 0.476855992947 0.615448824191
0.488615565800 0.476667654224 0.615448824191
0.488585590763 0.476529381353 0.615357401035
0.488538691516 0.476610740464 0.615357401035
0.488476419077 0.476891132857 0.615448824191
0.488490455857 0.477176774064 0.615448824191
0.488573718332 0.477467279711 0.615448824191
0.488719801716 0.477762301938 0.615922366579
0.489029673753 0.477891998708 0.615922366579
0.489488066137 0.477871858747 0.615011546304
0.489790557489 0.477715395310 0.615011546304
0.489951800679 0.477435308442 0.615675941595
0.489861199668 0.477221688146 0.615675941595
0.489542563866 0.477068271025 0.615675941595
0.489017399647 0.476969395219 0.615448824191
0.488615786650 0.476913579634 0.615448824191
0.488326055737 0.476896789913 0.615221773719
0.488431915421 0.476921352476 0.615448824191
0.488600969549 0.476977420469 0.615448824191
0.488827364800 0.477062070474 0.615448824191
0.489105810995 0.477172660208 0.615448824191
0.489431527005 0.477306801537 0.615675941595
0.489481644626 0.477468862420 0.615675941595
0.489282376215 0.477656283264 0.615922366579
0.489289842055 0.477680511562 0.615922366579
0.489484507697 0.477556916949 0.615675941595
0.489413527064 0.477486751662 0.615675941595
0.489102178011 0.477464986164 0.615448824191
0.488896755561 0.477480413635 0.615448824191
0.488787250365 0.477529550972 0.615448824191
0.488764619139 0.477609250997 0.615448824191
0.488820691582 0.477716670112 0.615922366579
0.489063337587 0.477664680984 0.615922366579
0.489474933758 0.477468323194 0.615675941595
0.489593573805 0.477333590470 0.615675941595
0.489447265483 0.477254648582 0.615675941595
0.489061290594 0.477226226952 0.615448824191
0.488790568890 0.477236701862 0.615448824191
0.488624162603 0.477282416435 0.615448824191
0.488552191922 0.477360067243 0.615448824191
0.488565732815 0.477466670190 0.615448824191
0.488656724701 0.477599529689 0.615448824191
0.488817887022 0.477756210796 0.615922366579
0.489161604858 0.477743316313 0.615922366579
0.489670589694 0.477576919674 0.615675941595
0.489868890622 0.477470782883 0.615675941595
0.489786334668 0.477419189085 0.615675941595
0.489449838795 0.477416975023 0.615675941595
0.488883693556 0.477459477505 0.615448824191
0.488453032227 0.477535361790 0.615448824191
0.488144921069 0.477641495861 0.616756988969
0.488372818377 0.477604849793 0.615448824191
0.488659413936 0.477609619071 0.615448824191
0.488999229291 0.477651889082 0.615922366579
0.489509360643 0.477530542561 0.615675941595
0.489702477980 0.477466436947 0.615675941595
0.489609099526 0.477454136866 0.615675941595
0.489256760528 0.477488734250 0.615448824191
0.489020821915 0.477558483062 0.615448824191
0.488890182940 0.477660072888 0.615922366579
0.488978831307 0.477589460607 0.615448824191
0.489141587970 0.477564571186 0.615448824191
0.489371462290 0.477581063789 0.615675941595
0.489306371355 0.477642437776 0.615011546304
0.489117710107 0.477533127802 0.615448824191
0.489031046245 0.477473749757 0.615448824191
0.489036667225 0.477459549903 0.615448824191
0.489125804754 0.477486236419 0.615448824191
0.489290543085 0.477549934559 0.615448824191
0.489523736191 0.477647146164 0.615011546304
0.489602093267 0.477567420816 0.615675941595
0.489394592958 0.477542984859 0.615675941595
0.488928799063 0.477568577031 0.615448824191
