0.504998782223 0.628480550275 0.660513649663
0.509597543350 0.624677196298 0.638350348628
0.514310036687 0.620888132799 0.604611712688
0.518990091842 0.616892894299 0.605591472810
0.522913113727 0.615178529186 0.616986303016
0.526721104367 0.614770222294 0.623538814339
0.530795733289 0.615082629226 0.634982390688
0.535078056477 0.616086064635 0.643380681348
0.538241003662 0.617000249990 0.635274852741
0.538905321683 0.616839262070 0.635274852741
0.538122999289 0.615851096684 0.640236142041
0.536586510182 0.614370938176 0.645637358863
0.535176780491 0.613315561618 0.643305937865
0.534185272223 0.612986697206 0.640779980833
0.533666976313 0.613385264607 0.637925973089
0.533650958303 0.614443261748 0.639920138643
0.534001384070 0.615967134440 0.642135205432
0.534379283903 0.617602682020 0.641824491251
0.534350681448 0.619002643769 0.635733091456
0.533476417335 0.619608545186 0.638110958547
0.532104579354 0.619667111125 0.637382031206
0.530308843896 0.619125407932 0.641406752858
0.528678858074 0.618611820022 0.638560101428
0.527590555146 0.618538618618 0.636638830806
0.527037161661 0.618971998350 0.636269608877
0.526880540942 0.619949956911 0.637756729707
0.526970488045 0.621381500399 0.638626614441
0.527160201320 0.623171530672 0.638408079874
0.527183234524 0.625152295667 0.635785850277
0.526839849026 0.627145875471 0.631431361034
0.526039755803 0.629008746190 0.625603840866
0.524811285394 0.631023543939 0.618416083602
0.523199906155 0.633420391964 0.605133421778
0.521388424437 0.636269420822 0.599492756552
0.520017220027 0.638978673935 0.606006516514
0.519677229938 0.640883278422 0.616965387810
0.520574138684 0.641589693455 0.618988092482
0.522406857080 0.641288250094 0.612648188692
0.524695128623 0.640594871652 0.609332187990
0.527013559957 0.640182232017 0.612681419388
0.529198683728 0.640277925727 0.619641553533
0.531366382022 0.640807771571 0.622646986643
0.533798771373 0.641461688985 0.627040141008
0.536683872002 0.642075447356 0.629424549202
0.540225707472 0.642157242440 0.612176080899
0.544566961447 0.640977464511 0.566720103918
0.549569699995 0.638963839017 0.548154227650
0.554510001009 0.637812055635 0.579696137681
0.558617458824 0.637809377689 0.594344504945
0.562048742334 0.638160783127 0.595071518735
0.565105786778 0.638381961730 0.590991829804
0.567815537451 0.638208271458 0.585464621036
0.570069928908 0.637770457112 0.586908251385
0.571651415302 0.637581738174 0.588375400752
0.572573325077 0.637781889347 0.590653832052
0.572861191916 0.638489240357 0.587057899613
0.572609281310 0.639600451679 0.583716183848
0.571916094954 0.641012267867 0.579544589923
0.570941543155 0.642429477077 0.576451415037
0.569910536223 0.643477488793 0.577674708040
0.568942136800 0.643937254752 0.580429623746
0.568078164027 0.643736367936 0.583717418328
0.567354494875 0.642868452426 0.583417436729
0.566727169042 0.641469979235 0.586239058621
0.566203775678 0.639632796899 0.586368404919
0.565653323740 0.637544827839 0.590005599764
0.564952020262 0.635314418931 0.595424678215
0.563923524005 0.632968060387 0.607649733795
0.562339584508 0.630422199801 0.619084672543
0.560208133747 0.627618516739 0.637267564341
0.557876489519 0.624893327715 0.636865757095
0.556128635996 0.622910086915 0.621332738601
0.555419561701 0.622125546487 0.610188302063
0.555746380550 0.622465630584 0.615277667106
0.557008553495 0.623673123315 0.630555431457
0.558741273214 0.625469021954 0.638590857272
0.560595921271 0.627305380247 0.638095053809
0.562032597021 0.628657490754 0.630335599571
0.562758818642 0.629401386060 0.623587258428
0.562768650880 0.629555344983 0.623587258428
0.562139134266 0.629178810710 0.630335599571
0.561014740662 0.628366021372 0.635871506757
0.559588404771 0.627285772521 0.639276450235
0.558096874990 0.626173977573 0.638373155824
0.556853461883 0.625564626742 0.635624162501
0.555870941124 0.625678868267 0.631440448849
0.555144301467 0.626703727632 0.626104018358
0.554415873296 0.628772345087 0.615122127680
0.553279811650 0.631961218052 0.593312117973
0.551494116160 0.636193487596 0.557027746274
0.549677587950 0.641026942870 0.557455128251
0.548597577575 0.645728922608 0.587119515353
0.548526989548 0.649322915608 0.606100303485
0.548955876524 0.651875253797 0.609009574472
0.549522826325 0.653606698590 0.609920643769
0.550133117325 0.654590505765 0.606881057092
0.550697753574 0.654945046541 0.603514670780
0.551144242564 0.654763200148 0.603514670780
0.551483476294 0.654098631046 0.603801692847
0.551771166372 0.653036341554 0.601341790104
0.552037480450 0.651734218792 0.600124814866
0.552470489981 0.650322551508 0.598543324559
0.553162024938 0.648869737256 0.595969618494
0.554128407119 0.647569280041 0.591772763780
0.555443788176 0.646680479049 0.591209253720
0.557058164295 0.646324256090 0.596875888399
0.558808181727 0.646462806310 0.601611711712
0.560573248744 0.646885672703 0.603574747127
0.562279936464 0.647282500086 0.602048605826
0.563815240868 0.647332240306 0.599802560834
0.565198228614 0.646938278872 0.593378727910
0.566474536611 0.645973566394 0.589201817664
0.567708654923 0.644453480285 0.584180325774
0.568908280775 0.642474095050 0.580469175680
0.569962348502 0.640240917429 0.580061112584
0.570682518384 0.638034849602 0.586908251385
0.570828922209 0.636218590144 0.590112730197
0.570416433296 0.634811270768 0.597077624468
0.569463578978 0.633834956882 0.599198120248
0.568028339428 0.633139781152 0.601998194130
0.566135014536 0.632459486384 0.603866092537
0.563798364194 0.631589017421 0.612024626374
0.560984558086 0.630402841040 0.623679934287
0.557677487061 0.629019324213 0.633857552239
0.554143538733 0.628017105770 0.617688499189
0.550643720162 0.628475572280 0.584886625021
0.546971298524 0.630714236685 0.530418730807
0.543262007414 0.634270597662 0.513723776004
0.541043309033 0.637482222978 0.548857430397
0.540916426919 0.639496844952 0.572877632243
0.542528848045 0.640334299577 0.578157876290
0.545482899926 0.640148595550 0.562232645348
0.549316672312 0.639395455097 0.551635491510
0.553296797998 0.639018691837 0.566971438739
0.556792488851 0.639487373619 0.585854753992
0.559892456132 0.640488875519 0.594480096204
0.562795376632 0.641618970777 0.595916826845
0.565587282320 0.642452647293 0.589932474139
0.568224611802 0.642732386114 0.580469175680
0.570581300023 0.642583497904 0.576451415037
0.572571831590 0.642274851941 0.576149063130
0.574121933681 0.642133665292 0.580176780643
0.575181964444 0.642463349980 0.583718812362
0.575762915191 0.643353586782 0.581348495791
0.575998582439 0.644711641009 0.583562446596
0.575984154923 0.646572231770 0.581749044127
0.575942055564 0.648815950905 0.582616028757
0.576048361250 0.651341283074 0.587420508768
0.576425258216 0.654040098277 0.593163579234
0.577000986234 0.656825619341 0.598380015561
0.577563777223 0.659629902261 0.597347254547
0.577937709359 0.662430366647 0.596934295430
0.578098404891 0.665252276318 0.593139553808
0.578067960874 0.668271968712 0.589888670427
0.577900971514 0.671740047817 0.586018203130
0.577589879983 0.675921301542 0.573083759584
0.577126080440 0.680658950166 0.570539100720
0.576806031540 0.685364957962 0.585452340467
0.577270959658 0.689266788654 0.606146655383
0.578605930380 0.692350921998 0.622320216898
0.580659609933 0.694777100989 0.633631387392
0.583157336760 0.696591506926 0.631746857462
0.585957472351 0.697595487874 0.620749065633
0.589092588463 0.697691716505 0.603953128129
0.592604750314 0.697008120806 0.584225008105
0.596247141718 0.696131011712 0.582531794106
0.599691885269 0.695651599959 0.598607237158
0.602737175276 0.696015472373 0.616383629838
0.605318557178 0.697207756133 0.631170043320
0.607353552205 0.698939093801 0.633483533104
0.608732955317 0.700921857469 0.629197720768
0.609448813853 0.703047802743 0.624272792863
0.609601690491 0.705286445999 0.615297413791
0.609390902527 0.707738444351 0.611447056760
0.608994867623 0.710436104341 0.609181627995
0.608606906696 0.713392312753 0.605460837930
0.608247316714 0.716559124221 0.604037430815
0.607774241139 0.719933045406 0.593227884756
0.607000572670 0.723456877841 0.583752774620
0.606064691877 0.726974156738 0.583849354262
0.605519407586 0.730389141985 0.594284405174
0.605809752309 0.733486708149 0.619346559535
0.606996593143 0.736206851352 0.629897738619
0.608749779454 0.738476499958 0.632912692712
0.610389508692 0.739974802180 0.623191615098
0.611714756742 0.740518279345 0.615917547239
0.612660033695 0.740127577254 0.610928443259
0.613341580261 0.738829564877 0.605269106460
0.613804391534 0.736714308679 0.606816660143
0.614151296216 0.734009798167 0.603627172967
0.614379017124 0.731084753702 0.604702291235
0.614553083569 0.728292099920 0.605439671949
0.614656067452 0.725818609061 0.606477452431
0.614646291062 0.723664567595 0.609364785253
0.614456981220 0.721731333508 0.612008429327
0.614076702930 0.719926274992 0.613426102971
0.613520351643 0.718207090103 0.616256499279
0.612813269008 0.716757205248 0.617228206588
0.612039390063 0.715733950491 0.617993338257
0.611245789895 0.715104472467 0.615480924261
