0.495001233825 0.761668007280 0.820639868623
0.493818039798 0.756664886619 0.804466179224
0.495769411444 0.751650710904 0.770541648140
0.498721828824 0.747218610913 0.757894070194
0.501823341934 0.743830902613 0.748418656942
0.505046697967 0.740257978663 0.722411374737
0.508237222807 0.736241876569 0.711478809356
0.510124343957 0.732119455512 0.729613545370
0.510169678453 0.728492655878 0.756082545881
0.509080615906 0.725678775053 0.770200734814
0.507372953111 0.724088702061 0.765661175036
0.505312491170 0.723914252940 0.754860248056
0.503051119152 0.724826568775 0.742484169234
0.500709993236 0.726410064983 0.731146579823
0.498489849743 0.728219810959 0.728708661329
0.496590086550 0.729928532342 0.731495085399
0.495125986844 0.731358935259 0.734561174391
0.494042419588 0.732512895397 0.737512307661
0.493201863372 0.733521608987 0.738239000800
0.492535817260 0.734463169088 0.738106152375
0.491915719343 0.735440577784 0.736836477016
0.491231456243 0.736531472528 0.734694323974
0.490413584681 0.737768683116 0.733554553029
0.489477827477 0.739183797257 0.730998564321
0.488447333512 0.740728300084 0.728786900072
0.487523573085 0.742287119353 0.730474267366
0.487051652430 0.743675171573 0.733662086209
0.487208554406 0.744760028666 0.737481814794
0.488096263586 0.745535973258 0.741363108474
0.489735051923 0.746064634764 0.740481252122
0.491917899792 0.746551501628 0.745684871568
0.494567973067 0.747112758001 0.752691124122
0.497514843533 0.747886213243 0.756846795342
0.500570094159 0.748853243233 0.760374966702
0.503682076115 0.749592011306 0.756505475390
0.506855753720 0.749509514798 0.735546963530
0.510164487019 0.748139401660 0.711256382601
0.513652837011 0.745728161279 0.679109578670
0.517150193927 0.742882014026 0.670746029212
0.520135476246 0.740184750550 0.679376037544
0.522190244739 0.737787569521 0.686616218612
0.523441992333 0.735414209207 0.688288818383
0.524241111979 0.732705271846 0.692060982934
0.524920110876 0.729434824916 0.680508109593
0.525983988180 0.725475783812 0.659214068952
0.527554789881 0.720942350654 0.633235524154
0.529466636399 0.716233570854 0.615802646316
0.531526527433 0.711774799232 0.603976441965
0.533805630925 0.707717807069 0.592277778529
0.536345020954 0.704001011260 0.581796426847
0.538854996430 0.700560907633 0.581435297634
0.540894040610 0.697427085469 0.595173519529
0.541950727188 0.694723827244 0.606440468214
0.542008685993 0.692493204585 0.623156808455
0.541208882122 0.690812323474 0.625957377601
0.539774612075 0.689740549145 0.623184369357
0.538026170336 0.689465833663 0.620881342077
0.536175003853 0.690075829725 0.608900492418
0.534308565054 0.691484482185 0.597000180033
0.532459135309 0.693590273675 0.583309564268
0.530581349186 0.696174830246 0.573882778510
0.528814488965 0.698979797282 0.571778708804
0.527453043429 0.701595849692 0.579285166492
0.526736527496 0.703728094401 0.588894517423
0.526748769638 0.705120896272 0.593026315347
0.527429088450 0.705783774025 0.593667555178
0.528638656081 0.705898598273 0.591113859808
0.530264474716 0.705663422312 0.588232625612
0.532179652867 0.705306190038 0.587064239737
0.534313625538 0.704921283855 0.584150176232
0.536567710100 0.704523715793 0.583406171307
0.538919365966 0.704091884687 0.580783414006
0.541226748632 0.703678716610 0.581188627360
0.543472821188 0.703406668660 0.583489524825
0.545618132123 0.703451772215 0.588221878758
0.547592150059 0.703994864198 0.595356241801
0.549295905191 0.705161906826 0.603010566283
0.550640986091 0.706913576094 0.607777584356
0.551532912897 0.709077999047 0.604050190163
0.552036908995 0.711506631750 0.601689137981
0.552246313822 0.714130483634 0.598858288686
0.552376474840 0.716878185913 0.599114248482
0.552601926164 0.719687357332 0.604719335458
0.553105967812 0.722509196321 0.611510093341
0.554024917216 0.725064939456 0.618164319420
0.555239375823 0.727040482312 0.619113521672
0.556578602095 0.728251150697 0.612903188380
0.557787783510 0.728757105722 0.609088835251
0.558804164837 0.728601346957 0.605695770204
0.559554372417 0.727933923224 0.604356444679
0.559932551993 0.726960554204 0.606156170169
0.559936154987 0.725786184015 0.608130483738
0.559575712762 0.724510486855 0.612339256115
0.558869510843 0.723317396981 0.614160065927
0.557957814765 0.722286794899 0.614747132328
0.556982410118 0.721512898333 0.613988954727
0.556071609631 0.721085658706 0.612438605772
0.555338316205 0.720961875645 0.611002565792
0.554887942267 0.721083826029 0.611002565792
0.554694249603 0.721428818133 0.611002565792
0.554733490742 0.721976317322 0.612224338374
0.555005663004 0.722585392446 0.612224338374
0.555489248593 0.723250687234 0.613528168028
0.556034495875 0.723865267099 0.614111607654
0.556638111953 0.724293781575 0.613482712550
0.557149023968 0.724581549702 0.613482712550
0.557575893559 0.724741551239 0.612083909760
0.557789029924 0.724683004387 0.612992635216
0.557808083816 0.724551516126 0.612992635216
0.557650977627 0.724353703721 0.612992635216
0.557333927910 0.724095557443 0.613482712550
0.557011241608 0.723759642344 0.613482712550
0.556683301452 0.723352966820 0.613663131939
0.556352626695 0.723020445938 0.613528168028
0.556167162742 0.722733222897 0.612963770067
0.556107910488 0.722627743338 0.612963770067
0.556163218259 0.722687151118 0.612963770067
0.556322544031 0.722896198569 0.613528168028
0.556581967307 0.723098841968 0.613663131939
0.556781423790 0.723318136095 0.613663131939
0.556926511166 0.723552633785 0.613663131939
0.557022293660 0.723801025447 0.613482712550
0.557071092665 0.723917954999 0.613482712550
0.557077260490 0.723915632822 0.613482712550
0.557044734225 0.723805102643 0.613482712550
0.556977075229 0.723596352682 0.613663131939
0.556879803048 0.723444870254 0.613663131939
0.556755619625 0.723345303589 0.613663131939
0.556606968842 0.723292812452 0.613663131939
0.556436061112 0.723283019402 0.613663131939
0.556244895632 0.723311965662 0.613528168028
0.556194090175 0.723352540988 0.613528168028
0.556270555516 0.723403682062 0.613528168028
0.556462458006 0.723464427314 0.613663131939
0.556598564887 0.723557720614 0.613663131939
0.556684107094 0.723680571612 0.613663131939
0.556723814074 0.723830276473 0.613482712550
0.556719561288 0.723851269751 0.613482712550
0.556675437222 0.723755574999 0.613482712550
0.556595138093 0.723554060365 0.613663131939
0.556484433152 0.723411292352 0.613663131939
0.556346117579 0.723321748451 0.613528168028
0.556348312948 0.723255892948 0.613528168028
0.556477859312 0.723211495044 0.613663131939
0.556556164713 0.723211264681 0.613663131939
0.556588038658 0.723251078623 0.613663131939
0.556577828108 0.723327210125 0.613663131939
0.556529461872 0.723436290879 0.613663131939
0.556446490753 0.723575276602 0.613663131939
0.556332123852 0.723741415915 0.614111607654
0.556362209797 0.723737920867 0.614111607654
0.556523176444 0.723580764483 0.613663131939
0.556628729047 0.723479837337 0.613663131939
0.556684092319 0.723429839710 0.613663131939
0.556693987347 0.723425982740 0.613663131939
0.556662680048 0.723463939268 0.613663131939
0.556594024982 0.723539799402 0.613663131939
0.556491504946 0.723650030343 0.613663131939
0.556358266780 0.723791440076 0.614111607654
0.556375475291 0.723760853528 0.614111607654
0.556528939480 0.723574517346 0.613663131939
0.556626469443 0.723448517055 0.613663131939
0.556673352991 0.723377142274 0.613663131939
0.556674367095 0.723355234302 0.613663131939
0.556633827165 0.723378132907 0.613663131939
0.556555631574 0.723441628232 0.613663131939
0.556443301906 0.723541917337 0.613663131939
0.556300019324 0.723675564914 0.613528168028
0.556309520306 0.723812661863 0.614111607654
0.556460059344 0.723773010430 0.613482712550
0.556551043841 0.723609339803 0.613663131939
0.556590812837 0.723505197965 0.613663131939
0.556584209008 0.723454939284 0.613663131939
0.556535606215 0.723453464718 0.613663131939
0.556448954826 0.723496168972 0.613663131939
0.556327822673 0.723578892748 0.613528168028
0.556360780440 0.723670407852 0.613528168028
0.556533215224 0.723769910038 0.613482712550
0.556642844126 0.723728658441 0.613663131939
0.556698397789 0.723736125309 0.613482712550
0.556702234848 0.723611038693 0.613663131939
0.556662027144 0.723543089678 0.613663131939
0.556581931041 0.723526853076 0.613663131939
0.556465699806 0.723557429927 0.613663131939
0.556316722654 0.723630396517 0.613528168028
0.556328379093 0.723713547027 0.613528168028
0.556485389416 0.723805939838 0.613482712550
0.556579854770 0.723754769606 0.613482712550
0.556617728703 0.723573678953 0.613663131939
0.556607229709 0.723456242242 0.613663131939
0.556552942101 0.723396391881 0.613663131939
0.556459004959 0.723388649638 0.613663131939
0.556329155333 0.723428069454 0.613528168028
0.556361404651 0.723481329561 0.613528168028
0.556540305709 0.723547130687 0.613663131939
0.556656340353 0.723653318588 0.613663131939
0.556715509338 0.723796085030 0.613482712550
0.556720323594 0.723786549592 0.613482712550
0.556675949448 0.723639234082 0.613663131939
0.556589972958 0.723553589232 0.613663131939
