0.638331438980 0.228341326260 0.084599403731
0.635182530695 0.231061422332 0.049714008640
0.632043487194 0.233102880184 0.050412864558
0.629970905455 0.233415980936 0.053047450745
0.628792237102 0.232197949260 0.051875368812
0.628063292295 0.230195399440 0.052626966247
0.627149545831 0.228317927373 0.060449682795
0.625574822519 0.227000549933 0.067404375895
0.623317984054 0.225659811549 0.094128818506
0.620345128201 0.223020003415 0.137938143236
0.616826262925 0.219654235053 0.201624695705
0.613019847618 0.216417383660 0.210323514571
0.609261355479 0.215535999594 0.185398287086
0.605657954869 0.216212993940 0.166506076981
0.602570572659 0.217108492647 0.174370789389
0.600359608263 0.217211498959 0.183727930753
0.599051154377 0.216346223873 0.186750413906
0.598569907805 0.214696820315 0.170671413174
0.598689841665 0.212629806811 0.157665589510
0.599222032559 0.210512945758 0.149386442246
0.599909228492 0.208902575553 0.145505407016
0.600623764403 0.208178511271 0.150393596327
0.601275431833 0.208348528236 0.156135181928
0.601783273402 0.209371346665 0.155293467806
0.602200777355 0.210968581427 0.159223814318
0.602485479284 0.213020976769 0.158234652880
0.602770770534 0.215174096385 0.164085756507
0.603335789373 0.216900166321 0.166457191642
0.604182004774 0.218268979952 0.175139413127
0.605453520832 0.219240169464 0.180179502961
0.607158049483 0.219916627724 0.185528747990
0.609209362071 0.220494475858 0.186568452843
0.611360511728 0.221191456095 0.190109818416
0.613406054907 0.221774060205 0.188902935381
0.614993153276 0.222157158560 0.178531437267
0.615842069463 0.221863917327 0.173994603641
0.615867482592 0.220903901300 0.183239151357
0.615147249680 0.219612476481 0.201027669905
0.613911892664 0.218637429793 0.205174786889
0.612337475047 0.218303912222 0.196444358154
0.610652629215 0.218713998270 0.186622864709
0.609077975645 0.219758591274 0.183654721252
0.607825897876 0.221098775139 0.192791046264
0.607345498253 0.222095338203 0.201353146181
0.607640060486 0.222597423040 0.201353146181
0.608614269070 0.222651614293 0.198778288835
0.610090040136 0.222341052020 0.194106985004
0.611755671512 0.221715796414 0.190109818416
0.613353199861 0.221095050793 0.188902935381
0.614542257892 0.220383862371 0.193301271442
0.615150330093 0.219810504901 0.201027669905
0.615099101190 0.219495806787 0.201027669905
0.614459810894 0.219417360990 0.199225521849
0.613412865888 0.219692938524 0.196629894099
0.612122584998 0.220394372037 0.191174962058
0.610797979406 0.221265283860 0.190437138454
0.609846444795 0.222002561868 0.196413649121
0.609483023297 0.222302914558 0.196413649121
0.609648947233 0.222207039714 0.196413649121
0.610291344214 0.221751794804 0.190437138454
0.611123213718 0.221284207537 0.190109818416
0.611964711580 0.220802910934 0.191174962058
0.612569267095 0.220612597113 0.191174962058
0.612957814069 0.220687280663 0.192496272665
0.612985461048 0.220936707442 0.188902935381
0.612738040776 0.220999620981 0.189664606623
0.612423204967 0.220960683018 0.189664606623
0.612046607276 0.220828700333 0.189664606623
0.611613388785 0.220611679296 0.189571955204
0.611221920512 0.220699006211 0.189571955204
0.610868348969 0.221063005798 0.190437138454
0.610817862926 0.221334336763 0.190437138454
0.611042905869 0.221521238823 0.190109818416
0.611340683965 0.221628904385 0.190109818416
0.611704973134 0.221664332820 0.190109818416
0.612130120022 0.221633881030 0.189664606623
0.612418590724 0.221503831638 0.189664606623
0.612582606439 0.221282915288 0.189664606623
0.612633260303 0.220979057566 0.189664606623
0.612580620516 0.220599452598 0.191174962058
0.612355330258 0.220531985560 0.191174962058
0.611972802276 0.220747929337 0.191174962058
0.611447014104 0.221221265514 0.190109818416
0.611070781648 0.221584465383 0.190109818416
0.610830571381 0.221847514720 0.194106985004
0.611013468788 0.221647821783 0.190109818416
0.611280239289 0.221400732842 0.190109818416
0.611623496745 0.221110359989 0.190109818416
0.612036543366 0.220780432768 0.191174962058
0.612223909065 0.220770400236 0.191174962058
0.612206201697 0.221050507175 0.189664606623
0.612085221267 0.221193364607 0.189664606623
0.611870224169 0.221211421362 0.189664606623
0.611569599477 0.221115958815 0.190109818416
0.611403241333 0.220960505492 0.190109818416
0.611358927409 0.220750401638 0.189571955204
0.611320360172 0.220889260458 0.190109818416
0.611392793290 0.220944869492 0.190109818416
0.611566183741 0.220924788617 0.190109818416
0.611831434289 0.220835866419 0.190109818416
0.612180304843 0.220684306773 0.191174962058
0.612297557255 0.220852689698 0.189664606623
0.612292579862 0.220888284158 0.189664606623
0.612176520413 0.220803224657 0.191174962058
0.611870739429 0.221035585068 0.189664606623
0.611481666366 0.221127527243 0.190109818416
0.611241869366 0.221137715748 0.190109818416
0.611137585947 0.221073617610 0.190109818416
0.611156358363 0.220941993035 0.190109818416
0.611286910431 0.220748962047 0.189571955204
0.611406607958 0.220924731006 0.190109818416
0.611629457342 0.221009122908 0.190109818416
0.611946064271 0.221010547627 0.189664606623
0.612115502431 0.220889438014 0.189664606623
0.612151386984 0.220657035218 0.191174962058
0.611972718145 0.220771301052 0.191174962058
0.611599438912 0.221199249852 0.190109818416
0.611379590065 0.221509834380 0.190109818416
0.611298922935 0.221713980987 0.190109818416
0.611344547793 0.221821575059 0.191702338852
0.611621997601 0.221370847404 0.190109818416
0.611992161173 0.220886262897 0.189664606623
0.612205604507 0.220322215697 0.191174962058
0.612180528180 0.220145730252 0.191174962058
0.611939280462 0.220319684962 0.191174962058
0.611502061718 0.220810565874 0.189571955204
0.611108652357 0.221622110189 0.190109818416
0.610875346362 0.222276946810 0.194106985004
0.611150487508 0.222345827126 0.191702338852
0.611642357483 0.221849182009 0.191702338852
0.612330643848 0.220844645525 0.189664606623
0.612827858553 0.219809136671 0.193480283220
0.612967493332 0.219623948565 0.196629894099
0.612589100546 0.220105256654 0.191174962058
0.612022778020 0.220873992765 0.189664606623
0.611385431885 0.221440642513 0.190109818416
0.610934741030 0.221873772339 0.191702338852
0.610777011998 0.221702473327 0.190437138454
0.610999563576 0.221471631090 0.190109818416
0.611326659795 0.221183772970 0.190109818416
0.611748628527 0.220844119459 0.190109818416
0.612256727656 0.220457389804 0.191174962058
0.612484819061 0.220451172472 0.191174962058
0.612459470892 0.220788780150 0.191174962058
0.612204679914 0.221437110502 0.189664606623
0.611844797580 0.221891337391 0.191702338852
0.611776051905 0.221725821913 0.190109818416
0.611843303938 0.221495472775 0.190109818416
0.612033807407 0.221206284973 0.189664606623
0.612074379449 0.220812643955 0.191174962058
0.611874621072 0.220806634201 0.191174962058
0.611457314060 0.221150769355 0.190109818416
0.611211861925 0.221379565019 0.190109818416
0.611122024003 0.221503912463 0.190109818416
0.611173128073 0.221533652441 0.190109818416
0.611351919144 0.221477676340 0.190109818416
0.611646422769 0.221344017614 0.190109818416
0.612045821515 0.221139934429 0.189664606623
0.612271211519 0.220819535286 0.189664606623
0.612339068198 0.220393698623 0.191174962058
0.612156463671 0.220369387219 0.191174962058
0.611747243666 0.220707618623 0.189571955204
0.611379660640 0.221409962838 0.190109818416
0.611183719917 0.221959547913 0.191702338852
0.611277535869 0.221852049477 0.191702338852
0.611633367371 0.221154928385 0.190109818416
0.612091529405 0.220440948774 0.191174962058
0.612256358646 0.220159766026 0.191174962058
0.612155936926 0.220269257310 0.191174962058
0.611815610675 0.220731440096 0.189571955204
0.611510324944 0.221549095431 0.190109818416
0.611373554972 0.222201926229 0.191702338852
0.611526484925 0.222181766582 0.191702338852
0.611941317406 0.221557723285 0.189664606623
0.612174597754 0.220855607058 0.189664606623
0.612243603619 0.220082634526 0.191174962058
0.612051456986 0.219752523638 0.193480283220
0.611526793872 0.220265502205 0.189571955204
0.611055177148 0.221130237677 0.190109818416
0.610771101668 0.221825198527 0.194106985004
0.611077325570 0.221883319338 0.191702338852
0.611635052213 0.221327278348 0.190109818416
0.612280529871 0.220739731579 0.191174962058
0.612604850799 0.220577128573 0.191174962058
0.612638931149 0.220798004656 0.191174962058
0.612410666364 0.221364979143 0.189664606623
0.612059842549 0.221736289076 0.189664606623
0.611598034470 0.221930640515 0.191702338852
0.611467865738 0.221490353817 0.190109818416
0.611494907360 0.221006398858 0.190109818416
0.611664196100 0.220482795687 0.189571955204
0.611819079068 0.220421008128 0.189571955204
0.611960963673 0.220775628441 0.191174962058
0.611824581979 0.221467785434 0.190109818416
0.611847916026 0.222005100204 0.191702338852
0.612160286329 0.221866855134 0.189052335749
0.612423023958 0.221045874926 0.189664606623
0.612511221637 0.220163188068 0.191174962058
0.612323287649 0.219741259765 0.193480283220
0.611784519542 0.220187351059 0.189571955204
