0.761672408715 0.361668546862 0.561381601701
0.762455612712 0.357524295742 0.548922318084
0.765698990660 0.353031366350 0.489429274893
0.769563264976 0.348766436425 0.437959754933
0.773449910874 0.344271434279 0.391015763017
0.777532602131 0.339725889530 0.318221263735
0.781896496418 0.335022410714 0.270317190934
0.786112111659 0.330711082354 0.251343254447
0.790526138839 0.326595365947 0.197084646150
0.795145545881 0.322343660868 0.137675428067
0.799652597740 0.318145872881 0.155447905165
0.801676578229 0.314998797260 0.237513739145
0.801453463037 0.313390028543 0.247637087907
0.799957770190 0.313043385248 0.256938296933
0.797604980983 0.313716789008 0.207790123129
0.794694476103 0.315111138150 0.169066241908
0.791492868858 0.316894940114 0.139612982111
0.788369352617 0.318707487606 0.137363398752
0.785733940919 0.320270433086 0.157358952304
0.783884554484 0.321397610512 0.174734484167
0.782814986230 0.322075510301 0.189480873051
0.782436833698 0.322352776538 0.189480873051
0.782665058391 0.322267440024 0.189480873051
0.783426536097 0.321853413782 0.174734484167
0.784650747825 0.321136101068 0.170890482407
0.786277125311 0.320150623204 0.154181020947
0.788178510419 0.318982231817 0.137363398752
0.790089110588 0.317831091656 0.135638651536
0.791792125325 0.316850985875 0.139612982111
0.793119797056 0.316173360067 0.145243774970
0.793974326814 0.315872508930 0.157917953956
0.794212755112 0.316089249961 0.157917953956
0.793901475139 0.316770055219 0.148911987144
0.793210258028 0.317755328401 0.139805343880
0.792358448759 0.318848352301 0.136099437272
0.791545523479 0.319881602084 0.137456269477
0.790947580010 0.320716947563 0.141093465547
0.790654204856 0.321267011455 0.149772733584
0.790781487642 0.321447956139 0.149772733584
0.791290082354 0.321292626553 0.146569393905
0.792095893566 0.320840501457 0.139047134830
0.793022706953 0.320236937354 0.137235242998
0.793996378686 0.319519201795 0.135652840785
0.794824566358 0.318861457382 0.139344406349
0.795310781024 0.318452240318 0.139344406349
0.795484961858 0.318270415698 0.139344406349
0.795374349381 0.318296718702 0.139344406349
0.795003727676 0.318513590221 0.139344406349
0.794395644800 0.318905026936 0.137776783066
0.793651871415 0.319400854211 0.135899722806
0.792993354516 0.319803943941 0.135899722806
0.792412559569 0.320122269976 0.139047134830
0.792099354341 0.320198012720 0.139047134830
0.792030455399 0.320052155680 0.139047134830
0.792184673346 0.319703796780 0.136514814308
0.792418128377 0.319299119743 0.136514814308
0.792724286479 0.318842604067 0.136099437272
0.792957944331 0.318473982330 0.136710565124
0.793046717806 0.318235478869 0.136710565124
0.793003051214 0.318115862909 0.136710565124
0.792838271057 0.318104911290 0.136710565124
0.792562685075 0.318193319373 0.136099437272
0.792266599018 0.318321214753 0.136099437272
0.791951577468 0.318485301488 0.136099437272
0.791619045223 0.318682580097 0.135896149568
0.791348242145 0.318863243502 0.135896149568
0.791133689531 0.319028832693 0.135896149568
0.790970405735 0.319180748515 0.137456269477
0.791003443482 0.319181964427 0.137456269477
0.791215479734 0.319045675615 0.135896149568
0.791439613359 0.318923909314 0.135896149568
0.791674924270 0.318815331948 0.135896149568
0.791920575639 0.318718732024 0.136099437272
0.792093308758 0.318682896459 0.136099437272
0.792199601782 0.318702487400 0.136099437272
0.792245338220 0.318772656673 0.136099437272
0.792235860929 0.318889001312 0.136099437272
0.792176021290 0.319047523077 0.136099437272
0.792070223978 0.319244591582 0.136514814308
0.792085884067 0.319317396997 0.136514814308
0.792212218125 0.319277010195 0.136514814308
0.792439441598 0.319133476573 0.136514814308
0.792758677037 0.318895910244 0.136099437272
0.792994576714 0.318735909378 0.136710565124
0.793060417781 0.318706341530 0.136710565124
0.792971517178 0.318795517460 0.136710565124
0.792741762002 0.318992836992 0.136099437272
0.792479362782 0.319227891402 0.136514814308
0.792359351343 0.319329197022 0.136514814308
0.792368860031 0.319308828025 0.136514814308
0.792496225042 0.319177729321 0.136514814308
0.792730874520 0.318945821485 0.136099437272
0.792887326220 0.318793936368 0.136710565124
0.792873692037 0.318777728853 0.136710565124
0.792705426819 0.318884910119 0.136099437272
0.792496379037 0.319040824019 0.136099437272
0.792250132670 0.319241143867 0.136514814308
0.792150607511 0.319305400878 0.136514814308
0.792184422741 0.319245984125 0.136514814308
0.792339458941 0.319074115152 0.136514814308
0.792604739786 0.318799957457 0.136099437272
0.792786176778 0.318612705558 0.136099437272
0.792891463242 0.318504384665 0.136710565124
0.792823479253 0.318533972857 0.136710565124
0.792598109038 0.318688870950 0.136099437272
0.792334613116 0.318890909499 0.136099437272
0.792036353722 0.319135877781 0.136514814308
0.791896022634 0.319234550527 0.136514814308
0.791899072230 0.319200383306 0.136514814308
0.792032335681 0.319045554969 0.136099437272
0.792091776961 0.318968954560 0.136099437272
0.792084177035 0.318963389983 0.136099437272
0.792015673589 0.319022351483 0.136099437272
0.791891821819 0.319139947157 0.136514814308
0.791913402600 0.319119434219 0.136514814308
0.792067004202 0.318973541018 0.136099437272
0.792143138936 0.318906782031 0.136099437272
0.792148959340 0.318911854256 0.136099437272
0.792090937235 0.318982149745 0.136099437272
0.791974928298 0.319111689681 0.136514814308
0.792007139307 0.319098601262 0.136514814308
0.792173846557 0.318956088667 0.136099437272
0.792260172103 0.318894103341 0.136099437272
0.792273569515 0.318905186595 0.136099437272
0.792220780989 0.318982591611 0.136099437272
0.792107905037 0.319120215700 0.136514814308
0.792146405373 0.319111138165 0.136514814308
0.792322213592 0.318968994193 0.136099437272
0.792415145785 0.318909019130 0.136099437272
0.792432915363 0.318923576161 0.136099437272
0.792382497706 0.319005759173 0.136099437272
0.792270200594 0.319149323026 0.136514814308
0.792312605338 0.319142389438 0.136514814308
0.792495284796 0.318998996046 0.136099437272
0.792592842756 0.318939531841 0.136099437272
0.792613227661 0.318956171632 0.136099437272
0.792563625723 0.319041840644 0.136099437272
0.792450533846 0.319190142721 0.136514814308
0.792495530894 0.319184333956 0.136514814308
0.792683827000 0.319038835142 0.136099437272
0.792784909487 0.318979074135 0.136099437272
0.792806946214 0.318997033700 0.136710565124
0.792634967698 0.319163331341 0.136514814308
0.792629408494 0.319171241012 0.136514814308
0.792774644859 0.319035624120 0.136099437272
0.792835605516 0.318986077695 0.136710565124
0.792696154033 0.319093500039 0.136514814308
0.792722005008 0.319046268126 0.136099437272
0.792674423573 0.319077308061 0.136514814308
0.792784271557 0.318960110570 0.136099437272
0.792812070007 0.318928465221 0.136710565124
0.792639414874 0.319054648437 0.136099437272
0.792411611514 0.319243305139 0.136514814308
0.792360769383 0.319266460233 0.136514814308
0.792470189585 0.319139714754 0.136514814308
0.792724787486 0.318877162052 0.136099437272
0.792881896725 0.318715737863 0.136710565124
0.792822123213 0.318727806487 0.136710565124
0.792566018208 0.318896986574 0.136099437272
0.792261291864 0.319126144922 0.136514814308
0.792144442552 0.319182525810 0.136514814308
0.792197676359 0.319082469252 0.136514814308
0.792404922557 0.318840733366 0.136099437272
0.792517675603 0.318699808655 0.136099437272
0.792544866755 0.318650159472 0.136099437272
0.792494563725 0.318683172222 0.136099437272
0.792374054047 0.318791066337 0.136099437272
0.792189920421 0.318966813826 0.136099437272
0.791948108796 0.319204066576 0.136514814308
0.791892592972 0.319263429049 0.136514814308
0.792005690216 0.319161777779 0.136514814308
0.792271433615 0.318914352165 0.136099437272
0.792434888218 0.318770491719 0.136099437272
0.792505761623 0.318720372696 0.136099437272
0.792492820997 0.318755123080 0.136099437272
0.792403984054 0.318866730499 0.136099437272
0.792246401259 0.319047959031 0.136099437272
0.792026530090 0.319292274054 0.136514814308
0.791995241373 0.319353789659 0.136514814308
0.792134591206 0.319249896907 0.136514814308
0.792428379956 0.318996296794 0.136099437272
0.792615085345 0.318849010622 0.136099437272
0.792704899893 0.318797928261 0.136099437272
0.792707027022 0.318833920717 0.136099437272
0.792629776926 0.318948745030 0.136099437272
0.792480653167 0.319134958368 0.136514814308
0.792517033725 0.319140386777 0.136514814308
0.792721243390 0.318982255124 0.136099437272
0.792825516983 0.318922776764 0.136710565124
0.792698098044 0.319042605815 0.136099437272
0.792502649439 0.319234444167 0.136514814308
0.792499491973 0.319242751295 0.136514814308
0.792670269597 0.319085037689 0.136514814308
0.792998414591 0.318777108369 0.136710565124
0.793070120551 0.318675034580 0.136710565124
0.792910003719 0.318759125727 0.136710565124
0.792540276043 0.319011610621 0.136099437272
0.792124788834 0.319324650448 0.136514814308
0.791926082062 0.319439358855 0.136514814308
0.791923381962 0.319374715573 0.136514814308
