0.771664757903 0.495001153915 0.690553175351
0.775863625442 0.490267414278 0.682074235285
0.779574223731 0.485675161334 0.667282963471
0.783625552341 0.480948015761 0.649003963768
0.787495576870 0.476147362823 0.633815122655
0.791106209615 0.471279000421 0.620851036137
0.794220229116 0.466472725561 0.614351289856
0.797368917597 0.461821640198 0.605080208845
0.800717934659 0.457299116454 0.595822346079
0.803856874110 0.452797747615 0.590740719111
0.806050817830 0.448471189478 0.598492661254
0.806241575299 0.445648694203 0.604629371192
0.805584695528 0.444840134708 0.605881106446
0.804473228182 0.445487074080 0.594876789221
0.803593327213 0.446774200278 0.594833265442
0.802653190960 0.448414747639 0.592901223751
0.801890900912 0.450076323720 0.593361193226
0.801357303734 0.451438189360 0.595230878261
0.800994406613 0.452359863710 0.595393834098
0.800727868279 0.452865228195 0.595393834098
0.800549481404 0.452994558035 0.597263078425
0.800470037611 0.452766470330 0.597263078425
0.800481506268 0.452214893785 0.597060985439
0.800647498931 0.451366392235 0.595230878261
0.800927949461 0.450286455505 0.594489448338
0.801502358225 0.449044703058 0.593852481704
0.802453306480 0.447685632263 0.592446012879
0.803688561308 0.446433030302 0.594980343570
0.804799631344 0.445967318577 0.599161599861
0.805372964628 0.446426774107 0.599161599861
0.805461643767 0.447663617512 0.600831725881
0.804303557665 0.449466787814 0.593171556436
0.802834642748 0.451220402113 0.592692441746
0.801355385963 0.452710727535 0.595393834098
0.800072593928 0.453743852364 0.597368083791
0.798946542431 0.454348111981 0.599246562609
0.797923537415 0.454582565151 0.600982177668
0.796936833342 0.454492726961 0.602664135577
0.795905810751 0.454112844628 0.604765727674
0.794690232117 0.453435428365 0.608618160178
0.793117437571 0.452457017251 0.611687185221
0.791110435009 0.451163576940 0.618593119055
0.788718193326 0.449560418663 0.626222042829
0.786361615927 0.447717624168 0.629615656199
0.784625272697 0.445755851084 0.630440727311
0.783884889420 0.443710233564 0.629120183643
0.783994581021 0.441582311284 0.626264647952
0.784394737083 0.439460911443 0.625221426562
0.784690499089 0.437452051385 0.625867890080
0.784667798183 0.435534443357 0.627016015622
0.784289439933 0.433659025468 0.628088775868
0.783695580400 0.431754116069 0.630070556834
0.783008111311 0.429726303725 0.632130806794
0.782391934499 0.427488854440 0.631618660678
0.782133058215 0.424990241361 0.629314487492
0.782498464717 0.422184917270 0.627213004302
0.783480709457 0.419097996051 0.620487205096
0.784797627413 0.415765265675 0.616126464260
0.786189309383 0.412222231011 0.609185200742
0.787697133674 0.408462366571 0.602535256880
0.789919465215 0.404511559574 0.583930524668
0.793073210678 0.400174502338 0.562243531446
0.796235958728 0.395355230125 0.554294554337
0.797101009957 0.390244734879 0.563385594729
0.797638385566 0.385016052955 0.531931234132
0.801227452062 0.379990352035 0.457603070329
0.806402006542 0.374996949141 0.347178950993
0.812589621144 0.369245679048 0.244918978462
0.819012667636 0.364177418074 0.214931755755
0.825884376235 0.359387375117 0.171723224057
0.832357716136 0.355079015989 0.149002732675
0.838823461974 0.350180885497 0.074814668837
0.844975540896 0.345937114550 0.122376147227
0.850078771153 0.343898048785 0.173296414555
0.854360144858 0.343439118163 0.223449259677
0.858087612231 0.344812767731 0.287706785550
0.861655030893 0.348161048089 0.359330960708
0.865401751858 0.352985821679 0.440202843378
0.868321500514 0.358497912706 0.412281489967
0.868644353734 0.364063339328 0.313398569508
0.866990689242 0.369870813972 0.229439065337
0.864607070860 0.376202310361 0.178479775486
0.862913538818 0.382596204200 0.202383928789
0.861418556185 0.387629967763 0.206955732709
0.859464387389 0.391416216651 0.197050669796
0.857124567684 0.394435190321 0.194427822844
0.854875601820 0.396916969847 0.204295790381
0.853221211781 0.399002591700 0.214267697443
0.852374375380 0.400777265908 0.220997626303
0.852328658668 0.402284904208 0.234012215730
0.853116339279 0.403571016908 0.240257380092
0.854651692120 0.404659099601 0.246287589424
0.856804665576 0.405547091014 0.249825033796
0.859353921932 0.406204816114 0.248699446387
0.861933160401 0.406643258306 0.245948536134
0.864151073484 0.407002132975 0.247111285552
0.865859907371 0.407481506069 0.252425541719
0.866938026084 0.408269547947 0.251954466918
0.867360461770 0.409372389895 0.247431336880
0.867226575951 0.410722065015 0.240012398631
0.866764463015 0.412256878695 0.237650012601
0.866131314605 0.413953390586 0.233936085226
0.865641420054 0.415669007494 0.236928052669
0.865603555412 0.417246535700 0.240902167965
0.866113247796 0.418679283268 0.251863916946
0.867267025699 0.420017833122 0.258197505462
0.868961884835 0.421290910335 0.267996740807
0.870883422149 0.422412581989 0.268815082826
0.872640403573 0.423360359051 0.265909866916
0.873863799748 0.424149704030 0.261328322721
0.874439106359 0.424769096346 0.261328322721
0.874431686100 0.425234370277 0.257031819705
0.873931069298 0.425437225618 0.257031819705
0.872986473333 0.425402173043 0.259792817803
0.871790137284 0.425022001030 0.265313542963
0.870504812528 0.424373677990 0.272520321502
0.869490408490 0.423362555227 0.274088447883
0.868912281488 0.422136706523 0.267996740807
0.868792728957 0.420997594043 0.264566588422
0.869114199834 0.420069467351 0.260957467858
0.869848651530 0.419452198768 0.263374157059
0.870826481293 0.419183053406 0.264677156870
0.871937618503 0.419388189362 0.269841755811
0.872998357909 0.419962013485 0.273661325205
0.873897501675 0.420898342363 0.275934343064
0.874433658627 0.422094185897 0.273254759475
0.874531709053 0.423428858326 0.266422483620
0.873965299730 0.424765018068 0.261328322721
0.872913767957 0.425872873347 0.259792817803
0.871610274191 0.426508764476 0.262390188803
0.870304906855 0.426466852237 0.275034126178
0.869301617013 0.425711630202 0.279282178686
0.868704994297 0.424436209203 0.276765000616
0.868489819599 0.422823155386 0.272995591971
0.868839173347 0.421153766886 0.264566588422
0.869596465719 0.419749632748 0.260957467858
0.870737079191 0.418708439798 0.264677156870
0.872001159808 0.418227958771 0.267851665126
0.873322751662 0.418366736463 0.273763942344
0.874549725365 0.419003465333 0.283142272200
0.875548218621 0.420064156331 0.285748872747
0.876157515297 0.421438166947 0.278880661674
0.876129119232 0.423020587622 0.273881596892
0.875415851548 0.424742889614 0.261006988732
0.874085741018 0.426331132155 0.253191755657
0.872447601361 0.427404696144 0.261718829632
0.870933710072 0.427618417560 0.268952562249
0.869667487306 0.426997488464 0.275034126178
0.868704478776 0.425719639617 0.279282178686
0.868152223738 0.423971482289 0.277202967478
0.868176090476 0.422051000013 0.268537891774
0.868780580717 0.420232252624 0.260957467858
0.869792982796 0.418817821891 0.260691538368
0.871058490795 0.417946474569 0.262693095112
0.872466130647 0.417704599418 0.267851665126
0.873920790101 0.418059332074 0.278493598215
0.875283104164 0.418942586935 0.283142272200
0.876401104677 0.420226047654 0.285748872747
0.877111948239 0.421801341673 0.282165722595
0.877129364021 0.423587704776 0.270762479970
0.876316626783 0.425533241528 0.255740759393
0.874810622898 0.427388306275 0.246676574466
0.873010676416 0.428776783320 0.254540796778
0.871363929098 0.429276724850 0.272132386540
0.870200269186 0.428744127476 0.278629351627
0.869447137275 0.427356006127 0.284289288812
0.869107985846 0.425308132382 0.279282178686
0.869123000040 0.422874136016 0.271176619457
0.869532218252 0.420502671802 0.264566588422
0.870360500032 0.418465000984 0.260691538368
0.871465814798 0.417026827309 0.260608696404
0.872731550070 0.416328763392 0.270847555706
0.874043109874 0.416351525796 0.277837167687
0.875343864714 0.416965857141 0.283207929830
0.876601427982 0.418064850633 0.292164520465
0.877688669757 0.419442252673 0.292729847299
0.878351385474 0.421005499342 0.289741843950
0.878474169519 0.422757459887 0.284129446668
0.877882543538 0.424750481240 0.267570033956
0.876457955918 0.426972646590 0.249964552596
0.874472395828 0.428997560045 0.248096518626
0.872748932323 0.430149094381 0.257103919187
0.871565953916 0.430300955755 0.275127134774
0.870961791973 0.429439199142 0.272132386540
0.870744555804 0.427718994854 0.268952562249
0.870653188052 0.425393508391 0.268429862682
0.870554820959 0.422772209026 0.269750661532
0.870682119339 0.420281409355 0.267648607790
0.870935942190 0.418253577923 0.262693095112
0.871440694112 0.416952791841 0.260608696404
0.872170704953 0.416365507842 0.266309300284
0.873045243579 0.416443954387 0.272129938621
0.873997982240 0.417120182530 0.277837167687
0.874977464662 0.418309566459 0.283142272200
0.875744748842 0.419851237713 0.285748872747
0.876127053509 0.421644055838 0.278880661674
0.875859387825 0.423591562762 0.268123640982
0.874809386878 0.425576796534 0.255628298549
0.873167637077 0.427298448466 0.255330475631
0.871502578937 0.428234191599 0.270116372034
