0.904950733962 0.095013767426 0.507228316300
0.901400871806 0.091051514099 0.513408543475
0.897451894322 0.093173871878 0.504913143739
0.893475343766 0.096558305840 0.498077719084
0.891442816840 0.100402212946 0.502166093231
0.891402809586 0.104267369390 0.507157060469
0.891883867508 0.107864757510 0.507717066947
0.892157701672 0.111018468256 0.506603798127
0.892466439488 0.113651887921 0.507778123601
0.893572611358 0.115720377443 0.511494813593
0.895878422715 0.117472358814 0.519453480012
0.899054698946 0.119229772900 0.533427244319
0.902727658692 0.120739189051 0.550972689592
0.906736259767 0.120697432885 0.540449980158
0.911102049355 0.118896217981 0.509703984367
0.915610003775 0.116209738044 0.487731095260
0.919871478731 0.113241731528 0.484321825123
0.923587208666 0.110448371587 0.490656804693
0.926688644519 0.108085220259 0.495370763257
0.929345927371 0.106067909835 0.497320356210
0.931743796984 0.104274124199 0.497337154437
0.933942943421 0.102683909617 0.498359609117
0.935881135208 0.101441035237 0.500183697087
0.937503784479 0.100558408256 0.502075956708
0.938777489472 0.100008635536 0.504722323479
0.939679670561 0.099634727637 0.504722323479
0.940242964150 0.099422243544 0.504889934822
0.940494289041 0.099255617289 0.504889934822
0.940460569674 0.099131100567 0.506955750906
0.940145090666 0.099043187722 0.506955750906
0.939572131708 0.098988939298 0.506786035033
0.938761822180 0.099079612798 0.506786035033
0.937734323711 0.099303687233 0.503802409182
0.936543936468 0.099817899395 0.503126343196
0.935211831321 0.100648046620 0.500806858166
0.933808459766 0.101744907223 0.498528165452
0.932421834106 0.102986267070 0.497606829833
0.931112727211 0.104256940731 0.497337154437
0.929940374443 0.105463256243 0.497400876484
0.928870947272 0.106535503972 0.497265041675
0.927848757974 0.107519357428 0.496636129384
0.926801291705 0.108492124346 0.495370763257
0.925654529368 0.109537892455 0.493472670219
0.924349321607 0.110720329505 0.491096053010
0.922854985598 0.112060525153 0.486084605668
0.921204208539 0.113447729306 0.484162892672
0.919494008697 0.114661784177 0.483359770786
0.917833763544 0.115538188244 0.484474432870
0.916380698078 0.115814157046 0.486380978304
0.915270273440 0.115344512618 0.487884594520
0.914414699426 0.114166507803 0.487312142665
0.913671154374 0.112458564029 0.489113753082
0.912860618692 0.110358031574 0.492364260964
0.911899663020 0.107989603791 0.495962420389
0.910798388405 0.105502536438 0.499839934650
0.909650684760 0.103204133690 0.501049364278
0.908535082717 0.101252242252 0.500976606495
0.907498808751 0.099643177760 0.501200849366
0.906480402334 0.098345429411 0.501575048101
0.905427401238 0.097253806599 0.503709366476
0.904218453961 0.096267725601 0.505369177455
0.902812056944 0.095352344385 0.505391296903
0.901231100463 0.094521177815 0.506860592054
0.899493306833 0.093994950450 0.506976282755
0.897677356675 0.094189187491 0.504139199969
0.895891835782 0.095332946110 0.500286132092
0.894303184988 0.097165824510 0.499385716838
0.892994690039 0.099509727031 0.501211353418
0.892106122100 0.102042598564 0.504297583124
0.891560832961 0.104582649272 0.507157060469
0.891186322381 0.107032687917 0.507717066947
0.890811098667 0.109242423945 0.507463774553
0.890439640542 0.110998776901 0.507479274110
0.890155923866 0.112173439532 0.507968664611
0.890035935569 0.112757433347 0.508931394780
0.890084284285 0.112642049209 0.507968664611
0.890266775801 0.112066001129 0.507968664611
0.890571593636 0.111074752301 0.507479274110
0.890902334764 0.109771153575 0.507463774553
0.891169138362 0.108347198611 0.507456727754
0.891349820785 0.106986940919 0.507806777136
0.891518902935 0.105800092028 0.507638423064
0.891735636024 0.104825642717 0.507157060469
0.892061918541 0.104099153939 0.507380457737
0.892473373508 0.103552283920 0.506643747549
0.893027579037 0.103205994386 0.506831182760
0.893700289907 0.102969723790 0.505858879322
0.894533635409 0.102870218612 0.505972684838
0.895499090524 0.102804554517 0.505938219319
0.896574145153 0.102678257756 0.505758252204
0.897741240397 0.102408699345 0.505442422889
0.898986457251 0.101928776655 0.503669095179
0.900269098989 0.101170639204 0.503125007901
0.901571371625 0.100133368131 0.501938338357
0.902743762189 0.098962449074 0.501696903047
0.903668708115 0.097780882971 0.502539999564
0.904279522513 0.096633714589 0.503731051701
0.904513827471 0.095566616987 0.505369177455
0.904339111237 0.094578392797 0.507279845146
0.903746698345 0.093665499265 0.509357793307
0.902754696489 0.092828508141 0.511372190424
0.901422297501 0.092205954508 0.512088177852
0.899892866592 0.092258779365 0.510973843245
0.898229857249 0.093140336155 0.506763878936
0.896503292540 0.095001171791 0.501908073275
0.894862854129 0.097646690854 0.500219404900
0.893587501046 0.100618051431 0.503307197226
0.892746191493 0.103567159503 0.506643747549
0.892184970097 0.106387628508 0.507893838510
0.891668607661 0.108998111751 0.507141457339
0.891134763708 0.111214848256 0.506909594421
0.890690233676 0.112940418786 0.508966091806
0.890581433212 0.113925634914 0.510592571334
0.890930467366 0.114228934038 0.510592571334
0.891692344384 0.113920500155 0.509822089826
0.892825260944 0.113247328785 0.507778123601
0.894119008892 0.112442398806 0.506854252188
0.895393576668 0.111811667251 0.506871804470
0.896541646569 0.111412945764 0.507150327343
0.897575951470 0.111231576379 0.507402802571
0.898510555807 0.111206936014 0.507558718616
0.899359556715 0.111240615011 0.507556624744
0.900135903177 0.111206886960 0.507348560312
0.900850378265 0.110965028709 0.506903171038
0.901510775330 0.110373198247 0.506913836074
0.902094613007 0.109458994329 0.506256778966
0.902619792502 0.108104355654 0.506204299382
0.903125021549 0.106354952657 0.504729196070
0.903696805868 0.104214096028 0.502769771800
0.904363949274 0.101836781759 0.501118470800
0.905046378680 0.099467769906 0.500948691888
0.905574439393 0.097308358237 0.502417061620
0.905781247657 0.095372086425 0.505331726084
0.905550489088 0.093637499599 0.509293178654
0.904828713409 0.092001395721 0.513467733121
0.903698667372 0.090448287467 0.516679788481
0.902390643107 0.089252179979 0.515922220176
0.901164412632 0.088987065162 0.514531077957
0.900070583430 0.089794624186 0.512720057383
0.898993361225 0.091634674843 0.509505107594
0.897758966905 0.094322454854 0.504139199969
0.896451051286 0.097778152799 0.501804620667
0.895354922258 0.101282383261 0.504908792086
0.894633105249 0.104424933302 0.507572569424
0.894116421815 0.107263881127 0.507929060302
0.893585613336 0.109904034404 0.507031521197
0.893000262179 0.112348443117 0.506782921471
0.892599265625 0.114543523644 0.509340264441
0.892733295701 0.116301604886 0.515008734589
0.893796597166 0.117699850211 0.519177496616
0.895938800457 0.118972287912 0.532619318218
0.899609702670 0.120458848450 0.542590192023
0.904880952957 0.121865645540 0.559435791160
0.911822992261 0.121250601314 0.520624975492
0.919433148932 0.118379578429 0.485884880026
0.926672939819 0.115060058928 0.482816467740
0.932927503073 0.112358718416 0.493978144687
0.938220962139 0.110189444717 0.495774397140
0.942822285295 0.107777002931 0.492697270525
0.946798791157 0.104926823800 0.491887508577
0.950107609683 0.101792102092 0.493837824898
0.952765215172 0.098462684935 0.496364567250
0.954867256899 0.095065018315 0.500010418128
0.956579942690 0.091633060128 0.501321711529
0.957970685311 0.088256336674 0.505158432092
0.958948736628 0.085153762689 0.510596041917
0.959416041325 0.082527912247 0.517872726843
0.959375898364 0.080425518975 0.522366241493
0.958928539945 0.078801729925 0.523826681346
0.958156610868 0.077679914512 0.526401691647
0.957206404069 0.077034919966 0.526401691647
0.956094783462 0.076820241921 0.526363973288
0.954882415838 0.076933810224 0.524626139375
0.953510926290 0.077310426103 0.524238146538
0.951986730586 0.077830087992 0.522432983138
0.950288337477 0.078258569030 0.522968925046
0.948428434214 0.078374325276 0.524174134014
0.946411484039 0.078049218807 0.525730661573
0.944232611372 0.077280376604 0.529305689379
0.941835399893 0.076129433025 0.533038212869
0.939173578687 0.074747475919 0.539102384802
0.936276007771 0.073557549152 0.539673332083
0.933289983090 0.073089286471 0.535629946022
0.930308625182 0.073649990510 0.529981276312
0.927423044895 0.075355612117 0.522775512098
0.924759259988 0.077828306502 0.520960966698
0.922565416227 0.080265473567 0.523303736651
0.920847237282 0.082377587599 0.525741299565
0.919437633097 0.084222101612 0.526163297723
0.918106621145 0.085960990328 0.523981582259
0.916653378919 0.087786857253 0.520468581783
0.914987960465 0.089708493187 0.516099398225
0.913126416052 0.091627931408 0.512324014550
0.911124795930 0.093445813044 0.509042660287
0.909019316129 0.095177687913 0.507238050683
0.906796914850 0.096821081148 0.503898200498
0.904513309781 0.098419090646 0.501544453094
0.902308633884 0.099798003607 0.501578270037
0.900290434585 0.100836947579 0.502569872922
0.898557464835 0.101489685256 0.504150729198
