0.895000761400 0.371664314624 0.227345734067
0.890206706944 0.376637087489 0.183040906538
0.885338404124 0.381296934889 0.126846239441
0.880405614530 0.386075202075 0.101202234531
0.876877693316 0.389375196227 0.155201792710
0.877255392232 0.390846443845 0.172922809149
0.879216818505 0.391001683869 0.162263896008
0.882014802706 0.389871991844 0.127726948918
0.885199930604 0.387908156877 0.101160591462
0.888247225997 0.385974504188 0.112497085151
0.890629550513 0.385197692722 0.130621712740
0.892289516908 0.385587860481 0.137960613136
0.893322858971 0.386877089402 0.138592745918
0.893842077922 0.388854554660 0.128096579527
0.894041648342 0.391337817979 0.127912586453
0.894230039373 0.394156130745 0.136649155347
0.894773193747 0.397015020144 0.161621863704
0.895918264166 0.399473458231 0.177722953344
0.897513209426 0.401302289408 0.190994112663
0.899451089447 0.402194413616 0.184755273646
0.901533952691 0.402216392851 0.172797601470
0.903584024291 0.401696079328 0.165835507196
0.905426399124 0.401119877814 0.167088369222
0.906958247965 0.400846369545 0.174816654932
0.908132652134 0.401200231341 0.180983180416
0.908961434465 0.402243621942 0.184549440136
0.909451769432 0.403968495295 0.176341443041
0.909625971082 0.406208324881 0.174909467869
0.909483192076 0.408894731880 0.159216669581
0.909205370548 0.411594553776 0.155858292162
0.908954911771 0.413943874371 0.157486505410
0.908833708288 0.415719360778 0.161916643346
0.908917072594 0.416759741280 0.164955073314
0.909219507448 0.417063476176 0.164955073314
0.909722925261 0.416717291735 0.159202163241
0.910354135858 0.415893704291 0.157044529143
0.911061452048 0.414730679363 0.153061391097
0.911705515810 0.413501426744 0.153741907583
0.912138707458 0.412487715267 0.156256263406
0.912313930439 0.411797604808 0.159617156026
0.912192112976 0.411528696826 0.159617156026
0.911799010350 0.411642500999 0.159617156026
0.911158051520 0.412104130658 0.156849185134
0.910383622049 0.412735005697 0.154749679766
0.909647445346 0.413226921600 0.154749679766
0.908945827171 0.413591598507 0.157486505410
0.908431189987 0.413553638205 0.161601796794
0.908170269978 0.413013076557 0.159321813495
0.908089230143 0.412124268344 0.157729404420
0.908114807891 0.411033274153 0.156879032474
0.908176301980 0.409879357951 0.156793812223
0.908207712960 0.408794763843 0.157465009215
0.908149927769 0.407902667451 0.158853468851
0.907952764674 0.407313541664 0.160892789728
0.907576651770 0.407120643222 0.158834018585
0.907123429176 0.407064137664 0.158834018585
0.906599328709 0.407132422538 0.158827206306
0.906096948746 0.407074097039 0.158827206306
0.905614115785 0.406899917986 0.160939900901
0.905233511808 0.406374668081 0.160613598198
0.904888520916 0.405639117800 0.160915337220
0.904521850149 0.404822856083 0.163243389730
0.904222793519 0.403688438768 0.163554749912
0.903892528933 0.402499004319 0.164418274100
0.903495146818 0.401377811188 0.165835507196
0.903099228997 0.400248875008 0.166391744935
0.902673124993 0.399245495916 0.166578633680
0.902295028641 0.398357726530 0.166663990435
0.901927936039 0.397717614513 0.167086674054
0.901539341283 0.397432319478 0.164983753553
0.901233049599 0.397404575917 0.164983753553
0.901001722046 0.397611266836 0.164983753553
0.900838690758 0.398031416709 0.165693422324
0.900782767732 0.398491839190 0.165693422324
0.900824517497 0.398989258501 0.166852936160
0.900999050561 0.399349327776 0.166852936160
0.901294690371 0.399584341348 0.166852936160
0.901700837823 0.399705460280 0.166852936160
0.902207872680 0.399722815767 0.166578633680
0.902676199014 0.399762370155 0.166578633680
0.903109486090 0.399822184821 0.166391744935
0.903427657442 0.399898875019 0.166391744935
0.903641098259 0.399990986866 0.166391744935
0.903759230147 0.400097200914 0.167226147460
0.903688736953 0.400399626881 0.166391744935
0.903548921250 0.400696521855 0.166391744935
0.903345903282 0.400988529710 0.165835507196
0.903121107711 0.401123827279 0.165835507196
0.902876368267 0.401116580283 0.165835507196
0.902613348262 0.400979629550 0.167481538770
0.902464689027 0.400528703294 0.166846316775
0.902379187799 0.399972207081 0.166846316775
0.902351131007 0.399319464267 0.166578633680
0.902335521695 0.398754479673 0.166663990435
0.902292895978 0.398434518319 0.166663990435
0.902225666793 0.398337035481 0.166663990435
0.902136020873 0.398441616596 0.166663990435
0.902025939844 0.398729777043 0.166663990435
0.901897219367 0.399184780563 0.166578633680
0.901790863424 0.399622956786 0.166578633680
0.901704799681 0.400046027385 0.168441911136
0.901833740753 0.400115977998 0.166846316775
0.902002364411 0.400022733312 0.166846316775
0.902207138909 0.399781216852 0.166578633680
0.902402723290 0.399589877357 0.166578633680
0.902590038639 0.399444067556 0.166578633680
0.902769918729 0.399339579481 0.167260831142
0.902812772194 0.399428587065 0.167260831142
0.902731178663 0.399693250823 0.167260831142
0.902536524401 0.400117429144 0.166846316775
0.902414530999 0.400338532606 0.166846316775
0.902358499878 0.400375388661 0.166846316775
0.902362367936 0.400245031693 0.166846316775
0.902420647502 0.399962873176 0.166846316775
0.902528371930 0.399542855782 0.166578633680
0.902636673219 0.399191564549 0.166578633680
0.902745542089 0.398902550978 0.167260831142
0.902718551359 0.398832807180 0.166578633680
0.902705200420 0.398798579840 0.166663990435
0.902660978887 0.398980973983 0.166578633680
0.902632151424 0.399174905228 0.166578633680
0.902617289406 0.399379386330 0.166578633680
0.902615100369 0.399593523884 0.166578633680
0.902624415074 0.399816509414 0.166846316775
0.902690333770 0.399845821632 0.166846316775
0.902807650236 0.399699525627 0.167260831142
0.902783326425 0.399765874363 0.167260831142
0.902630518052 0.400024980120 0.166846316775
0.902550859370 0.400084391380 0.166846316775
0.902537544972 0.399962788693 0.166846316775
0.902584420513 0.399677058540 0.166578633680
0.902638445596 0.399449172858 0.166578633680
0.902698977072 0.399273685824 0.166578633680
0.902765433297 0.399145673192 0.167260831142
0.902690926042 0.399234545399 0.166578633680
0.902635454336 0.399345623605 0.166578633680
0.902597230144 0.399476883538 0.166578633680
0.902574636885 0.399626494888 0.166578633680
0.902566213036 0.399792802752 0.166578633680
0.902570637297 0.399974310856 0.166846316775
0.902635881728 0.399955494747 0.166846316775
0.902756297817 0.399755189974 0.167260831142
0.902726356726 0.399784851935 0.167260831142
0.902560144373 0.400022773569 0.166846316775
0.902472135716 0.400052548832 0.166846316775
0.902454996436 0.399893799810 0.166846316775
0.902502097762 0.399564253624 0.166578633680
0.902557032159 0.399298662503 0.166578633680
0.902619085846 0.399090961645 0.166578633680
0.902687613682 0.398935670128 0.166578633680
0.902762032575 0.398827834822 0.168396519031
0.902651386097 0.399117158400 0.166578633680
0.902564058275 0.399411054330 0.166578633680
0.902497837513 0.399709188397 0.166578633680
0.902450725394 0.400011258370 0.166846316775
0.902472763984 0.400092176439 0.166846316775
0.902557470089 0.399972901208 0.166846316775
0.902698986006 0.399672360978 0.166578633680
0.902839653705 0.399434173141 0.167260831142
0.902819508757 0.399441367041 0.167260831142
0.902653730139 0.399670607751 0.166578633680
0.902517020507 0.399911124538 0.166846316775
0.902459663638 0.399932411924 0.166846316775
0.902474175016 0.399755285018 0.166578633680
0.902500398328 0.399629157429 0.166578633680
0.902537239755 0.399549192589 0.166578633680
0.902583711172 0.399511021488 0.166578633680
0.902638919945 0.399510697539 0.166578633680
0.902702059717 0.399544655801 0.166578633680
0.902772402074 0.399609676124 0.167260831142
0.902683461962 0.399898078816 0.166846316775
0.902671179299 0.399957105827 0.166846316775
0.902728314570 0.399808611868 0.166391744935
0.902670134805 0.399706948376 0.166578633680
0.902631147988 0.399650012901 0.166578633680
0.902609531445 0.399633566572 0.166578633680
0.902603639043 0.399653781107 0.166578633680
0.902611984110 0.399707199100 0.166578633680
0.902633224010 0.399790698129 0.166578633680
0.902666146206 0.399901458345 0.166846316775
0.902765775555 0.399794726660 0.167260831142
0.902698083904 0.399935572510 0.166846316775
0.902707289656 0.399854984543 0.166846316775
0.902786112311 0.399574099679 0.167260831142
0.902698290821 0.399559574704 0.166578633680
0.902633003983 0.399582382493 0.166578633680
0.902588100218 0.399638993424 0.166578633680
0.902561636770 0.399726220415 0.166578633680
0.902551859459 0.399841185712 0.166846316775
0.902614772748 0.399733296652 0.166578633680
0.902685747998 0.399672341758 0.166578633680
0.902764039786 0.399653853670 0.167260831142
0.902672057423 0.399881325987 0.166846316775
0.902661579858 0.399872750070 0.166846316775
0.902724862148 0.399650742632 0.167260831142
0.902618017881 0.399696314427 0.166578633680
0.902536011388 0.399774402461 0.166578633680
0.902476462763 0.399881938514 0.166846316775
0.902496252448 0.399762525232 0.166578633680
0.902528655050 0.399692005096 0.166578633680
