0.904997340326 0.761668971815 0.605363040447
0.909938832264 0.756842670266 0.599970219030
0.914614348282 0.755831303893 0.607549928709
0.919125536614 0.756309812666 0.610854897560
0.923277641649 0.756503653663 0.607096721500
0.926780585521 0.756099659317 0.605873186804
0.929901648711 0.755780680596 0.606844040009
0.932961399779 0.755992813054 0.612567813563
0.936440577574 0.757009834114 0.617924908226
0.940294181773 0.758392956149 0.621156373845
0.944296834008 0.759723977665 0.625842683211
0.948209253626 0.761973491693 0.647784153721
0.952190609783 0.765095293374 0.681728505029
0.953947244751 0.768779613891 0.670873520799
0.952764838753 0.772727804407 0.633856281707
0.950465964095 0.776200165542 0.617376981017
0.947626733707 0.778942977381 0.610620983978
0.944552566798 0.781045973254 0.611913332583
0.941469103088 0.782485351805 0.619891699405
0.938539998479 0.783362724435 0.623718824930
0.935668942392 0.784034447910 0.623213325612
0.932751881550 0.784819196018 0.616504805353
0.929705839993 0.785841272426 0.610238772664
0.926613017743 0.786885370481 0.610119742343
0.923688561203 0.787559343180 0.616919728198
0.921131881124 0.787646557325 0.624962300848
0.918974638543 0.787287993806 0.628913936325
0.917153228290 0.786676000849 0.630570598802
0.915593995273 0.785966246957 0.630769108696
0.914259468812 0.785204701400 0.631377479175
0.913068067714 0.784499604950 0.631309312461
0.912004909312 0.783845871178 0.631263687793
0.911061803846 0.783229535291 0.631374433541
0.910213779157 0.782641697306 0.631492704041
0.909464262866 0.782049375450 0.631713083781
0.908816220268 0.781417063002 0.631713083781
0.908261053581 0.780747374451 0.632064237247
0.907799692194 0.780003476557 0.631828779252
0.907430856311 0.779188213414 0.632575025954
0.907145031988 0.778268272333 0.632328176413
0.906937393881 0.777250274913 0.632067285177
0.906805689492 0.776135651393 0.631432629021
0.906767106286 0.774909002851 0.631000155855
0.906837017674 0.773564597122 0.630440143476
0.907038733337 0.772097117542 0.628770076373
0.907452808973 0.770493217396 0.627583908787
0.908117824970 0.768758356588 0.623296246536
0.909118693165 0.766966724226 0.618662509497
0.910481214266 0.765254327478 0.614470475872
0.912167306714 0.763793773067 0.614151972141
0.914047875168 0.762708848677 0.614926572371
0.916025335813 0.761970875663 0.615432867275
0.918046626790 0.761417838261 0.614662043085
0.920085217297 0.760840410721 0.613335571680
0.922143080606 0.760088848883 0.610328939492
0.924188496818 0.759138274205 0.607149211033
0.926192352785 0.758182923699 0.606556927652
0.928151123238 0.757411023788 0.607289963677
0.930109874350 0.756951672394 0.609785378435
0.932194748379 0.756903327632 0.612900979145
0.934507413208 0.757253148302 0.615816897489
0.937088599222 0.757893381116 0.620671755004
0.939935262972 0.758574948755 0.621156373845
0.942842545914 0.759232096525 0.624027030899
0.945714154159 0.760170000586 0.633545051594
0.948541667993 0.762141986872 0.655728851118
0.951286361461 0.765621358770 0.670116887242
0.953049463215 0.770094769452 0.658457807226
0.952705175292 0.774711966140 0.619132119734
0.951018949989 0.778455585504 0.604116278802
0.948791324586 0.781328790429 0.600511235481
0.946370134653 0.783458057277 0.605147243179
0.943972696810 0.784782246606 0.610320053820
0.941653807023 0.785359956721 0.615083642731
0.939352082021 0.785391025547 0.620039250499
0.936922382090 0.785256713659 0.620421254576
0.934264593211 0.785215943300 0.617201473826
0.931298045465 0.785503152551 0.612353098961
0.928093699807 0.786057542232 0.608301109407
0.924876791794 0.786490309543 0.613953379986
0.921997248816 0.786400516991 0.621554913903
0.919574760121 0.785788015143 0.625316893856
0.917574852541 0.784802996713 0.628023819028
0.915933966705 0.783604392756 0.629672310171
0.914581879632 0.782332061872 0.629880667352
0.913480741044 0.781031039809 0.629411147700
0.912611326127 0.779716791839 0.629433066820
0.911947753274 0.778409372435 0.629413848194
0.911467033853 0.777113802743 0.628867196867
0.911159782168 0.775808512863 0.628267284135
0.911022545676 0.774484080278 0.627607571857
0.911054630823 0.773136068696 0.626054392907
0.911280822467 0.771771320423 0.625127386942
0.911709427316 0.770403324105 0.622591531651
0.912349481602 0.769115748124 0.621428062882
0.913207379305 0.767937547361 0.620340732274
0.914244866873 0.766924686329 0.619588785368
0.915425846111 0.766105292935 0.619413193199
0.916705783458 0.765429511909 0.618670492905
0.918084677939 0.764833281653 0.618598627913
0.919560688271 0.764246141951 0.616548629482
0.921167694093 0.763543677737 0.614494352807
0.922904801160 0.762688231053 0.612664362608
0.924802341588 0.761731978545 0.610234203580
0.926840308354 0.760827848100 0.609486565634
0.928991884611 0.760193511345 0.612418592773
0.931302009794 0.760085391438 0.616751648998
0.933838349992 0.760519198763 0.621053582638
0.936655856587 0.761366272578 0.627632878025
0.939775703353 0.762305459865 0.629961125224
0.943203717826 0.763031883196 0.632195486156
0.946912543282 0.763825327476 0.644541231922
0.950629952780 0.765646974794 0.670116887242
0.953287332048 0.768898711910 0.666441364285
0.953814843544 0.772749788659 0.633255676451
0.952399851817 0.776089984990 0.612791975213
0.949935821693 0.778536400251 0.606437531863
0.947013786786 0.780250694240 0.607153451385
0.943927522294 0.781291488468 0.612965836491
0.940884546553 0.781632940374 0.620689198135
0.937960232742 0.781439172069 0.625769777860
0.935145117684 0.781047722935 0.627324688791
0.932413873360 0.780801277182 0.624138586987
0.929679690161 0.780909636439 0.619442111966
0.926897573788 0.781329131559 0.615130172624
0.924121871832 0.781769956878 0.616357222226
0.921510512173 0.781933982297 0.619071725528
0.919158008624 0.781722194823 0.624213640019
0.917153397857 0.781156314338 0.627211857232
0.915486791042 0.780355163249 0.627720456838
0.914119852974 0.779392658579 0.628814375981
0.913015592868 0.778366087549 0.628855313918
0.912145651439 0.777301572772 0.628852822615
0.911484969115 0.776208198140 0.627621735331
0.911029224807 0.775074711441 0.627607571857
0.910768289573 0.773893503490 0.626875318155
0.910701353149 0.772668244562 0.626054392907
0.910831495662 0.771408690048 0.625127386942
0.911165333025 0.770130901701 0.622893847755
0.911742653474 0.768886132175 0.621428062882
0.912532937263 0.767747928375 0.620340732274
0.913498514464 0.766775373422 0.619588785368
0.914603920889 0.765998106096 0.619030814598
0.915822906272 0.765406842864 0.618466835582
0.917140770162 0.764952975059 0.618670492905
0.918543855599 0.764558848312 0.617196875023
0.920051398697 0.764074235410 0.616548629482
0.921674291246 0.763457983612 0.613537814567
0.923433181932 0.762675895549 0.612007949659
0.925351991339 0.761847368368 0.610304179942
0.927405720028 0.761176152121 0.610525954771
0.929575782558 0.760885305907 0.614001280658
0.931897296659 0.761137665291 0.618639356160
0.934410672848 0.761951515735 0.627301769576
0.937133979811 0.763130382112 0.632872804494
0.940069802296 0.764311549856 0.635077731223
0.943248998651 0.765306958533 0.637408322253
0.946655640413 0.766330535737 0.647120530431
0.949933022432 0.768134731019 0.658047582671
0.952160988973 0.770819358496 0.648594914009
0.952545511093 0.773614731427 0.626197994367
0.951300909569 0.775795330097 0.617376981017
0.949082663449 0.777261684443 0.612297993062
0.946266167643 0.778099653041 0.617845866978
0.943016470368 0.778431153320 0.620531405378
0.939629392029 0.778260813148 0.627078039502
0.936360452625 0.777827196818 0.629471228110
0.933290557693 0.777450351182 0.627884209737
0.930414066074 0.777339747180 0.624367100831
0.927648024702 0.777553537982 0.620897202012
0.924923264123 0.777971197613 0.619315795806
0.922251212813 0.778372472315 0.618987796985
0.919697089456 0.778575495340 0.621878057716
0.917388795177 0.778468122801 0.624286964948
0.915381060884 0.778077887335 0.625942839206
0.913680546964 0.777500352629 0.627574065975
0.912279843119 0.776800573383 0.628254793427
0.911148801243 0.776015574475 0.628267284135
0.910264304721 0.775142682825 0.628324678427
0.909611130774 0.774166535597 0.627607295526
0.909190125588 0.773089950232 0.627619870638
0.909006968755 0.771889291530 0.626632914290
0.909078351617 0.770576738369 0.625455306477
0.909423847088 0.769171539186 0.622471343094
0.910110528496 0.767727702673 0.620255568802
0.911110554601 0.766355144677 0.616800353094
0.912398283619 0.765219991989 0.615744011868
0.913906911598 0.764398192631 0.616147623735
0.915536069668 0.763885777151 0.617472658721
0.917229929547 0.763522358352 0.616705948111
0.918978784986 0.763211336675 0.616130706382
0.920790670385 0.762773507632 0.614494352807
0.922695536441 0.762132068109 0.611341222257
0.924691218092 0.761329367581 0.608963409545
0.926751507203 0.760544940318 0.608275393096
0.928857821851 0.760013929801 0.610612054425
0.931068214278 0.759959040711 0.616751648998
0.933489288604 0.760499276162 0.621053582638
0.936175216438 0.761491629683 0.627632878025
0.939148231807 0.762579035139 0.630441146281
