0.904991922842 0.895006223740 0.630724348440
0.903057601423 0.890157098909 0.640653690275
0.900208064773 0.885251318108 0.642212580380
0.900613199179 0.880476667212 0.632749916912
0.902393497183 0.875735252096 0.632314581539
0.902128588167 0.871792465303 0.643982911751
0.900137041563 0.868751854385 0.653713469352
0.897345247751 0.866098643930 0.659865077889
0.894427020234 0.863944745457 0.659975705347
0.891804870405 0.862335328387 0.659511238186
0.889492788708 0.860613737573 0.661255207383
0.887354858480 0.858136996578 0.665762812550
0.885270653144 0.854895294259 0.671598381161
0.883645591495 0.851098468389 0.673448201353
0.882926956284 0.846900083511 0.668545128679
0.883102723605 0.842419564727 0.660980222632
0.883869895968 0.837776381821 0.652539956953
0.884972318254 0.833150982475 0.645528779138
0.886420521332 0.828666982117 0.638462745859
0.888083621541 0.824518864497 0.635577157053
0.889751732528 0.820718661410 0.633713939835
0.891452629589 0.817135583236 0.630252433171
0.893345932317 0.813580555710 0.624371493521
0.895318417142 0.809964650774 0.621956413050
0.896933682745 0.806466047876 0.624009050004
0.897922644373 0.803265611618 0.629770200562
0.898202565294 0.800309258645 0.634708707792
0.897830063820 0.797508644105 0.639987344343
0.896896058184 0.794896295716 0.643181550411
0.895501701939 0.792463084199 0.647140902310
0.893781451368 0.790393445654 0.648699226793
0.891798634745 0.788678008395 0.650629954425
0.889581388907 0.787088312824 0.652721840767
0.887155574407 0.785302653634 0.659295875020
0.884671677744 0.782933294849 0.664722162707
0.882439535726 0.780042430340 0.667209306937
0.880761694777 0.776773633246 0.667561699126
0.879692926654 0.773190438794 0.665425102210
0.879040484153 0.769193177427 0.666046155672
0.878566508140 0.764667968606 0.664756452469
0.878295965134 0.759622126240 0.663911386346
0.878575464488 0.754162105059 0.652039454495
0.879493736033 0.748450592857 0.639021812418
0.880886237343 0.742629771580 0.628116016118
0.882628055323 0.736721147443 0.614672136295
0.884727441828 0.730750738123 0.600660947968
0.887181833030 0.724771895653 0.585843584623
0.889874102505 0.718922699843 0.574830949876
0.892900205155 0.713356198134 0.560222376184
0.896360982022 0.708038152038 0.547222272091
0.899951236162 0.703280592301 0.546853467923
0.903426217045 0.699303130320 0.544943807797
0.907000880260 0.695516775386 0.528900032823
0.910815894747 0.691151323997 0.508384741361
0.914414715811 0.686454395047 0.503424966263
0.917760068398 0.682280516156 0.500799499383
0.921538377153 0.678664352369 0.489369368793
0.925934249428 0.675212313140 0.476258438794
0.930644379884 0.671668048772 0.464698440929
0.934640834639 0.668240861432 0.482149251314
0.935892754650 0.665994324376 0.503971814453
0.934783642740 0.665207890964 0.502537474583
0.932158576932 0.665685852796 0.487434555460
0.928598142480 0.667053991241 0.470733533702
0.924860840651 0.668874930768 0.463432099936
0.921674008848 0.670732159824 0.464937073898
0.919309524851 0.672533590561 0.468998001889
0.917841318448 0.674320666714 0.473682107223
0.917278653221 0.676169222892 0.479678448942
0.917594276184 0.678137360454 0.488315459289
0.918689357341 0.680177167867 0.495993875388
0.920341318716 0.682144044257 0.500596275037
0.922226609246 0.683711502092 0.499295969570
0.924179034062 0.684643826448 0.495876211218
0.926123142348 0.684868301574 0.491944423425
0.928069108061 0.684496488106 0.486404062752
0.930169573297 0.683644470818 0.481121490389
0.932527764506 0.682519315179 0.476873697569
0.935217179878 0.681369254106 0.474762886468
0.938298459122 0.680583465884 0.476753476105
0.941689975443 0.680487943096 0.488006746411
0.944865971397 0.681184140515 0.494305076106
0.947117268434 0.682270506768 0.493057937138
0.948132474920 0.683439172700 0.488850799583
0.948050655715 0.684528519527 0.484728843579
0.947209801406 0.685408889870 0.482561014398
0.945982375889 0.685932900634 0.482217191805
0.944665444327 0.686039670288 0.483640394250
0.943290479600 0.685758362171 0.486982890562
0.941863149262 0.685284001853 0.487663284979
0.940473424425 0.684715684259 0.487538580058
0.939355711632 0.684360734613 0.486811541158
0.938583789510 0.684268160818 0.485869603072
0.938210122714 0.684459945228 0.485869603072
0.938197111221 0.684909704600 0.487128377799
0.938417303172 0.685503122129 0.487128377799
0.938849262397 0.686227288476 0.488273363986
0.939337696956 0.686923069575 0.488631773587
0.939847996035 0.687536857206 0.488430220926
0.940350009700 0.687994149908 0.488692335959
0.940889898083 0.688302306246 0.488180969230
0.941485208367 0.688399688308 0.488180969230
0.942131144295 0.688305706062 0.487406379555
0.942856831733 0.687966395291 0.486398544267
0.943700338440 0.687345788568 0.484684884841
0.944475423424 0.686389933793 0.485033985549
0.945010549544 0.685147287308 0.484889054730
0.945119501933 0.683684933161 0.489073509336
0.944645271011 0.682340085638 0.491628595222
0.943607313390 0.681348160087 0.492461712367
0.942288737410 0.681004787706 0.488388503707
0.941161044768 0.681317653642 0.486179227320
0.940395524909 0.682242134098 0.485498263927
0.940036267803 0.683554564574 0.486712604507
0.939952264008 0.685057412778 0.488022359828
0.939957775156 0.686462425302 0.488268703053
0.940004528982 0.687685017938 0.488430220926
0.940089676010 0.688687599631 0.488692335959
0.940257771000 0.689483442818 0.489255207716
0.940597902097 0.690138729283 0.490314144107
0.941235638072 0.690772600309 0.492715897701
0.942485876746 0.691534171408 0.493308165671
0.944455992986 0.692383678943 0.500077238481
0.947695438125 0.693494079197 0.513315484060
0.952595794665 0.694737950869 0.532896340608
0.958626006673 0.695248371997 0.523196290557
0.964507679044 0.695623946638 0.532437652981
0.969850848051 0.696837562652 0.549186576927
0.974936627332 0.698281497493 0.544982293864
0.979564382242 0.698683340155 0.530428919352
0.983623695655 0.698056767043 0.524080465923
0.986972203798 0.697679980516 0.529891670747
0.989895017525 0.698242804734 0.541542928262
0.992727627038 0.699993193224 0.560464598240
0.995937799114 0.702846202198 0.584800375470
0.999792123815 0.706175020326 0.607404192045
1.004486094264 0.709182713753 1.000000000000
1.008727136208 0.711900188514 1.000000000000
1.012558853014 0.714355384086 1.000000000000
1.016020661376 0.716573557259 1.000000000000
1.019148192095 0.718577538945 1.000000000000
1.021973652624 0.720387966486 1.000000000000
1.024526155012 0.722023493795 1.000000000000
1.026832012549 0.723500981430 1.000000000000
1.028915008065 0.724835668520 1.000000000000
1.030796636602 0.726041328256 1.000000000000
1.032496324885 0.727130408524 1.000000000000
1.034031629805 0.728114159087 1.000000000000
1.035418417914 0.729002746599 1.000000000000
1.036671027747 0.729805358615 1.000000000000
1.037802416592 0.730530297639 1.000000000000
1.038824293218 0.731185066168 1.000000000000
1.039747237873 0.731776443587 1.000000000000
1.040580810793 0.732310555695 1.000000000000
1.041333650295 0.732792937559 1.000000000000
1.042013561473 0.733228590353 1.000000000000
1.042627596381 0.733622032728 1.000000000000
1.043182126515 0.733977347261 1.000000000000
1.043682908345 0.734298222447 1.000000000000
1.044135142546 0.734587990649 1.000000000000
1.044543527547 0.734849662410 1.000000000000
1.044912307924 0.735085957463 1.000000000000
1.045245318151 0.735299332765 1.000000000000
1.045546022136 0.735492007830 1.000000000000
1.045817548962 0.735665987631 1.000000000000
1.046062725182 0.735823083290 1.000000000000
1.046284104011 0.735964930788 1.000000000000
1.046483991707 0.736093007866 1.000000000000
1.046664471408 0.736208649300 1.000000000000
1.046827424677 0.736313060706 1.000000000000
1.046974550973 0.736407331013 1.000000000000
1.047107385239 0.736492443737 1.000000000000
1.047227313797 0.736569287169 1.000000000000
1.047335588717 0.736638663569 1.000000000000
1.047433340790 0.736701297495 1.000000000000
1.047521591257 0.736757843304 1.000000000000
1.047601262402 0.736808891951 1.000000000000
1.047673187123 0.736854977113 1.000000000000
1.047738117584 0.736896580739 1.000000000000
1.047796733024 0.736934138049 1.000000000000
1.047849646815 0.736968042062 1.000000000000
1.047897412844 0.736998647677 1.000000000000
1.047940531264 0.737026275367 1.000000000000
1.047979453707 0.737051214514 1.000000000000
1.048014587977 0.737073726418 1.000000000000
1.048046302301 0.737094047016 1.000000000000
1.048074929163 0.737112389348 1.000000000000
1.048100768764 0.737128945766 1.000000000000
1.048124092159 0.737143889946 1.000000000000
1.048145144077 0.737157378698 1.000000000000
1.048164145475 0.737169553598 1.000000000000
1.048181295846 0.737180542471 1.000000000000
1.048196775299 0.737190460720 1.000000000000
1.048210746440 0.737199412535 1.000000000000
1.048223356073 0.737207491976 1.000000000000
1.048234736728 0.737214783965 1.000000000000
1.048245008053 0.737221365163 1.000000000000
1.048254278061 0.737227304778 1.000000000000
1.048262644260 0.737232665290 1.000000000000
1.048270194676 0.737237503098 1.000000000000
