0.095000729486 0.771665722277 0.487358341600
0.090877278465 0.775712019049 0.501072354192
0.089188084565 0.776110460575 0.509779916360
0.089058023397 0.774860593981 0.506316857591
0.090100050301 0.772715946914 0.495265848168
0.091917152756 0.770161660821 0.486133118939
0.093664222310 0.768253080164 0.494610606478
0.094407328283 0.767912898678 0.499730197011
0.094077790099 0.768738790350 0.491837175296
0.093237112539 0.770150086001 0.487526392478
0.092325258845 0.771727197941 0.488199554954
0.091820386098 0.772871796823 0.489849614286
0.091760410556 0.773437326071 0.491886302886
0.092167259902 0.773355073591 0.491886302886
0.092983367323 0.772717137964 0.487784785828
0.093920608488 0.771836509200 0.486775083320
0.094633387309 0.771055035711 0.489394866409
0.094764414149 0.770720370133 0.489394866409
0.094383408229 0.770786332212 0.489394866409
0.093550264995 0.771212459467 0.487806511256
0.092516196762 0.771809396502 0.487115540717
0.091650203287 0.772214740225 0.488199554954
0.091163323479 0.772326611222 0.489792742434
0.091246653790 0.772101057265 0.489792742434
0.091835784956 0.771569035538 0.488199554954
0.092663391494 0.770827000194 0.487041980280
0.093373352537 0.770226339655 0.487526392478
0.093864345747 0.770003464074 0.489528309179
0.093883374649 0.770250637083 0.489528309179
0.093476886271 0.770920518948 0.487806511256
0.092816609606 0.771752204666 0.487115540717
0.092293223557 0.772363273381 0.488199554954
0.092128235938 0.772646172689 0.489849614286
0.092375355123 0.772434088335 0.489849614286
0.092995731531 0.771776828755 0.487115540717
0.093640299693 0.771030760654 0.487806511256
0.093919769269 0.770585077407 0.487806511256
0.093866387376 0.770414197362 0.489528309179
0.093369659484 0.770733276997 0.487041980280
0.092869943686 0.771104237176 0.487041980280
0.092367047649 0.771523227208 0.488199554954
0.092240028682 0.771615990846 0.488199554954
0.092455160009 0.771411083076 0.487115540717
0.092735401978 0.771067090240 0.487041980280
0.092940490317 0.770838624643 0.487041980280
0.093076693559 0.770716079560 0.487041980280
0.093149733203 0.770690687653 0.487041980280
0.093164831000 0.770754448264 0.487041980280
0.093126752151 0.770900061004 0.487041980280
0.093039844784 0.771120865085 0.487041980280
0.092908076033 0.771410783867 0.487115540717
0.092879947420 0.771503526540 0.487115540717
0.092946786978 0.771415904857 0.487115540717
0.093100689236 0.771163232559 0.487041980280
0.093185707457 0.771026196951 0.487041980280
0.093207675108 0.770994968156 0.487041980280
0.093171907569 0.771060590925 0.487041980280
0.093083247467 0.771214907935 0.487041980280
0.092946106115 0.771450489688 0.487115540717
0.092919826858 0.771482044172 0.487115540717
0.092994928656 0.771327307021 0.487041980280
0.093005011242 0.771284650096 0.487041980280
0.092955633500 0.771344433616 0.487041980280
0.092851854153 0.771497886840 0.487115540717
0.092859856946 0.771447984180 0.487115540717
0.092969988587 0.771212566874 0.487041980280
0.093009525691 0.771100441119 0.487041980280
0.092984590278 0.771100844990 0.487041980280
0.092900748547 0.771203995594 0.487041980280
0.092763060728 0.771401001070 0.487115540717
0.092744986461 0.771382424788 0.487041980280
0.092666052969 0.771470459503 0.487115540717
0.092702726003 0.771350646075 0.487041980280
0.092672548796 0.771348294242 0.487041980280
0.092581359454 0.771453071354 0.487115540717
0.092609156932 0.771344564739 0.487041980280
0.092569652442 0.771354491876 0.487041980280
0.092468749963 0.771472386878 0.487115540717
0.092489939846 0.771371982038 0.487041980280
0.092443189130 0.771391236793 0.487041980280
0.092334483924 0.771519530315 0.488199554954
0.092686487983 0.771246726318 0.487041980280
0.092938401793 0.771111533894 0.487041980280
0.093099250044 0.771101605828 0.487041980280
0.093177219401 0.771205742977 0.487041980280
0.093179735666 0.771413788349 0.487115540717
0.093299639013 0.771385707200 0.487041980280
0.093339318386 0.771475275811 0.487115540717
0.093494203165 0.771337769439 0.487806511256
0.093182333001 0.771553229060 0.487115540717
0.093019870579 0.771527833896 0.487115540717
0.092993262838 0.771283646204 0.487041980280
0.092898716049 0.771180301238 0.487041980280
0.092742302205 0.771205021294 0.487041980280
0.092529524555 0.771346228271 0.487041980280
0.092265370582 0.771593431699 0.488199554954
0.092512751035 0.771397944773 0.487041980280
0.092664545278 0.771341373679 0.487041980280
0.092729474382 0.771411068906 0.487115540717
0.092913202947 0.771244516876 0.487041980280
0.093006274696 0.771215849070 0.487041980280
0.093016961828 0.771312484447 0.487041980280
0.092952756404 0.771523030314 0.487115540717
0.093022216792 0.771479434318 0.487115540717
0.093213147702 0.771205281986 0.487041980280
0.093310887073 0.771082100470 0.487041980280
0.093323977028 0.771096014435 0.487041980280
0.093260151410 0.771234463706 0.487041980280
0.093126411927 0.771486079130 0.487115540717
0.093136703920 0.771473351311 0.487115540717
0.093277791088 0.771220948502 0.487041980280
0.093328297392 0.771120722761 0.487041980280
0.093296547383 0.771158629977 0.487041980280
0.093190075188 0.771321961873 0.487041980280
0.093015699285 0.771599219399 0.487115540717
0.092992875150 0.771603615562 0.487115540717
0.093107597825 0.771360734462 0.487041980280
0.093132174141 0.771272294143 0.487041980280
0.093074915034 0.771323984847 0.487041980280
0.092943339875 0.771502862150 0.487115540717
0.092962130979 0.771413604880 0.487115540717
0.093117359356 0.771081412595 0.487041980280
0.093176847412 0.770914803330 0.487041980280
0.093149463868 0.770898359155 0.487041980280
0.093043230740 0.771018136727 0.487041980280
0.092865403937 0.771261526661 0.487041980280
0.092622546227 0.771617126241 0.487115540717
0.092544826979 0.771680731125 0.487115540717
0.092616846916 0.771479947336 0.487115540717
0.092824682902 0.771039715524 0.487041980280
0.092929047218 0.770779462954 0.487041980280
0.092939584338 0.770682327408 0.487041980280
0.092865014880 0.770733064787 0.487041980280
0.092713223888 0.770917894213 0.487041980280
0.092491340696 0.771224357900 0.487041980280
0.092205811203 0.771641194398 0.488199554954
0.092524523077 0.771526807349 0.487115540717
0.092958869976 0.771157986207 0.487041980280
0.093265668489 0.770965793328 0.487041980280
0.093456915672 0.770933635355 0.487806511256
0.093070044596 0.771319563166 0.487041980280
0.092634443847 0.771810198884 0.487115540717
0.092389548681 0.771983507774 0.488199554954
0.092753962741 0.771641374835 0.487115540717
0.093231837546 0.771062483751 0.487041980280
0.093576552141 0.770683046530 0.487806511256
0.093321098487 0.770761631949 0.487041980280
0.093003244550 0.770976562386 0.487041980280
0.092628731805 0.771315088325 0.487041980280
0.092202749004 0.771765690085 0.488199554954
0.092413268955 0.771664562226 0.487115540717
0.092754362937 0.771298583828 0.487041980280
0.092974200701 0.771113874948 0.487041980280
0.093084228973 0.771093309316 0.487041980280
0.093094790248 0.771221415427 0.487041980280
0.093015229124 0.771484216904 0.487115540717
0.093096954198 0.771442361206 0.487115540717
0.093324766835 0.771125003959 0.487041980280
0.093440524542 0.770986791534 0.487806511256
0.092959580542 0.771297201991 0.487041980280
0.092435186721 0.771726308075 0.487115540717
0.092117120047 0.771831179365 0.488199554954
0.092442549341 0.771403994469 0.487115540717
0.092891838648 0.770735901171 0.487041980280
0.093206675955 0.770282770292 0.487526392478
0.093173431090 0.770511061018 0.487041980280
0.093052138250 0.770867231306 0.487041980280
0.092851068033 0.771339272035 0.487041980280
0.092577690733 0.771916337850 0.487115540717
0.092489198884 0.772150655656 0.487115540717
0.092568040141 0.772075218258 0.487115540717
0.092798365110 0.771719795497 0.487115540717
0.093165862327 0.771111248812 0.487041980280
0.093404425187 0.770714706389 0.487806511256
0.093012901031 0.770805345893 0.487041980280
0.092566142801 0.771040385545 0.487041980280
0.092069252780 0.771406177128 0.488199554954
0.092255630665 0.771198248715 0.486959266493
0.092875031073 0.770933770233 0.487041980280
0.093340368899 0.770849557288 0.487041980280
0.093666362504 0.770928454556 0.487806511256
0.093347912868 0.771453616996 0.487115540717
0.093222284484 0.771633514902 0.487115540717
0.093271094867 0.771501489322 0.487115540717
0.093477749378 0.771087616769 0.487806511256
0.093048084005 0.771171952304 0.487041980280
0.092565518810 0.771404431233 0.487115540717
0.092293320034 0.771317753589 0.486959266493
0.092507404798 0.771161209053 0.487041980280
0.092605292887 0.771177478846 0.487041980280
0.092598045768 0.771350096445 0.487041980280
0.092495649782 0.771664198264 0.487115540717
0.092568362544 0.771647390648 0.487115540717
0.092799491482 0.771331675606 0.487041980280
0.092911468950 0.771206135780 0.487041980280
0.092915654625 0.771252593519 0.487041980280
0.092822303196 0.771454642157 0.487115540717
0.092905364173 0.771333424840 0.487041980280
0.092882689147 0.771384870888 0.487041980280
0.092764337942 0.771592499131 0.487115540717
