0.095000864669 0.904999169965 0.478825720601
0.092229958349 0.909421479425 0.490013925442
0.092439091345 0.911606085411 0.502117653832
0.094188236429 0.912637783775 0.505243022274
0.096706295337 0.913083039010 0.506481210290
0.099414097394 0.914086102170 0.514037227766
0.101687677665 0.915741385866 0.515300998550
0.103079783858 0.917697484424 0.511690002334
0.103678901400 0.919783079746 0.508439703452
0.103811149291 0.921979716872 0.506541869128
0.103903177609 0.924225028618 0.510422730074
0.104586901164 0.926301100070 0.516918568960
0.105952593254 0.928055687491 0.523612838525
0.107876165059 0.929174198837 0.523517511585
0.110008082574 0.929719078155 0.521513883746
0.111911813454 0.930291181368 0.522079714484
0.113337709975 0.931157500328 0.521675794260
0.114190929344 0.932401464351 0.521119943112
0.114418351684 0.934109956126 0.515341515387
0.114029207540 0.936079527078 0.509294871940
0.113120850737 0.938088325234 0.504578635729
0.111929670557 0.939538873361 0.505052301309
0.110618822070 0.940007346818 0.512541675917
0.109342317351 0.939057249629 0.518837558688
0.108084607012 0.936961319800 0.526162079509
0.106891977307 0.934001130059 0.537569087647
0.106150324517 0.930428618220 0.528164927739
0.106059189914 0.926724922857 0.516871242609
0.106467061950 0.923409547229 0.511507787471
0.107034170310 0.920691175515 0.513279582720
0.107377270120 0.918573716995 0.516063104979
0.107299122465 0.916933419848 0.520729168670
0.106681724682 0.915652458384 0.522536868188
0.105520916498 0.914691456233 0.524439389467
0.103880261755 0.914064365353 0.523843651165
0.101939907962 0.913896185255 0.519132390777
0.099886478685 0.914223894525 0.514037227766
0.097947722937 0.914981161053 0.510544075508
0.096285513249 0.915847316876 0.511980840602
0.095136885010 0.916364854157 0.516272963327
0.094584072033 0.916226615372 0.513823638219
0.094615628242 0.915663278894 0.513823638219
0.095170638011 0.914715922560 0.511105417940
0.096252150991 0.913574071050 0.507830828478
0.097726112783 0.912576327812 0.508528190822
0.099378288882 0.912136076819 0.513504502157
0.101060794860 0.912454720567 0.517207682198
0.102519250512 0.913343668776 0.523286791906
0.103540400060 0.914683917381 0.521334943288
0.103899664423 0.916240438304 0.518566374816
0.103628861251 0.917950910043 0.512927564330
0.102832899197 0.919751894213 0.507439273941
0.101781105992 0.921549681233 0.505605038036
0.100884467000 0.923163645427 0.509171079014
0.100628829384 0.924359329010 0.512313875910
0.101161930073 0.925125373173 0.516474025572
0.102570387453 0.925454557927 0.514015199281
0.104616871917 0.925611984608 0.513528794470
0.107059438605 0.925790567570 0.515636095342
0.109586509744 0.926197855477 0.519440059878
0.112043367726 0.926855231286 0.525214629285
0.114237455088 0.927948638064 0.529988114977
0.116065803461 0.929516306434 0.533642307406
0.117383830810 0.931587814327 0.532964910042
0.118059446907 0.934165966442 0.527314164222
0.117898226414 0.937236441729 0.515027787174
0.116913788408 0.940653059389 0.501765810536
0.115507686790 0.944074297864 0.498713908709
0.114488862087 0.946971102677 0.507066081604
0.114229904746 0.949306555535 0.514610009894
0.114833442990 0.951242958240 0.523575016273
0.116348177420 0.952989182602 0.534272614779
0.118680220345 0.954638035047 0.543549191684
0.121553361103 0.955905044318 0.543394661642
0.124694093322 0.956468257450 0.528931754717
0.127783005681 0.955927525276 0.512428815957
0.130850314838 0.954538102348 0.500945191303
0.133766936687 0.952875197159 0.500070708109
0.136279538301 0.951652102121 0.508243383572
0.138342474969 0.951164541807 0.515284032336
0.140076726982 0.951304564889 0.518043200224
0.141543072313 0.951949085612 0.521939403423
0.142768928981 0.952879880400 0.522879530891
0.143777528358 0.953957821278 0.523255201700
0.144611532108 0.955033431071 0.523062947233
0.145324030629 0.955954189564 0.522311343385
0.145970897810 0.956576563944 0.521049848842
0.146607048668 0.956782632401 0.521049848842
0.147233756734 0.956611881209 0.519028733485
0.147847528385 0.955988731284 0.518951167753
0.148387809607 0.954968136428 0.516894231283
0.148765377800 0.953552795056 0.517624845465
0.148916469796 0.951826590855 0.518763616668
0.148611722252 0.949979347789 0.524188974102
0.147861590929 0.948223934268 0.529280658979
0.146616597671 0.946845369950 0.528757785245
0.145220844955 0.945937589324 0.527706633720
0.143850855617 0.945607509456 0.523208062411
0.142790904514 0.945769514987 0.521044041820
0.142118610018 0.946365956006 0.521044041820
0.141797484369 0.947354206314 0.520448877577
0.141790930021 0.948639640013 0.522250942721
0.141881894887 0.950142603708 0.522494171063
0.141972940975 0.951839947503 0.521939403423
0.141943100635 0.953741320879 0.520760549212
0.141794678567 0.955873225726 0.520055348425
0.141646671291 0.958242454615 0.521761104924
0.141784261613 0.960781765014 0.525068472130
0.142346789420 0.963375684315 0.531958143901
0.143279655352 0.965695319446 0.534650092344
0.144411161506 0.967578620411 0.535564005299
0.145604592609 0.969029625043 0.535974173586
0.146821483265 0.970219224252 0.536490894926
0.148124015515 0.971317969896 0.539079261892
0.149674524718 0.972564139504 0.542366638521
0.151502567103 0.974067091296 0.550162940976
0.153539567991 0.975862339434 0.555910316906
0.155518460220 0.977726500256 0.556449719898
0.157122375525 0.979333310074 0.553422393182
0.158219600409 0.980469392462 0.550071414714
0.158795835453 0.981083624101 0.546221357275
0.158888118141 0.981174615369 0.546221357275
0.158543827565 0.980794101299 0.548190203774
0.157798475992 0.980036940065 0.550071414714
0.156712151174 0.978943190768 0.553422393182
0.155379886753 0.977639851377 0.556449719898
0.153989883706 0.976382590828 0.556796877961
0.152814283725 0.975397078378 0.555062665553
0.152001008745 0.974810012900 0.553552313437
0.151559598693 0.974660634693 0.550162940976
0.151563818627 0.974981429453 0.551739899442
0.151892758013 0.975710563894 0.554614882608
0.152387858872 0.976705484641 0.555261088022
0.152937514576 0.977885682075 0.556249258282
0.153373370186 0.979076265903 0.555791518351
0.153614966737 0.980208288528 0.554967978892
0.153600124657 0.981219399023 0.553829371985
0.153285460513 0.982055680648 0.552433199286
0.152646197748 0.982673054843 0.551567333268
0.151733421293 0.983083728633 0.552101208119
0.150647087021 0.983351613130 0.552448730418
0.149491670552 0.983533300320 0.552188593021
0.148318357591 0.983577101548 0.552627617724
0.147231823902 0.983529792906 0.552917216162
0.146333142024 0.983437066520 0.552087927281
0.145787042689 0.983453955065 0.551589656201
0.145668295899 0.983606470917 0.552989858729
0.145861300571 0.983779551558 0.552989858729
0.146336228176 0.983971331679 0.553042910279
0.146960098131 0.984135187186 0.552917216162
0.147607562840 0.984232112047 0.552917216162
0.148276614682 0.984268403839 0.552627617724
0.148853576510 0.984211488008 0.552188593021
0.149240397716 0.984035032987 0.552188593021
0.149455091041 0.983750231361 0.552188593021
0.149513928921 0.983367195036 0.552615744286
0.149489808510 0.983001781793 0.552615744286
0.149390515184 0.982652223874 0.552615744286
0.149223082844 0.982316924309 0.552804899585
0.149054799004 0.982106459455 0.552804899585
0.148885691570 0.982009018997 0.552804899585
0.148715785869 0.982013933956 0.552336719724
0.148661728549 0.982160998247 0.552336719724
0.148712586600 0.982436821347 0.552336719724
0.148858484347 0.982829309145 0.552615744286
0.148910645146 0.983163641186 0.552615744286
0.148877918896 0.983445390700 0.552615744286
0.148768299397 0.983679591952 0.552627617724
0.148640552674 0.983796565677 0.552627617724
0.148496348908 0.983807411945 0.552627617724
0.148337196796 0.983722156031 0.552627617724
0.148164459150 0.983549852338 0.552627617724
0.147979366995 0.983298678307 0.552607702914
0.147851371755 0.983096469239 0.552429833761
0.147900806115 0.982982422336 0.552607702914
0.147984772673 0.982904169690 0.552607702914
0.148100033973 0.982858309194 0.552607702914
0.148243666146 0.982841768344 0.552607702914
0.148413028574 0.982851772348 0.552607702914
0.148605736471 0.982885815315 0.552607702914
0.148819636123 0.982941634229 0.552607702914
0.149052782514 0.983017185438 0.552615744286
0.149179386702 0.983064241605 0.552615744286
0.149209578360 0.983085511783 0.552615744286
0.149152503929 0.983083442245 0.552615744286
0.149016421947 0.983060241939 0.552615744286
0.148808789149 0.983017905494 0.552607702914
0.148662135825 0.983005304411 0.552607702914
0.148570643432 0.983019617869 0.552607702914
0.148529058406 0.983058298889 0.552607702914
0.148532637360 0.983119047780 0.552607702914
0.148577097601 0.983199788149 0.552607702914
0.148658572429 0.983298645246 0.552607702914
0.148773570771 0.983413926393 0.552607702914
0.148918940725 0.983544103319 0.552188593021
0.148897569359 0.983519328880 0.552188593021
0.148725359600 0.983354370722 0.552607702914
0.148611849663 0.983231834240 0.552607702914
0.148551433020 0.983147657998 0.552607702914
0.148539048369 0.983098175502 0.552607702914
