0.948712389087 0.036320291526 0.509695159418
0.948712389087 0.036320291526 0.509695159418
0.948712389087 0.036320291526 0.509695159418
0.948712389087 0.036320291526 0.509695159418
0.948712389087 0.036320291526 0.509695159418
0.948712389087 0.036320291526 0.509695159418
0.948712389087 0.036320291526 0.509695159418
0.948712389087 0.036320291526 0.509695159418
0.948712389087 0.036320291526 0.509695159418
0.948712389087 0.036320291526 0.509695159418
0.948712389087 0.036320291526 0.509695159418
0.948712389087 0.036320291526 0.509695159418
0.948712389087 0.036320291526 0.509695159418
0.948712389087 0.036320291526 0.509695159418
0.933676380309 0.000000000000 0.508109704983
0.933676380309 0.000000000000 0.508109704983
0.933676380309 0.000000000000 0.508109704983
0.935217863109 0.368538655894 0.418408359319
0.912030815513 0.371832027453 0.293344352081
0.912030815513 0.371832027453 0.293344352081
0.900962214219 0.426347568177 0.243770056585
0.917072129530 0.436673623889 0.165668913829
0.917072129530 0.436673623889 0.165668913829
0.917072129530 0.436673623889 0.165668913829
0.917072129530 0.436673623889 0.165668913829
0.917072129530 0.436673623889 0.165668913829
0.917072129530 0.436673623889 0.165668913829
0.859122237131 0.371771516058 0.110898431603
0.859122237131 0.371771516058 0.110898431603
0.859122237131 0.371771516058 0.110898431603
0.859122237131 0.371771516058 0.110898431603
0.859122237131 0.371771516058 0.110898431603
0.859122237131 0.371771516058 0.110898431603
0.859122237131 0.371771516058 0.110898431603
0.859122237131 0.371771516058 0.110898431603
0.859122237131 0.371771516058 0.110898431603
0.859122237131 0.371771516058 0.110898431603
0.859122237131 0.371771516058 0.110898431603
0.859122237131 0.371771516058 0.110898431603
0.859122237131 0.371771516058 0.110898431603
0.859122237131 0.371771516058 0.110898431603
0.859122237131 0.371771516058 0.110898431603
0.859122237131 0.371771516058 0.110898431603
0.859122237131 0.371771516058 0.110898431603
0.859122237131 0.371771516058 0.110898431603
0.859122237131 0.371771516058 0.110898431603
0.859122237131 0.371771516058 0.110898431603
0.859122237131 0.371771516058 0.110898431603
0.859122237131 0.371771516058 0.110898431603
0.859122237131 0.371771516058 0.110898431603
0.859122237131 0.371771516058 0.110898431603
0.018594735718 0.047119744129 0.565051653166
0.000000000000 0.323493711327 0.485689831020
0.000000000000 0.323493711327 0.485689831020
0.000000000000 0.323493711327 0.485689831020
0.000000000000 0.323493711327 0.485689831020
0.000000000000 0.323493711327 0.485689831020
0.000000000000 0.323493711327 0.485689831020
0.000000000000 0.323493711327 0.485689831020
0.000000000000 0.323493711327 0.485689831020
0.000000000000 0.323493711327 0.485689831020
0.000000000000 0.323493711327 0.485689831020
0.000000000000 0.323493711327 0.485689831020
0.000000000000 0.323493711327 0.485689831020
0.000000000000 0.323493711327 0.485689831020
0.000000000000 0.323493711327 0.485689831020
0.000000000000 0.323493711327 0.485689831020
0.000000000000 0.323493711327 0.485689831020
0.000000000000 0.323493711327 0.485689831020
0.000000000000 0.323493711327 0.485689831020
0.000000000000 0.238145793140 0.484151137316
0.000000000000 0.238145793140 0.484151137316
0.000000000000 0.238145793140 0.484151137316
0.000000000000 0.238145793140 0.484151137316
0.000000000000 0.238145793140 0.484151137316
0.000000000000 0.238145793140 0.484151137316
0.000000000000 0.238145793140 0.484151137316
0.000000000000 0.238145793140 0.484151137316
0.000000000000 0.238145793140 0.484151137316
0.000000000000 0.238145793140 0.484151137316
0.000000000000 0.238145793140 0.484151137316
0.000000000000 0.238145793140 0.484151137316
0.000000000000 0.238145793140 0.484151137316
0.000000000000 0.238145793140 0.484151137316
0.000000000000 0.238145793140 0.484151137316
0.000000000000 0.238145793140 0.484151137316
0.000000000000 0.238145793140 0.484151137316
0.000000000000 0.238145793140 0.484151137316
0.000000000000 0.238145793140 0.484151137316
0.000000000000 0.238359593807 0.480947483383
0.580911826486 0.237656457126 0.339304017404
0.580911826486 0.237656457126 0.339304017404
0.580911826486 0.237656457126 0.339304017404
0.580911826486 0.237656457126 0.339304017404
0.713323224803 0.295831617831 0.338122739538
0.689219978523 0.285068261542 0.278051831211
0.689219978523 0.285068261542 0.278051831211
0.719798409559 0.204134619797 0.422900573318
0.719798409559 0.204134619797 0.422900573318
0.719798409559 0.204134619797 0.422900573318
0.743126824293 0.228015436180 0.389494112672
0.743126824293 0.228015436180 0.389494112672
0.715929881496 0.282056376464 0.288608944615
0.715929881496 0.282056376464 0.288608944615
0.730283104215 0.273641499297 0.157428293700
0.739491185291 0.271537833047 0.150539141193
0.736072852716 0.268474000151 0.146775627086
0.736072852716 0.268474000151 0.146775627086
0.736072852716 0.268474000151 0.146775627086
0.736072852716 0.268474000151 0.146775627086
0.736072852716 0.268474000151 0.146775627086
0.736072852716 0.268474000151 0.146775627086
0.736072852716 0.268474000151 0.146775627086
0.736031597174 0.268612553173 0.143071195055
0.736031597174 0.268612553173 0.143071195055
0.736031597174 0.268612553173 0.143071195055
0.736031597174 0.268612553173 0.143071195055
0.736031597174 0.268612553173 0.143071195055
0.736031597174 0.268612553173 0.143071195055
0.736031597174 0.268612553173 0.143071195055
0.736031597174 0.268612553173 0.143071195055
0.736031597174 0.268612553173 0.143071195055
0.736031597174 0.268612553173 0.143071195055
0.736031597174 0.268612553173 0.143071195055
0.736031597174 0.268612553173 0.143071195055
0.736031597174 0.268612553173 0.143071195055
0.736031597174 0.268612553173 0.143071195055
0.736031597174 0.268612553173 0.143071195055
0.736031597174 0.268612553173 0.143071195055
0.736031597174 0.268612553173 0.143071195055
0.736031597174 0.268612553173 0.143071195055
0.736031597174 0.268612553173 0.143071195055
0.736031597174 0.268612553173 0.143071195055
0.736031597174 0.268612553173 0.143071195055
0.736031597174 0.268612553173 0.143071195055
0.736031597174 0.268612553173 0.143071195055
0.736031597174 0.268612553173 0.143071195055
0.736031597174 0.268612553173 0.143071195055
0.736031597174 0.268612553173 0.143071195055
0.736031597174 0.268612553173 0.143071195055
0.736031597174 0.268612553173 0.143071195055
0.736031597174 0.268612553173 0.143071195055
0.736031597174 0.268612553173 0.143071195055
0.567086309148 0.938085943636 0.600687113662
0.567086309148 0.938085943636 0.600687113662
0.567086309148 0.938085943636 0.600687113662
0.567086309148 0.938085943636 0.600687113662
0.567086309148 0.938085943636 0.600687113662
0.567086309148 0.938085943636 0.600687113662
0.567086309148 0.938085943636 0.600687113662
0.567086309148 0.938085943636 0.600687113662
0.567086309148 0.938085943636 0.600687113662
0.567086309148 0.938085943636 0.600687113662
0.344860490326 0.460578833527 0.578919842613
0.344860490326 0.460578833527 0.578919842613
0.344860490326 0.460578833527 0.578919842613
0.344860490326 0.460578833527 0.578919842613
0.272153664991 0.545043844887 0.531405894964
0.022938122323 0.533835501926 0.526621212442
0.022938122323 0.533835501926 0.526621212442
0.022938122323 0.533835501926 0.526621212442
0.022938122323 0.533835501926 0.526621212442
0.022938122323 0.533835501926 0.526621212442
0.000000000000 0.379181138649 0.493647049085
0.000000000000 0.379181138649 0.493647049085
0.058258497044 0.519989695382 0.464620949070
0.058258497044 0.519989695382 0.464620949070
0.058258497044 0.519989695382 0.464620949070
0.058258497044 0.519989695382 0.464620949070
0.058258497044 0.519989695382 0.464620949070
0.058258497044 0.519989695382 0.464620949070
0.058258497044 0.519989695382 0.464620949070
0.058258497044 0.519989695382 0.464620949070
0.058258497044 0.519989695382 0.464620949070
0.058258497044 0.519989695382 0.464620949070
0.058258497044 0.519989695382 0.464620949070
0.058258497044 0.519989695382 0.464620949070
0.058258497044 0.519989695382 0.464620949070
0.058258497044 0.519989695382 0.464620949070
0.058258497044 0.519989695382 0.464620949070
0.058258497044 0.519989695382 0.464620949070
0.058258497044 0.519989695382 0.464620949070
0.058258497044 0.519989695382 0.464620949070
0.058258497044 0.519989695382 0.464620949070
0.058258497044 0.519989695382 0.464620949070
0.058258497044 0.519989695382 0.464620949070
0.058258497044 0.519989695382 0.464620949070
0.058258497044 0.519989695382 0.464620949070
0.058258497044 0.519989695382 0.464620949070
0.943548563022 0.845770509293 0.578457193753
0.943548563022 0.845770509293 0.578457193753
0.882288601568 0.604501448316 0.555988834275
0.882288601568 0.604501448316 0.555988834275
0.811154596201 0.416531182605 0.537448408214
0.811154596201 0.416531182605 0.537448408214
0.811154596201 0.416531182605 0.537448408214
0.811154596201 0.416531182605 0.537448408214
0.811154596201 0.416531182605 0.537448408214
0.811154596201 0.416531182605 0.537448408214
0.811154596201 0.416531182605 0.537448408214
0.811154596201 0.416531182605 0.537448408214
0.811154596201 0.416531182605 0.537448408214
0.811154596201 0.416531182605 0.537448408214
0.811154596201 0.416531182605 0.537448408214
0.811154596201 0.416531182605 0.537448408214
0.811154596201 0.416531182605 0.537448408214
0.939344952299 0.362130267691 0.402322256553
0.939344952299 0.362130267691 0.402322256553
0.939344952299 0.362130267691 0.402322256553
0.939344952299 0.362130267691 0.402322256553
0.900950293263 0.346467392782 0.374400023966
0.900950293263 0.346467392782 0.374400023966
0.900950293263 0.346467392782 0.374400023966
0.900950293263 0.346467392782 0.374400023966
0.900950293263 0.346467392782 0.374400023966
0.900950293263 0.346467392782 0.374400023966
0.900950293263 0.346467392782 0.374400023966
0.731445903624 0.288566111583 0.316418106313
0.731445903624 0.288566111583 0.316418106313
0.684833398239 0.237995220717 0.157320121978
0.678270782314 0.236707022973 0.123264854162
0.678270782314 0.236707022973 0.123264854162
0.678270782314 0.236707022973 0.123264854162
0.678270782314 0.236707022973 0.123264854162
0.678270782314 0.236707022973 0.123264854162
0.678270782314 0.236707022973 0.123264854162
0.678270782314 0.236707022973 0.123264854162
0.678270782314 0.236707022973 0.123264854162
0.678270782314 0.236707022973 0.123264854162
0.678270782314 0.236707022973 0.123264854162
0.683658571974 0.250032544179 0.112921726829
0.683658571974 0.250032544179 0.112921726829
0.683658571974 0.250032544179 0.112921726829
0.683658571974 0.250032544179 0.112921726829
0.661447035170 0.235867322510 0.060333727083
0.661447035170 0.235867322510 0.060333727083
0.661447035170 0.235867322510 0.060333727083
0.661447035170 0.235867322510 0.060333727083
0.000000000000 0.502242569886 0.488299401522
0.000000000000 0.502242569886 0.488299401522
0.000000000000 0.502242569886 0.488299401522
0.000000000000 0.241716996632 0.477300694274
0.000000000000 0.241716996632 0.477300694274
0.000000000000 0.241716996632 0.477300694274
0.701467467799 0.230945564447 0.235464015190
0.701467467799 0.230945564447 0.235464015190
0.701467467799 0.230945564447 0.235464015190
0.701467467799 0.230945564447 0.235464015190
0.701467467799 0.230945564447 0.235464015190
0.701467467799 0.230945564447 0.235464015190
0.701467467799 0.230945564447 0.235464015190
0.701467467799 0.230945564447 0.235464015190
0.701467467799 0.230945564447 0.235464015190
0.701467467799 0.230945564447 0.235464015190
0.701467467799 0.230945564447 0.235464015190
0.701467467799 0.230945564447 0.235464015190
0.701467467799 0.230945564447 0.235464015190
0.701467467799 0.230945564447 0.235464015190
0.701467467799 0.230945564447 0.235464015190
0.701467467799 0.230945564447 0.235464015190
0.701467467799 0.230945564447 0.235464015190
0.701467467799 0.230945564447 0.235464015190
0.701467467799 0.230945564447 0.235464015190
0.701467467799 0.230945564447 0.235464015190
0.701467467799 0.230945564447 0.235464015190
0.701467467799 0.230945564447 0.235464015190
0.701467467799 0.230945564447 0.235464015190
0.701467467799 0.230945564447 0.235464015190
0.701467467799 0.230945564447 0.235464015190
0.701467467799 0.230945564447 0.235464015190
0.701467467799 0.230945564447 0.235464015190
0.701467467799 0.230945564447 0.235464015190
0.700981285552 0.238344333119 0.207935763218
0.700981285552 0.238344333119 0.207935763218
0.700981285552 0.238344333119 0.207935763218
0.700981285552 0.238344333119 0.207935763218
0.700981285552 0.238344333119 0.207935763218
0.700981285552 0.238344333119 0.207935763218
0.700981285552 0.238344333119 0.207935763218
0.700981285552 0.238344333119 0.207935763218
0.700981285552 0.238344333119 0.207935763218
0.700981285552 0.238344333119 0.207935763218
0.700981285552 0.238344333119 0.207935763218
0.023736328346 0.773382851735 0.464690460327
0.023736328346 0.773382851735 0.464690460327
0.023736328346 0.773382851735 0.464690460327
0.023736328346 0.773382851735 0.464690460327
0.023736328346 0.773382851735 0.464690460327
0.023736328346 0.773382851735 0.464690460327
0.023736328346 0.773382851735 0.464690460327
0.023736328346 0.773382851735 0.464690460327
0.023736328346 0.773382851735 0.464690460327
0.023736328346 0.773382851735 0.464690460327
0.023736328346 0.773382851735 0.464690460327
0.045967563368 0.806285730298 0.454071632443
0.045967563368 0.806285730298 0.454071632443
0.045967563368 0.806285730298 0.454071632443
0.045967563368 0.806285730298 0.454071632443
0.045967563368 0.806285730298 0.454071632443
0.045967563368 0.806285730298 0.454071632443
0.045967563368 0.806285730298 0.454071632443
0.045967563368 0.806285730298 0.454071632443
0.045967563368 0.806285730298 0.454071632443
0.045967563368 0.806285730298 0.454071632443
0.045967563368 0.806285730298 0.454071632443
0.045967563368 0.806285730298 0.454071632443
0.045967563368 0.806285730298 0.454071632443
0.045967563368 0.806285730298 0.454071632443
0.045967563368 0.806285730298 0.454071632443
0.045967563368 0.806285730298 0.454071632443
0.045967563368 0.806285730298 0.454071632443
0.043576690889 0.817806271614 0.452334304188
0.043576690889 0.817806271614 0.452334304188
0.043576690889 0.817806271614 0.452334304188
0.043576690889 0.817806271614 0.452334304188
0.043576690889 0.817806271614 0.452334304188
0.043576690889 0.817806271614 0.452334304188
0.043576690889 0.817806271614 0.452334304188
0.043576690889 0.817806271614 0.452334304188
0.043576690889 0.817806271614 0.452334304188
0.043576690889 0.817806271614 0.452334304188
0.043576690889 0.817806271614 0.452334304188
0.043576690889 0.817806271614 0.452334304188
0.043576690889 0.817806271614 0.452334304188
0.043576690889 0.817806271614 0.452334304188
0.849480892558 0.340910253175 0.182376733920
0.849480892558 0.340910253175 0.182376733920
0.849480892558 0.340910253175 0.182376733920
0.849480892558 0.340910253175 0.182376733920
0.849480892558 0.340910253175 0.182376733920
0.849480892558 0.340910253175 0.182376733920
0.849480892558 0.340910253175 0.182376733920
0.849480892558 0.340910253175 0.182376733920
0.849480892558 0.340910253175 0.182376733920
0.849480892558 0.340910253175 0.182376733920
0.849480892558 0.340910253175 0.182376733920
0.849480892558 0.340910253175 0.182376733920
0.849480892558 0.340910253175 0.182376733920
0.849480892558 0.340910253175 0.182376733920
0.849480892558 0.340910253175 0.182376733920
0.818621706640 0.341373225485 0.129392096412
0.818621706640 0.341373225485 0.129392096412
0.818621706640 0.341373225485 0.129392096412
0.818621706640 0.341373225485 0.129392096412
0.824823385422 0.333545138994 0.093028579255
0.824823385422 0.333545138994 0.093028579255
0.824823385422 0.333545138994 0.093028579255
0.824823385422 0.333545138994 0.093028579255
0.824823385422 0.333545138994 0.093028579255
0.829756168643 0.337822717253 0.079728291953
0.829756168643 0.337822717253 0.079728291953
0.829756168643 0.337822717253 0.079728291953
0.829756168643 0.337822717253 0.079728291953
0.829756168643 0.337822717253 0.079728291953
0.829756168643 0.337822717253 0.079728291953
0.829756168643 0.337822717253 0.079728291953
0.829756168643 0.337822717253 0.079728291953
0.829756168643 0.337822717253 0.079728291953
0.829756168643 0.337822717253 0.079728291953
0.829756168643 0.337822717253 0.079728291953
0.829756168643 0.337822717253 0.079728291953
0.829756168643 0.337822717253 0.079728291953
0.829756168643 0.337822717253 0.079728291953
0.829756168643 0.337822717253 0.079728291953
0.829756168643 0.337822717253 0.079728291953
0.829756168643 0.337822717253 0.079728291953
0.829756168643 0.337822717253 0.079728291953
0.829756168643 0.337822717253 0.079728291953
0.244015965580 0.057509130020 0.568785342329
0.354413383217 0.059795601676 0.564153009607
0.354413383217 0.059795601676 0.564153009607
0.354413383217 0.059795601676 0.564153009607
0.336694111073 0.159575496922 0.234128977715
0.336694111073 0.159575496922 0.234128977715
0.336694111073 0.159575496922 0.234128977715
0.336694111073 0.159575496922 0.234128977715
0.611364360802 0.212258232711 0.211957512803
0.611364360802 0.212258232711 0.211957512803
0.611364360802 0.212258232711 0.211957512803
0.611364360802 0.212258232711 0.211957512803
0.611364360802 0.212258232711 0.211957512803
0.611364360802 0.212258232711 0.211957512803
0.611364360802 0.212258232711 0.211957512803
0.611364360802 0.212258232711 0.211957512803
0.611364360802 0.212258232711 0.211957512803
0.611364360802 0.212258232711 0.211957512803
0.611364360802 0.212258232711 0.211957512803
0.611364360802 0.212258232711 0.211957512803
0.611364360802 0.212258232711 0.211957512803
0.611364360802 0.212258232711 0.211957512803
0.611364360802 0.212258232711 0.211957512803
0.611364360802 0.212258232711 0.211957512803
0.565026840794 0.191789116298 0.122374126081
0.565026840794 0.191789116298 0.122374126081
0.565026840794 0.191789116298 0.122374126081
0.565026840794 0.191789116298 0.122374126081
0.565026840794 0.191789116298 0.122374126081
0.565026840794 0.191789116298 0.122374126081
0.565026840794 0.191789116298 0.122374126081
0.565026840794 0.191789116298 0.122374126081
0.565026840794 0.191789116298 0.122374126081
0.565026840794 0.191789116298 0.122374126081
0.565026840794 0.191789116298 0.122374126081
0.565026840794 0.191789116298 0.122374126081
0.565026840794 0.191789116298 0.122374126081
0.565026840794 0.191789116298 0.122374126081
0.565026840794 0.191789116298 0.122374126081
0.565026840794 0.191789116298 0.122374126081
0.565026840794 0.191789116298 0.122374126081
0.565026840794 0.191789116298 0.122374126081
0.565026840794 0.191789116298 0.122374126081
0.565026840794 0.191789116298 0.122374126081
0.908268989800 0.359686333349 0.325885700941
0.908268989800 0.359686333349 0.325885700941
0.908268989800 0.359686333349 0.325885700941
0.908268989800 0.359686333349 0.325885700941
0.908268989800 0.359686333349 0.325885700941
0.908268989800 0.359686333349 0.325885700941
0.908268989800 0.359686333349 0.325885700941
0.908268989800 0.359686333349 0.325885700941
0.908268989800 0.359686333349 0.325885700941
0.908268989800 0.359686333349 0.325885700941
0.908268989800 0.359686333349 0.325885700941
0.908268989800 0.359686333349 0.325885700941
0.908268989800 0.359686333349 0.325885700941
0.908268989800 0.359686333349 0.325885700941
0.908268989800 0.359686333349 0.325885700941
0.908268989800 0.359686333349 0.325885700941
0.908268989800 0.359686333349 0.325885700941
0.826297553279 0.364575989642 0.202630506772
0.826297553279 0.364575989642 0.202630506772
0.831461477516 0.368450922327 0.201245614334
0.831461477516 0.368450922327 0.201245614334
0.831461477516 0.368450922327 0.201245614334
0.831461477516 0.368450922327 0.201245614334
0.831461477516 0.368450922327 0.201245614334
0.831461477516 0.368450922327 0.201245614334
0.831461477516 0.368450922327 0.201245614334
0.831461477516 0.368450922327 0.201245614334
0.831461477516 0.368450922327 0.201245614334
0.831461477516 0.368450922327 0.201245614334
0.831461477516 0.368450922327 0.201245614334
0.831461477516 0.368450922327 0.201245614334
0.831461477516 0.368450922327 0.201245614334
0.831461477516 0.368450922327 0.201245614334
0.831461477516 0.368450922327 0.201245614334
0.831461477516 0.368450922327 0.201245614334
0.831461477516 0.368450922327 0.201245614334
0.831461477516 0.368450922327 0.201245614334
0.837747552170 0.374055673554 0.148944814375
0.837747552170 0.374055673554 0.148944814375
0.837747552170 0.374055673554 0.148944814375
0.837747552170 0.374055673554 0.148944814375
0.837747552170 0.374055673554 0.148944814375
0.837747552170 0.374055673554 0.148944814375
0.837747552170 0.374055673554 0.148944814375
0.676813497132 0.291410475644 0.346487153842
0.676813497132 0.291410475644 0.346487153842
0.832252277984 0.337409073140 0.088161164150
0.832252277984 0.337409073140 0.088161164150
0.832252277984 0.337409073140 0.088161164150
0.832252277984 0.337409073140 0.088161164150
0.832252277984 0.337409073140 0.088161164150
0.832252277984 0.337409073140 0.088161164150
0.832252277984 0.337409073140 0.088161164150
0.832252277984 0.337409073140 0.088161164150
0.832252277984 0.337409073140 0.088161164150
0.832252277984 0.337409073140 0.088161164150
0.832252277984 0.337409073140 0.088161164150
0.832252277984 0.337409073140 0.088161164150
0.832252277984 0.337409073140 0.088161164150
0.832252277984 0.337409073140 0.088161164150
0.832252277984 0.337409073140 0.088161164150
0.832252277984 0.337409073140 0.088161164150
0.832252277984 0.337409073140 0.088161164150
0.832252277984 0.337409073140 0.088161164150
0.832252277984 0.337409073140 0.088161164150
0.832252277984 0.337409073140 0.088161164150
0.832252277984 0.337409073140 0.088161164150
0.832252277984 0.337409073140 0.088161164150
0.832252277984 0.337409073140 0.088161164150
0.832252277984 0.337409073140 0.088161164150
0.832252277984 0.337409073140 0.088161164150
0.832252277984 0.337409073140 0.088161164150
0.832252277984 0.337409073140 0.088161164150
0.832252277984 0.337409073140 0.088161164150
0.832252277984 0.337409073140 0.088161164150
0.832252277984 0.337409073140 0.088161164150
0.832252277984 0.337409073140 0.088161164150
0.832252277984 0.337409073140 0.088161164150
0.832252277984 0.337409073140 0.088161164150
0.832252277984 0.337409073140 0.088161164150
0.832252277984 0.337409073140 0.088161164150
0.832252277984 0.337409073140 0.088161164150
0.832252277984 0.337409073140 0.088161164150
0.832252277984 0.337409073140 0.088161164150
0.832252277984 0.337409073140 0.088161164150
0.526803080062 0.584824646040 0.636230744929
0.561589442262 0.728210630427 0.600821749374
0.561589442262 0.728210630427 0.600821749374
0.561589442262 0.728210630427 0.600821749374
