0.009145595327 0.832746822263 0.568982270272
0.000000000000 0.829736882759 0.539475628561
0.030014317726 0.825186249677 0.414243622386
0.030014317726 0.825186249677 0.414243622386
0.030014317726 0.825186249677 0.414243622386
0.030014317726 0.825186249677 0.414243622386
0.030014317726 0.825186249677 0.414243622386
0.030014317726 0.825186249677 0.414243622386
0.030014317726 0.825186249677 0.414243622386
0.030014317726 0.825186249677 0.414243622386
0.030014317726 0.825186249677 0.414243622386
0.030014317726 0.825186249677 0.414243622386
0.030014317726 0.825186249677 0.414243622386
0.030014317726 0.825186249677 0.414243622386
0.030014317726 0.825186249677 0.414243622386
0.030014317726 0.825186249677 0.414243622386
0.030014317726 0.825186249677 0.414243622386
0.039010924205 0.936415110195 0.376132663591
0.039010924205 0.936415110195 0.376132663591
0.039010924205 0.936415110195 0.376132663591
0.039010924205 0.936415110195 0.376132663591
0.039010924205 0.936415110195 0.376132663591
0.039010924205 0.936415110195 0.376132663591
0.039010924205 0.936415110195 0.376132663591
0.039010924205 0.936415110195 0.376132663591
0.039010924205 0.936415110195 0.376132663591
0.039010924205 0.936415110195 0.376132663591
0.039010924205 0.936415110195 0.376132663591
0.039010924205 0.936415110195 0.376132663591
0.039010924205 0.936415110195 0.376132663591
0.039010924205 0.936415110195 0.376132663591
0.039010924205 0.936415110195 0.376132663591
0.039010924205 0.936415110195 0.376132663591
0.039010924205 0.936415110195 0.376132663591
0.039010924205 0.936415110195 0.376132663591
0.039010924205 0.936415110195 0.376132663591
0.039010924205 0.936415110195 0.376132663591
0.039010924205 0.936415110195 0.376132663591
0.039010924205 0.936415110195 0.376132663591
0.039010924205 0.936415110195 0.376132663591
0.039010924205 0.936415110195 0.376132663591
0.039010924205 0.936415110195 0.376132663591
0.039010924205 0.936415110195 0.376132663591
0.039010924205 0.936415110195 0.376132663591
0.645813393731 0.258753503480 0.326745023576
0.645813393731 0.258753503480 0.326745023576
0.645813393731 0.258753503480 0.326745023576
0.684763878226 0.298560117675 0.269653656057
0.684763878226 0.298560117675 0.269653656057
0.684763878226 0.298560117675 0.269653656057
0.684763878226 0.298560117675 0.269653656057
0.684763878226 0.298560117675 0.269653656057
0.615873304271 0.226398676575 0.146569426406
0.615873304271 0.226398676575 0.146569426406
0.615873304271 0.226398676575 0.146569426406
0.615873304271 0.226398676575 0.146569426406
0.615873304271 0.226398676575 0.146569426406
0.615873304271 0.226398676575 0.146569426406
0.615873304271 0.226398676575 0.146569426406
0.615873304271 0.226398676575 0.146569426406
0.615873304271 0.226398676575 0.146569426406
0.650009068364 0.231422103406 0.089967834579
0.650009068364 0.231422103406 0.089967834579
0.650009068364 0.231422103406 0.089967834579
0.650009068364 0.231422103406 0.089967834579
0.650009068364 0.231422103406 0.089967834579
0.650009068364 0.231422103406 0.089967834579
0.650009068364 0.231422103406 0.089967834579
0.650009068364 0.231422103406 0.089967834579
0.650009068364 0.231422103406 0.089967834579
0.650009068364 0.231422103406 0.089967834579
0.650009068364 0.231422103406 0.089967834579
0.650009068364 0.231422103406 0.089967834579
0.650009068364 0.231422103406 0.089967834579
0.650009068364 0.231422103406 0.089967834579
0.650009068364 0.231422103406 0.089967834579
0.650009068364 0.231422103406 0.089967834579
0.650009068364 0.231422103406 0.089967834579
0.650009068364 0.231422103406 0.089967834579
0.649447020777 0.232548003159 0.076196570723
0.649447020777 0.232548003159 0.076196570723
0.649447020777 0.232548003159 0.076196570723
0.649447020777 0.232548003159 0.076196570723
0.649447020777 0.232548003159 0.076196570723
0.649447020777 0.232548003159 0.076196570723
0.649447020777 0.232548003159 0.076196570723
0.649447020777 0.232548003159 0.076196570723
0.649447020777 0.232548003159 0.076196570723
0.649447020777 0.232548003159 0.076196570723
0.649447020777 0.232548003159 0.076196570723
0.649447020777 0.232548003159 0.076196570723
0.649447020777 0.232548003159 0.076196570723
0.649447020777 0.232548003159 0.076196570723
0.649447020777 0.232548003159 0.076196570723
0.649447020777 0.232548003159 0.076196570723
0.649447020777 0.232548003159 0.076196570723
0.649447020777 0.232548003159 0.076196570723
0.424029539657 0.163834867189 0.070380308590
0.424029539657 0.163834867189 0.070380308590
0.424029539657 0.163834867189 0.070380308590
0.424029539657 0.163834867189 0.070380308590
0.424029539657 0.163834867189 0.070380308590
0.424029539657 0.163834867189 0.070380308590
0.424029539657 0.163834867189 0.070380308590
0.424029539657 0.163834867189 0.070380308590
0.424029539657 0.163834867189 0.070380308590
0.424029539657 0.163834867189 0.070380308590
0.424029539657 0.163834867189 0.070380308590
0.424029539657 0.163834867189 0.070380308590
0.424029539657 0.163834867189 0.070380308590
0.424029539657 0.163834867189 0.070380308590
0.407388611623 0.160831734996 0.031544814638
0.407388611623 0.160831734996 0.031544814638
0.407388611623 0.160831734996 0.031544814638
0.407388611623 0.160831734996 0.031544814638
0.407388611623 0.160831734996 0.031544814638
0.407388611623 0.160831734996 0.031544814638
0.407388611623 0.160831734996 0.031544814638
0.407388611623 0.160831734996 0.031544814638
0.407388611623 0.160831734996 0.031544814638
0.407388611623 0.160831734996 0.031544814638
0.407388611623 0.160831734996 0.031544814638
0.407388611623 0.160831734996 0.031544814638
0.407388611623 0.160831734996 0.031544814638
0.407388611623 0.160831734996 0.031544814638
0.407388611623 0.160831734996 0.031544814638
0.407388611623 0.160831734996 0.031544814638
0.407388611623 0.160831734996 0.031544814638
0.407388611623 0.160831734996 0.031544814638
0.407388611623 0.160831734996 0.031544814638
0.407388611623 0.160831734996 0.031544814638
0.407388611623 0.160831734996 0.031544814638
0.407388611623 0.160831734996 0.031544814638
0.407388611623 0.160831734996 0.031544814638
0.407388611623 0.160831734996 0.031544814638
0.407388611623 0.160831734996 0.031544814638
0.407388611623 0.160831734996 0.031544814638
0.407388611623 0.160831734996 0.031544814638
0.407388611623 0.160831734996 0.031544814638
0.407388611623 0.160831734996 0.031544814638
0.407388611623 0.160831734996 0.031544814638
0.407388611623 0.160831734996 0.031544814638
0.407388611623 0.160831734996 0.031544814638
0.407388611623 0.160831734996 0.031544814638
0.407388611623 0.160831734996 0.031544814638
0.407388611623 0.160831734996 0.031544814638
0.407388611623 0.160831734996 0.031544814638
0.407388611623 0.160831734996 0.031544814638
0.407388611623 0.160831734996 0.031544814638
0.407388611623 0.160831734996 0.031544814638
0.407388611623 0.160831734996 0.031544814638
0.407388611623 0.160831734996 0.031544814638
0.407388611623 0.160831734996 0.031544814638
0.407388611623 0.160831734996 0.031544814638
0.407388611623 0.160831734996 0.031544814638
0.407388611623 0.160831734996 0.031544814638
0.407388611623 0.160831734996 0.031544814638
0.407388611623 0.160831734996 0.031544814638
0.407388611623 0.160831734996 0.031544814638
0.407388611623 0.160831734996 0.031544814638
0.407388611623 0.160831734996 0.031544814638
0.407388611623 0.160831734996 0.031544814638
0.407388611623 0.160831734996 0.031544814638
0.407388611623 0.160831734996 0.031544814638
0.407388611623 0.160831734996 0.031544814638
0.407388611623 0.160831734996 0.031544814638
0.407388611623 0.160831734996 0.031544814638
0.407388611623 0.160831734996 0.031544814638
0.407388611623 0.160831734996 0.031544814638
0.407388611623 0.160831734996 0.031544814638
0.407388611623 0.160831734996 0.031544814638
0.407388611623 0.160831734996 0.031544814638
0.407388611623 0.160831734996 0.031544814638
0.407388611623 0.160831734996 0.031544814638
0.407388611623 0.160831734996 0.031544814638
0.407388611623 0.160831734996 0.031544814638
0.407388611623 0.160831734996 0.031544814638
0.407388611623 0.160831734996 0.031544814638
0.407388611623 0.160831734996 0.031544814638
0.407388611623 0.160831734996 0.031544814638
0.407388611623 0.160831734996 0.031544814638
0.407388611623 0.160831734996 0.031544814638
0.407388611623 0.160831734996 0.031544814638
0.407388611623 0.160831734996 0.031544814638
0.407388611623 0.160831734996 0.031544814638
0.407388611623 0.160831734996 0.031544814638
0.407388611623 0.160831734996 0.031544814638
0.407388611623 0.160831734996 0.031544814638
0.407388611623 0.160831734996 0.031544814638
0.407388611623 0.160831734996 0.031544814638
0.407388611623 0.160831734996 0.031544814638
0.407388611623 0.160831734996 0.031544814638
0.407388611623 0.160831734996 0.031544814638
0.407388611623 0.160831734996 0.031544814638
0.407388611623 0.160831734996 0.031544814638
0.407388611623 0.160831734996 0.031544814638
0.407388611623 0.160831734996 0.031544814638
0.407388611623 0.160831734996 0.031544814638
0.407388611623 0.160831734996 0.031544814638
0.407388611623 0.160831734996 0.031544814638
0.407388611623 0.160831734996 0.031544814638
0.407388611623 0.160831734996 0.031544814638
0.407388611623 0.160831734996 0.031544814638
0.407388611623 0.160831734996 0.031544814638
0.407388611623 0.160831734996 0.031544814638
0.407388611623 0.160831734996 0.031544814638
0.407388611623 0.160831734996 0.031544814638
0.407388611623 0.160831734996 0.031544814638
0.407388611623 0.160831734996 0.031544814638
0.407388611623 0.160831734996 0.031544814638
0.407388611623 0.160831734996 0.031544814638
0.407388611623 0.160831734996 0.031544814638
0.407388611623 0.160831734996 0.031544814638
0.407388611623 0.160831734996 0.031544814638
0.407388611623 0.160831734996 0.031544814638
0.407388611623 0.160831734996 0.031544814638
0.407388611623 0.160831734996 0.031544814638
0.407388611623 0.160831734996 0.031544814638
0.407388611623 0.160831734996 0.031544814638
0.407388611623 0.160831734996 0.031544814638
0.407388611623 0.160831734996 0.031544814638
0.407388611623 0.160831734996 0.031544814638
0.407388611623 0.160831734996 0.031544814638
0.407388611623 0.160831734996 0.031544814638
0.407388611623 0.160831734996 0.031544814638
0.407388611623 0.160831734996 0.031544814638
0.407388611623 0.160831734996 0.031544814638
0.407388611623 0.160831734996 0.031544814638
0.407388611623 0.160831734996 0.031544814638
0.407388611623 0.160831734996 0.031544814638
0.407388611623 0.160831734996 0.031544814638
0.407388611623 0.160831734996 0.031544814638
0.407388611623 0.160831734996 0.031544814638
0.407388611623 0.160831734996 0.031544814638
0.407388611623 0.160831734996 0.031544814638
0.407388611623 0.160831734996 0.031544814638
0.407388611623 0.160831734996 0.031544814638
0.407388611623 0.160831734996 0.031544814638
0.407388611623 0.160831734996 0.031544814638
0.407388611623 0.160831734996 0.031544814638
0.407388611623 0.160831734996 0.031544814638
0.407388611623 0.160831734996 0.031544814638
0.407388611623 0.160831734996 0.031544814638
0.407388611623 0.160831734996 0.031544814638
0.407388611623 0.160831734996 0.031544814638
0.407388611623 0.160831734996 0.031544814638
0.407388611623 0.160831734996 0.031544814638
0.407388611623 0.160831734996 0.031544814638
0.407388611623 0.160831734996 0.031544814638
0.407388611623 0.160831734996 0.031544814638
0.407388611623 0.160831734996 0.031544814638
0.407388611623 0.160831734996 0.031544814638
0.407388611623 0.160831734996 0.031544814638
0.407388611623 0.160831734996 0.031544814638
0.407388611623 0.160831734996 0.031544814638
0.407388611623 0.160831734996 0.031544814638
0.407388611623 0.160831734996 0.031544814638
0.407388611623 0.160831734996 0.031544814638
0.407388611623 0.160831734996 0.031544814638
0.407388611623 0.160831734996 0.031544814638
0.407388611623 0.160831734996 0.031544814638
0.407388611623 0.160831734996 0.031544814638
0.407388611623 0.160831734996 0.031544814638
0.407388611623 0.160831734996 0.031544814638
0.407388611623 0.160831734996 0.031544814638
0.407388611623 0.160831734996 0.031544814638
0.407388611623 0.160831734996 0.031544814638
0.407388611623 0.160831734996 0.031544814638
0.407388611623 0.160831734996 0.031544814638
0.407388611623 0.160831734996 0.031544814638
0.407388611623 0.160831734996 0.031544814638
0.407388611623 0.160831734996 0.031544814638
0.407388611623 0.160831734996 0.031544814638
0.407388611623 0.160831734996 0.031544814638
0.407388611623 0.160831734996 0.031544814638
0.407388611623 0.160831734996 0.031544814638
0.407388611623 0.160831734996 0.031544814638
0.407388611623 0.160831734996 0.031544814638
0.407388611623 0.160831734996 0.031544814638
0.407388611623 0.160831734996 0.031544814638
0.407388611623 0.160831734996 0.031544814638
0.407388611623 0.160831734996 0.031544814638
0.407388611623 0.160831734996 0.031544814638
0.407388611623 0.160831734996 0.031544814638
0.407388611623 0.160831734996 0.031544814638
0.407388611623 0.160831734996 0.031544814638
0.407388611623 0.160831734996 0.031544814638
0.407388611623 0.160831734996 0.031544814638
0.407388611623 0.160831734996 0.031544814638
0.407388611623 0.160831734996 0.031544814638
0.407388611623 0.160831734996 0.031544814638
0.407388611623 0.160831734996 0.031544814638
0.407388611623 0.160831734996 0.031544814638
0.407388611623 0.160831734996 0.031544814638
0.407388611623 0.160831734996 0.031544814638
0.407388611623 0.160831734996 0.031544814638
0.407388611623 0.160831734996 0.031544814638
0.407388611623 0.160831734996 0.031544814638
0.407388611623 0.160831734996 0.031544814638
0.407388611623 0.160831734996 0.031544814638
0.407388611623 0.160831734996 0.031544814638
0.407388611623 0.160831734996 0.031544814638
0.407388611623 0.160831734996 0.031544814638
0.407388611623 0.160831734996 0.031544814638
0.407388611623 0.160831734996 0.031544814638
0.407388611623 0.160831734996 0.031544814638
0.407388611623 0.160831734996 0.031544814638
0.407388611623 0.160831734996 0.031544814638
0.407388611623 0.160831734996 0.031544814638
0.407388611623 0.160831734996 0.031544814638
0.407388611623 0.160831734996 0.031544814638
0.407388611623 0.160831734996 0.031544814638
0.407388611623 0.160831734996 0.031544814638
0.407388611623 0.160831734996 0.031544814638
0.407388611623 0.160831734996 0.031544814638
0.407388611623 0.160831734996 0.031544814638
0.407388611623 0.160831734996 0.031544814638
0.407388611623 0.160831734996 0.031544814638
0.407388611623 0.160831734996 0.031544814638
0.407388611623 0.160831734996 0.031544814638
0.407388611623 0.160831734996 0.031544814638
0.407388611623 0.160831734996 0.031544814638
0.407388611623 0.160831734996 0.031544814638
0.407388611623 0.160831734996 0.031544814638
0.407388611623 0.160831734996 0.031544814638
0.407388611623 0.160831734996 0.031544814638
0.407388611623 0.160831734996 0.031544814638
0.407388611623 0.160831734996 0.031544814638
0.407388611623 0.160831734996 0.031544814638
0.407388611623 0.160831734996 0.031544814638
0.407388611623 0.160831734996 0.031544814638
0.407388611623 0.160831734996 0.031544814638
0.407388611623 0.160831734996 0.031544814638
0.407388611623 0.160831734996 0.031544814638
0.407388611623 0.160831734996 0.031544814638
0.407388611623 0.160831734996 0.031544814638
0.407388611623 0.160831734996 0.031544814638
0.407388611623 0.160831734996 0.031544814638
0.407388611623 0.160831734996 0.031544814638
0.407388611623 0.160831734996 0.031544814638
0.407388611623 0.160831734996 0.031544814638
0.407388611623 0.160831734996 0.031544814638
0.407388611623 0.160831734996 0.031544814638
0.407388611623 0.160831734996 0.031544814638
0.407388611623 0.160831734996 0.031544814638
0.407388611623 0.160831734996 0.031544814638
0.407388611623 0.160831734996 0.031544814638
0.407388611623 0.160831734996 0.031544814638
0.407388611623 0.160831734996 0.031544814638
0.407388611623 0.160831734996 0.031544814638
0.407388611623 0.160831734996 0.031544814638
0.407388611623 0.160831734996 0.031544814638
0.407388611623 0.160831734996 0.031544814638
0.407388611623 0.160831734996 0.031544814638
0.407388611623 0.160831734996 0.031544814638
0.407388611623 0.160831734996 0.031544814638
0.407388611623 0.160831734996 0.031544814638
0.407388611623 0.160831734996 0.031544814638
0.407388611623 0.160831734996 0.031544814638
0.407388611623 0.160831734996 0.031544814638
0.407388611623 0.160831734996 0.031544814638
0.407388611623 0.160831734996 0.031544814638
0.407388611623 0.160831734996 0.031544814638
0.407388611623 0.160831734996 0.031544814638
0.407388611623 0.160831734996 0.031544814638
0.407388611623 0.160831734996 0.031544814638
0.407388611623 0.160831734996 0.031544814638
0.407388611623 0.160831734996 0.031544814638
0.407388611623 0.160831734996 0.031544814638
0.407388611623 0.160831734996 0.031544814638
0.407388611623 0.160831734996 0.031544814638
0.407388611623 0.160831734996 0.031544814638
0.407388611623 0.160831734996 0.031544814638
0.407388611623 0.160831734996 0.031544814638
0.407388611623 0.160831734996 0.031544814638
0.407388611623 0.160831734996 0.031544814638
0.407388611623 0.160831734996 0.031544814638
0.407388611623 0.160831734996 0.031544814638
0.407388611623 0.160831734996 0.031544814638
0.407388611623 0.160831734996 0.031544814638
0.407388611623 0.160831734996 0.031544814638
0.407388611623 0.160831734996 0.031544814638
0.407388611623 0.160831734996 0.031544814638
0.407388611623 0.160831734996 0.031544814638
0.407388611623 0.160831734996 0.031544814638
0.407388611623 0.160831734996 0.031544814638
0.407388611623 0.160831734996 0.031544814638
0.407388611623 0.160831734996 0.031544814638
0.407388611623 0.160831734996 0.031544814638
0.407388611623 0.160831734996 0.031544814638
0.407388611623 0.160831734996 0.031544814638
0.407388611623 0.160831734996 0.031544814638
0.407388611623 0.160831734996 0.031544814638
0.407388611623 0.160831734996 0.031544814638
0.407388611623 0.160831734996 0.031544814638
0.407388611623 0.160831734996 0.031544814638
0.407388611623 0.160831734996 0.031544814638
0.407388611623 0.160831734996 0.031544814638
0.407388611623 0.160831734996 0.031544814638
0.407388611623 0.160831734996 0.031544814638
0.407388611623 0.160831734996 0.031544814638
0.407388611623 0.160831734996 0.031544814638
0.407388611623 0.160831734996 0.031544814638
0.407388611623 0.160831734996 0.031544814638
0.407388611623 0.160831734996 0.031544814638
0.407388611623 0.160831734996 0.031544814638
0.407388611623 0.160831734996 0.031544814638
0.407388611623 0.160831734996 0.031544814638
0.407388611623 0.160831734996 0.031544814638
0.407388611623 0.160831734996 0.031544814638
0.407388611623 0.160831734996 0.031544814638
0.407388611623 0.160831734996 0.031544814638
0.407388611623 0.160831734996 0.031544814638
0.407388611623 0.160831734996 0.031544814638
0.407388611623 0.160831734996 0.031544814638
0.407388611623 0.160831734996 0.031544814638
0.407388611623 0.160831734996 0.031544814638
0.407388611623 0.160831734996 0.031544814638
0.407388611623 0.160831734996 0.031544814638
0.407388611623 0.160831734996 0.031544814638
0.407388611623 0.160831734996 0.031544814638
0.407388611623 0.160831734996 0.031544814638
0.407388611623 0.160831734996 0.031544814638
0.407388611623 0.160831734996 0.031544814638
0.407388611623 0.160831734996 0.031544814638
0.407388611623 0.160831734996 0.031544814638
0.407388611623 0.160831734996 0.031544814638
0.407388611623 0.160831734996 0.031544814638
0.407388611623 0.160831734996 0.031544814638
0.407388611623 0.160831734996 0.031544814638
0.407388611623 0.160831734996 0.031544814638
0.407388611623 0.160831734996 0.031544814638
0.407388611623 0.160831734996 0.031544814638
0.407388611623 0.160831734996 0.031544814638
0.407388611623 0.160831734996 0.031544814638
0.407388611623 0.160831734996 0.031544814638
0.407388611623 0.160831734996 0.031544814638
0.407388611623 0.160831734996 0.031544814638
0.407388611623 0.160831734996 0.031544814638
0.407388611623 0.160831734996 0.031544814638
0.407388611623 0.160831734996 0.031544814638
0.407388611623 0.160831734996 0.031544814638
0.407388611623 0.160831734996 0.031544814638
0.407388611623 0.160831734996 0.031544814638
0.407388611623 0.160831734996 0.031544814638
0.407388611623 0.160831734996 0.031544814638
0.407388611623 0.160831734996 0.031544814638
0.407388611623 0.160831734996 0.031544814638
0.407388611623 0.160831734996 0.031544814638
0.407388611623 0.160831734996 0.031544814638
0.407388611623 0.160831734996 0.031544814638
0.407388611623 0.160831734996 0.031544814638
0.407388611623 0.160831734996 0.031544814638
0.407388611623 0.160831734996 0.031544814638
0.407388611623 0.160831734996 0.031544814638
0.407388611623 0.160831734996 0.031544814638
0.407388611623 0.160831734996 0.031544814638
0.407388611623 0.160831734996 0.031544814638
0.407388611623 0.160831734996 0.031544814638
0.407388611623 0.160831734996 0.031544814638
0.407388611623 0.160831734996 0.031544814638
0.407388611623 0.160831734996 0.031544814638
0.407388611623 0.160831734996 0.031544814638
0.407388611623 0.160831734996 0.031544814638
0.407388611623 0.160831734996 0.031544814638
0.407388611623 0.160831734996 0.031544814638
0.407388611623 0.160831734996 0.031544814638
0.407388611623 0.160831734996 0.031544814638
0.407388611623 0.160831734996 0.031544814638
0.407388611623 0.160831734996 0.031544814638
0.407388611623 0.160831734996 0.031544814638
0.407388611623 0.160831734996 0.031544814638
0.407388611623 0.160831734996 0.031544814638
0.407388611623 0.160831734996 0.031544814638
0.407388611623 0.160831734996 0.031544814638
0.407388611623 0.160831734996 0.031544814638
0.407388611623 0.160831734996 0.031544814638
0.407388611623 0.160831734996 0.031544814638
0.407388611623 0.160831734996 0.031544814638
0.407388611623 0.160831734996 0.031544814638
0.407388611623 0.160831734996 0.031544814638
0.407388611623 0.160831734996 0.031544814638
0.407388611623 0.160831734996 0.031544814638
0.407388611623 0.160831734996 0.031544814638
0.407388611623 0.160831734996 0.031544814638
0.407388611623 0.160831734996 0.031544814638
0.407388611623 0.160831734996 0.031544814638
0.407388611623 0.160831734996 0.031544814638
0.407388611623 0.160831734996 0.031544814638
0.407388611623 0.160831734996 0.031544814638
0.407388611623 0.160831734996 0.031544814638
0.407388611623 0.160831734996 0.031544814638
0.407388611623 0.160831734996 0.031544814638
0.407388611623 0.160831734996 0.031544814638
0.407388611623 0.160831734996 0.031544814638
0.407388611623 0.160831734996 0.031544814638
0.407388611623 0.160831734996 0.031544814638
0.407388611623 0.160831734996 0.031544814638
0.407388611623 0.160831734996 0.031544814638
0.407388611623 0.160831734996 0.031544814638
0.407388611623 0.160831734996 0.031544814638
