0.197239399568 0.741218054474 0.532311273036
0.197239399568 0.741218054474 0.532311273036
0.197239399568 0.741218054474 0.532311273036
0.197239399568 0.741218054474 0.532311273036
0.197239399568 0.741218054474 0.532311273036
0.042682485825 0.665798664155 0.521076769153
0.042682485825 0.665798664155 0.521076769153
0.042682485825 0.665798664155 0.521076769153
0.042682485825 0.665798664155 0.521076769153
0.042682485825 0.665798664155 0.521076769153
0.042682485825 0.665798664155 0.521076769153
0.042682485825 0.665798664155 0.521076769153
0.042682485825 0.665798664155 0.521076769153
0.042682485825 0.665798664155 0.521076769153
0.048947881188 0.688427450206 0.501339898781
0.048947881188 0.688427450206 0.501339898781
0.048947881188 0.688427450206 0.501339898781
0.048947881188 0.688427450206 0.501339898781
0.048947881188 0.688427450206 0.501339898781
0.048947881188 0.688427450206 0.501339898781
0.048947881188 0.688427450206 0.501339898781
0.048947881188 0.688427450206 0.501339898781
0.048947881188 0.688427450206 0.501339898781
0.048947881188 0.688427450206 0.501339898781
0.048947881188 0.688427450206 0.501339898781
0.048947881188 0.688427450206 0.501339898781
0.048947881188 0.688427450206 0.501339898781
0.048947881188 0.688427450206 0.501339898781
0.048947881188 0.688427450206 0.501339898781
0.048947881188 0.688427450206 0.501339898781
0.048947881188 0.688427450206 0.501339898781
0.048947881188 0.688427450206 0.501339898781
0.048947881188 0.688427450206 0.501339898781
0.048947881188 0.688427450206 0.501339898781
0.054209142248 0.479359887637 0.473568155319
0.054209142248 0.479359887637 0.473568155319
0.054209142248 0.479359887637 0.473568155319
0.054209142248 0.479359887637 0.473568155319
0.054209142248 0.479359887637 0.473568155319
0.054209142248 0.479359887637 0.473568155319
0.054209142248 0.479359887637 0.473568155319
0.000000000000 0.147125748109 0.400753112290
0.000000000000 0.147125748109 0.400753112290
0.000000000000 0.147125748109 0.400753112290
0.000000000000 0.147125748109 0.400753112290
0.000000000000 0.147125748109 0.400753112290
0.000000000000 0.147125748109 0.400753112290
0.000000000000 0.147125748109 0.400753112290
0.600731709891 0.273837377261 0.492684188838
0.664737207788 0.275722387616 0.315387340881
0.664737207788 0.275722387616 0.315387340881
0.619905603338 0.238805269783 0.172751473085
0.619905603338 0.238805269783 0.172751473085
0.702319856992 0.260558770506 0.160414200520
0.702319856992 0.260558770506 0.160414200520
0.702319856992 0.260558770506 0.160414200520
0.702319856992 0.260558770506 0.160414200520
0.702319856992 0.260558770506 0.160414200520
0.702319856992 0.260558770506 0.160414200520
0.702319856992 0.260558770506 0.160414200520
0.702319856992 0.260558770506 0.160414200520
0.702319856992 0.260558770506 0.160414200520
0.702319856992 0.260558770506 0.160414200520
0.702319856992 0.260558770506 0.160414200520
0.702319856992 0.260558770506 0.160414200520
0.702319856992 0.260558770506 0.160414200520
0.702319856992 0.260558770506 0.160414200520
0.702319856992 0.260558770506 0.160414200520
0.702319856992 0.260558770506 0.160414200520
0.702319856992 0.260558770506 0.160414200520
0.702319856992 0.260558770506 0.160414200520
0.702319856992 0.260558770506 0.160414200520
0.702319856992 0.260558770506 0.160414200520
0.685953551030 0.255232434943 0.140417678405
0.685953551030 0.255232434943 0.140417678405
0.685953551030 0.255232434943 0.140417678405
0.659609136768 0.238597506768 0.046712803972
0.659609136768 0.238597506768 0.046712803972
0.659609136768 0.238597506768 0.046712803972
0.659609136768 0.238597506768 0.046712803972
0.659609136768 0.238597506768 0.046712803972
0.659609136768 0.238597506768 0.046712803972
0.659609136768 0.238597506768 0.046712803972
0.657982018340 0.240745213422 0.045760279593
0.657982018340 0.240745213422 0.045760279593
0.657982018340 0.240745213422 0.045760279593
0.657982018340 0.240745213422 0.045760279593
0.657982018340 0.240745213422 0.045760279593
0.657982018340 0.240745213422 0.045760279593
0.658592535432 0.239083697405 0.044967290803
0.658592535432 0.239083697405 0.044967290803
0.658592535432 0.239083697405 0.044967290803
0.658592535432 0.239083697405 0.044967290803
0.658592535432 0.239083697405 0.044967290803
0.658592535432 0.239083697405 0.044967290803
0.658592535432 0.239083697405 0.044967290803
0.780420758553 0.059657237548 0.607668938821
0.742252223768 0.131887235071 0.525424292476
0.682017040942 0.268113402519 0.324259243781
0.682017040942 0.268113402519 0.324259243781
0.682017040942 0.268113402519 0.324259243781
0.682017040942 0.268113402519 0.324259243781
0.777092824027 0.269222685125 0.306046748248
0.751411163585 0.271312041862 0.172049087125
0.751411163585 0.271312041862 0.172049087125
0.675778974578 0.246512393953 0.093683677233
0.675778974578 0.246512393953 0.093683677233
0.675778974578 0.246512393953 0.093683677233
0.675778974578 0.246512393953 0.093683677233
0.675778974578 0.246512393953 0.093683677233
0.675778974578 0.246512393953 0.093683677233
0.675778974578 0.246512393953 0.093683677233
0.675778974578 0.246512393953 0.093683677233
0.675778974578 0.246512393953 0.093683677233
0.675778974578 0.246512393953 0.093683677233
0.675778974578 0.246512393953 0.093683677233
0.675778974578 0.246512393953 0.093683677233
0.675778974578 0.246512393953 0.093683677233
0.675778974578 0.246512393953 0.093683677233
0.675778974578 0.246512393953 0.093683677233
0.675778974578 0.246512393953 0.093683677233
0.675778974578 0.246512393953 0.093683677233
0.675778974578 0.246512393953 0.093683677233
0.675778974578 0.246512393953 0.093683677233
0.675778974578 0.246512393953 0.093683677233
0.675778974578 0.246512393953 0.093683677233
0.675778974578 0.246512393953 0.093683677233
0.675778974578 0.246512393953 0.093683677233
0.675778974578 0.246512393953 0.093683677233
0.675778974578 0.246512393953 0.093683677233
0.675778974578 0.246512393953 0.093683677233
0.675778974578 0.246512393953 0.093683677233
0.675778974578 0.246512393953 0.093683677233
0.667894801892 0.241171131877 0.061870840856
0.658323467059 0.236551040689 0.049713674937
0.658323467059 0.236551040689 0.049713674937
0.658323467059 0.236551040689 0.049713674937
0.658323467059 0.236551040689 0.049713674937
0.658323467059 0.236551040689 0.049713674937
0.658323467059 0.236551040689 0.049713674937
0.658323467059 0.236551040689 0.049713674937
0.658323467059 0.236551040689 0.049713674937
0.658323467059 0.236551040689 0.049713674937
0.658323467059 0.236551040689 0.049713674937
0.824237487564 0.345590443506 0.140772130769
0.824237487564 0.345590443506 0.140772130769
0.824237487564 0.345590443506 0.140772130769
0.824237487564 0.345590443506 0.140772130769
0.824237487564 0.345590443506 0.140772130769
0.824237487564 0.345590443506 0.140772130769
0.824237487564 0.345590443506 0.140772130769
0.824237487564 0.345590443506 0.140772130769
0.824237487564 0.345590443506 0.140772130769
0.824237487564 0.345590443506 0.140772130769
0.824237487564 0.345590443506 0.140772130769
0.824237487564 0.345590443506 0.140772130769
0.824237487564 0.345590443506 0.140772130769
0.824237487564 0.345590443506 0.140772130769
0.824237487564 0.345590443506 0.140772130769
0.824237487564 0.345590443506 0.140772130769
0.824237487564 0.345590443506 0.140772130769
0.824237487564 0.345590443506 0.140772130769
0.824237487564 0.345590443506 0.140772130769
0.824237487564 0.345590443506 0.140772130769
0.824237487564 0.345590443506 0.140772130769
0.824237487564 0.345590443506 0.140772130769
0.824237487564 0.345590443506 0.140772130769
0.825561590551 0.345869968437 0.135547085989
0.825561590551 0.345869968437 0.135547085989
0.827666414938 0.341190918713 0.085967125116
0.827666414938 0.341190918713 0.085967125116
0.827666414938 0.341190918713 0.085967125116
0.827666414938 0.341190918713 0.085967125116
0.827666414938 0.341190918713 0.085967125116
0.827666414938 0.341190918713 0.085967125116
0.827666414938 0.341190918713 0.085967125116
0.827666414938 0.341190918713 0.085967125116
0.827666414938 0.341190918713 0.085967125116
0.827666414938 0.341190918713 0.085967125116
0.827666414938 0.341190918713 0.085967125116
0.827666414938 0.341190918713 0.085967125116
0.827666414938 0.341190918713 0.085967125116
0.827666414938 0.341190918713 0.085967125116
0.827666414938 0.341190918713 0.085967125116
0.827666414938 0.341190918713 0.085967125116
0.827666414938 0.341190918713 0.085967125116
0.827666414938 0.341190918713 0.085967125116
0.100285133034 0.763048996469 0.561141721560
0.100285133034 0.763048996469 0.561141721560
0.054935077064 0.636584604505 0.560670303436
0.054935077064 0.636584604505 0.560670303436
0.000000000000 0.736084218202 0.475734092001
0.000000000000 0.736084218202 0.475734092001
0.000000000000 0.736084218202 0.475734092001
0.000000000000 0.736084218202 0.475734092001
0.000000000000 0.736084218202 0.475734092001
0.000000000000 0.736084218202 0.475734092001
0.000000000000 0.736084218202 0.475734092001
0.000000000000 0.736084218202 0.475734092001
0.000000000000 0.736084218202 0.475734092001
0.000000000000 0.736084218202 0.475734092001
0.000000000000 0.736084218202 0.475734092001
0.088076002460 0.751253883638 0.473326610482
0.088076002460 0.751253883638 0.473326610482
0.000000000000 0.341907501950 0.457098006758
0.000000000000 0.341907501950 0.457098006758
0.000000000000 0.341907501950 0.457098006758
0.000000000000 0.341907501950 0.457098006758
0.000000000000 0.337737749095 0.455762384540
0.000000000000 0.337737749095 0.455762384540
0.000000000000 0.337737749095 0.455762384540
0.000000000000 0.337737749095 0.455762384540
0.000000000000 0.337737749095 0.455762384540
0.000000000000 0.337737749095 0.455762384540
0.000000000000 0.337737749095 0.455762384540
0.000000000000 0.337737749095 0.455762384540
0.000000000000 0.337737749095 0.455762384540
0.000000000000 0.337737749095 0.455762384540
0.000000000000 0.337737749095 0.455762384540
0.000000000000 0.337737749095 0.455762384540
0.000000000000 0.337737749095 0.455762384540
0.000000000000 0.337737749095 0.455762384540
0.000000000000 0.337737749095 0.455762384540
0.000000000000 0.337737749095 0.455762384540
0.000000000000 0.337737749095 0.455762384540
0.929463860184 0.453147306931 0.144833546844
0.929463860184 0.453147306931 0.144833546844
0.929463860184 0.453147306931 0.144833546844
0.929463860184 0.453147306931 0.144833546844
0.929463860184 0.453147306931 0.144833546844
0.929463860184 0.453147306931 0.144833546844
0.929463860184 0.453147306931 0.144833546844
0.929463860184 0.453147306931 0.144833546844
0.848401423409 0.292888718412 0.346473010911
0.848401423409 0.292888718412 0.346473010911
0.848401423409 0.292888718412 0.346473010911
0.848401423409 0.292888718412 0.346473010911
0.848401423409 0.292888718412 0.346473010911
0.848401423409 0.292888718412 0.346473010911
0.848401423409 0.292888718412 0.346473010911
0.848401423409 0.292888718412 0.346473010911
0.848401423409 0.292888718412 0.346473010911
0.848401423409 0.292888718412 0.346473010911
0.848401423409 0.292888718412 0.346473010911
0.906682984330 0.373116216519 0.264750113486
0.906682984330 0.373116216519 0.264750113486
0.906682984330 0.373116216519 0.264750113486
0.906682984330 0.373116216519 0.264750113486
0.822126158691 0.329891918280 0.107000674964
0.822126158691 0.329891918280 0.107000674964
0.822126158691 0.329891918280 0.107000674964
0.822126158691 0.329891918280 0.107000674964
0.822126158691 0.329891918280 0.107000674964
0.822126158691 0.329891918280 0.107000674964
0.822126158691 0.329891918280 0.107000674964
0.822126158691 0.329891918280 0.107000674964
0.822126158691 0.329891918280 0.107000674964
0.822126158691 0.329891918280 0.107000674964
0.822126158691 0.329891918280 0.107000674964
0.822126158691 0.329891918280 0.107000674964
0.822126158691 0.329891918280 0.107000674964
0.822126158691 0.329891918280 0.107000674964
0.833029538977 0.336149110424 0.096747592409
0.833029538977 0.336149110424 0.096747592409
0.833029538977 0.336149110424 0.096747592409
0.833029538977 0.336149110424 0.096747592409
0.833029538977 0.336149110424 0.096747592409
0.833029538977 0.336149110424 0.096747592409
0.833029538977 0.336149110424 0.096747592409
0.833029538977 0.336149110424 0.096747592409
0.833029538977 0.336149110424 0.096747592409
0.833029538977 0.336149110424 0.096747592409
0.833029538977 0.336149110424 0.096747592409
0.833029538977 0.336149110424 0.096747592409
0.833029538977 0.336149110424 0.096747592409
0.833029538977 0.336149110424 0.096747592409
0.833029538977 0.336149110424 0.096747592409
0.101310155670 0.586278360070 0.582264405236
0.101310155670 0.586278360070 0.582264405236
0.000000000000 0.572524387335 0.542706487764
0.000000000000 0.754711364212 0.533002685198
0.000000000000 0.754711364212 0.533002685198
0.000000000000 0.754711364212 0.533002685198
0.000000000000 0.754711364212 0.533002685198
0.000000000000 0.723728272956 0.445609938622
0.000000000000 0.723728272956 0.445609938622
0.000000000000 0.723728272956 0.445609938622
0.000000000000 0.723728272956 0.445609938622
0.000000000000 0.723728272956 0.445609938622
0.000000000000 0.723728272956 0.445609938622
0.000000000000 0.723728272956 0.445609938622
0.000000000000 0.723728272956 0.445609938622
0.000000000000 0.723728272956 0.445609938622
0.000000000000 0.723728272956 0.445609938622
0.000000000000 0.723728272956 0.445609938622
0.000000000000 0.723728272956 0.445609938622
0.000000000000 0.723728272956 0.445609938622
0.000000000000 0.723728272956 0.445609938622
0.000000000000 0.723728272956 0.445609938622
0.000000000000 0.723728272956 0.445609938622
0.000000000000 0.723728272956 0.445609938622
0.000000000000 0.723728272956 0.445609938622
0.000000000000 0.723728272956 0.445609938622
0.000000000000 0.723728272956 0.445609938622
0.000000000000 0.723728272956 0.445609938622
0.000000000000 0.723728272956 0.445609938622
0.000000000000 0.723728272956 0.445609938622
0.000000000000 0.723728272956 0.445609938622
0.000000000000 0.723728272956 0.445609938622
0.000000000000 0.723728272956 0.445609938622
0.000000000000 0.723728272956 0.445609938622
0.000000000000 0.723728272956 0.445609938622
0.000000000000 0.723728272956 0.445609938622
0.000000000000 0.723728272956 0.445609938622
0.000000000000 0.723728272956 0.445609938622
0.000000000000 0.723728272956 0.445609938622
0.000000000000 0.723728272956 0.445609938622
0.000000000000 0.723728272956 0.445609938622
0.012332684828 0.747852957668 0.433700410356
0.012332684828 0.747852957668 0.433700410356
0.012332684828 0.747852957668 0.433700410356
0.294040898586 0.268857812612 0.577667970063
0.294040898586 0.268857812612 0.577667970063
0.294040898586 0.268857812612 0.577667970063
0.294040898586 0.268857812612 0.577667970063
0.117929279985 0.314768861973 0.545723422631
0.000000000000 0.341556603421 0.457098006758
0.000000000000 0.341556603421 0.457098006758
0.000000000000 0.341556603421 0.457098006758
0.000000000000 0.341556603421 0.457098006758
0.000000000000 0.341556603421 0.457098006758
0.000000000000 0.341556603421 0.457098006758
0.000000000000 0.341556603421 0.457098006758
0.000000000000 0.341556603421 0.457098006758
0.000000000000 0.341556603421 0.457098006758
0.000000000000 0.165795726952 0.408820885635
0.000000000000 0.165795726952 0.408820885635
0.000000000000 0.165795726952 0.408820885635
0.000000000000 0.127248965960 0.294174755248
0.000000000000 0.127248965960 0.294174755248
0.000000000000 0.127248965960 0.294174755248
0.000000000000 0.129975677843 0.264184472408
0.000000000000 0.129975677843 0.264184472408
0.000000000000 0.129975677843 0.264184472408
0.000000000000 0.129975677843 0.264184472408
0.000000000000 0.129975677843 0.264184472408
0.000000000000 0.129975677843 0.264184472408
0.000000000000 0.129975677843 0.264184472408
0.000000000000 0.129975677843 0.264184472408
0.000000000000 0.129975677843 0.264184472408
0.000000000000 0.129975677843 0.264184472408
0.000000000000 0.129975677843 0.264184472408
0.000000000000 0.129975677843 0.264184472408
0.000000000000 0.129975677843 0.264184472408
0.000000000000 0.129975677843 0.264184472408
0.000000000000 0.129975677843 0.264184472408
0.000000000000 0.129975677843 0.264184472408
0.000000000000 0.129975677843 0.264184472408
0.000000000000 0.129975677843 0.264184472408
0.000000000000 0.133009869811 0.252044683336
0.000000000000 0.133009869811 0.252044683336
0.000000000000 0.133009869811 0.252044683336
0.000000000000 0.133009869811 0.252044683336
0.000000000000 0.133009869811 0.252044683336
0.000000000000 0.133009869811 0.252044683336
0.000000000000 0.133009869811 0.252044683336
0.000000000000 0.133009869811 0.252044683336
0.000000000000 0.133009869811 0.252044683336
0.000000000000 0.133009869811 0.252044683336
0.008272649828 0.869890854129 0.493248911788
0.008272649828 0.869890854129 0.493248911788
0.008272649828 0.869890854129 0.493248911788
0.008272649828 0.869890854129 0.493248911788
0.008272649828 0.869890854129 0.493248911788
0.008272649828 0.869890854129 0.493248911788
0.008272649828 0.869890854129 0.493248911788
0.000000000000 0.873291603442 0.478486684982
0.000000000000 0.873291603442 0.478486684982
0.000000000000 0.873291603442 0.478486684982
0.000000000000 0.873291603442 0.478486684982
0.000000000000 0.870685149005 0.470186282938
0.000000000000 0.870685149005 0.470186282938
0.000000000000 0.870685149005 0.470186282938
0.000000000000 0.870685149005 0.470186282938
0.000000000000 0.870685149005 0.470186282938
0.000000000000 0.870685149005 0.470186282938
0.000000000000 0.870685149005 0.470186282938
0.000000000000 0.870685149005 0.470186282938
0.000000000000 0.870685149005 0.470186282938
0.000000000000 0.870685149005 0.470186282938
0.000000000000 0.870685149005 0.470186282938
0.000000000000 0.870685149005 0.470186282938
0.000000000000 0.870685149005 0.470186282938
0.000000000000 0.870685149005 0.470186282938
0.000000000000 0.870685149005 0.470186282938
0.000000000000 0.870685149005 0.470186282938
0.000000000000 0.870685149005 0.470186282938
0.000000000000 0.870685149005 0.470186282938
0.000000000000 0.870685149005 0.470186282938
0.000000000000 0.870685149005 0.470186282938
0.000000000000 0.870685149005 0.470186282938
0.000000000000 0.870685149005 0.470186282938
0.000000000000 0.870685149005 0.470186282938
0.000000000000 0.870685149005 0.470186282938
0.000000000000 0.870685149005 0.470186282938
0.000000000000 0.870685149005 0.470186282938
0.000000000000 0.870685149005 0.470186282938
0.000000000000 0.870685149005 0.470186282938
0.000000000000 0.870685149005 0.470186282938
0.000000000000 0.870685149005 0.470186282938
0.000000000000 0.870685149005 0.470186282938
0.242388587854 0.115601031641 0.291086490373
0.242388587854 0.115601031641 0.291086490373
0.242388587854 0.115601031641 0.291086490373
0.242388587854 0.115601031641 0.291086490373
0.242388587854 0.115601031641 0.291086490373
0.242388587854 0.115601031641 0.291086490373
0.242388587854 0.115601031641 0.291086490373
0.242388587854 0.115601031641 0.291086490373
0.242388587854 0.115601031641 0.291086490373
0.242388587854 0.115601031641 0.291086490373
0.242388587854 0.115601031641 0.291086490373
0.242388587854 0.115601031641 0.291086490373
0.242388587854 0.115601031641 0.291086490373
0.242388587854 0.115601031641 0.291086490373
0.242388587854 0.115601031641 0.291086490373
0.242388587854 0.115601031641 0.291086490373
0.242388587854 0.115601031641 0.291086490373
0.242388587854 0.115601031641 0.291086490373
0.242388587854 0.115601031641 0.291086490373
0.242388587854 0.115601031641 0.291086490373
0.242388587854 0.115601031641 0.291086490373
0.242388587854 0.115601031641 0.291086490373
0.242388587854 0.115601031641 0.291086490373
0.242388587854 0.115601031641 0.291086490373
0.242388587854 0.115601031641 0.291086490373
0.242388587854 0.115601031641 0.291086490373
0.242388587854 0.115601031641 0.291086490373
0.242388587854 0.115601031641 0.291086490373
0.242388587854 0.115601031641 0.291086490373
0.242388587854 0.115601031641 0.291086490373
0.242388587854 0.115601031641 0.291086490373
0.242388587854 0.115601031641 0.291086490373
0.242388587854 0.115601031641 0.291086490373
0.251853496766 0.117343344715 0.250169526949
0.251853496766 0.117343344715 0.250169526949
0.251853496766 0.117343344715 0.250169526949
0.251853496766 0.117343344715 0.250169526949
0.251853496766 0.117343344715 0.250169526949
0.251853496766 0.117343344715 0.250169526949
0.251853496766 0.117343344715 0.250169526949
0.251853496766 0.117343344715 0.250169526949
0.995584040214 0.536527061700 0.311446457873
0.995584040214 0.536527061700 0.311446457873
0.995584040214 0.536527061700 0.311446457873
0.995584040214 0.536527061700 0.311446457873
0.995584040214 0.536527061700 0.311446457873
0.995584040214 0.536527061700 0.311446457873
0.995584040214 0.536527061700 0.311446457873
0.995584040214 0.536527061700 0.311446457873
0.995584040214 0.536527061700 0.311446457873
0.995584040214 0.536527061700 0.311446457873
0.995584040214 0.536527061700 0.311446457873
0.995584040214 0.536527061700 0.311446457873
0.995584040214 0.536527061700 0.311446457873
0.995584040214 0.536527061700 0.311446457873
0.995584040214 0.536527061700 0.311446457873
0.995584040214 0.536527061700 0.311446457873
0.995584040214 0.536527061700 0.311446457873
0.995584040214 0.536527061700 0.311446457873
0.995584040214 0.536527061700 0.311446457873
0.995584040214 0.536527061700 0.311446457873
0.978004996141 0.528131667187 0.192329999783
0.978004996141 0.528131667187 0.192329999783
0.978004996141 0.528131667187 0.192329999783
0.978004996141 0.528131667187 0.192329999783
0.978004996141 0.528131667187 0.192329999783
0.978004996141 0.528131667187 0.192329999783
0.978004996141 0.528131667187 0.192329999783
0.978004996141 0.528131667187 0.192329999783
0.978004996141 0.528131667187 0.192329999783
0.978004996141 0.528131667187 0.192329999783
0.978004996141 0.528131667187 0.192329999783
0.978004996141 0.528131667187 0.192329999783
0.978004996141 0.528131667187 0.192329999783
0.978004996141 0.528131667187 0.192329999783
0.978004996141 0.528131667187 0.192329999783
0.978004996141 0.528131667187 0.192329999783
0.978004996141 0.528131667187 0.192329999783
0.978004996141 0.528131667187 0.192329999783
0.978004996141 0.528131667187 0.192329999783
0.978004996141 0.528131667187 0.192329999783
0.978004996141 0.528131667187 0.192329999783
0.000000000000 0.068949949803 0.586742233768
0.420526447307 0.000000000000 0.558871577250
0.420526447307 0.000000000000 0.558871577250
0.420526447307 0.000000000000 0.558871577250
0.420526447307 0.000000000000 0.558871577250
0.420526447307 0.000000000000 0.558871577250
0.420526447307 0.000000000000 0.558871577250
0.458056798881 0.037504313363 0.531693569569
