0.489125006386 0.276485362980 0.635284914601
0.532284223325 0.000000000000 0.546984472753
0.532284223325 0.000000000000 0.546984472753
0.532284223325 0.000000000000 0.546984472753
0.328485122735 0.186079528626 0.438796806829
0.327560279610 0.179881212264 0.371946031225
0.327560279610 0.179881212264 0.371946031225
0.327560279610 0.179881212264 0.371946031225
0.327560279610 0.179881212264 0.371946031225
0.613812239880 0.249435433665 0.225383043095
0.613812239880 0.249435433665 0.225383043095
0.613812239880 0.249435433665 0.225383043095
0.613812239880 0.249435433665 0.225383043095
0.854048221541 0.344306873551 0.211516837631
0.854048221541 0.344306873551 0.211516837631
0.854048221541 0.344306873551 0.211516837631
0.854048221541 0.344306873551 0.211516837631
0.854048221541 0.344306873551 0.211516837631
0.854048221541 0.344306873551 0.211516837631
0.854048221541 0.344306873551 0.211516837631
0.854048221541 0.344306873551 0.211516837631
0.854048221541 0.344306873551 0.211516837631
0.854048221541 0.344306873551 0.211516837631
0.854048221541 0.344306873551 0.211516837631
0.854048221541 0.344306873551 0.211516837631
0.854048221541 0.344306873551 0.211516837631
0.854048221541 0.344306873551 0.211516837631
0.339906316265 0.134483594714 0.171798463312
0.339906316265 0.134483594714 0.171798463312
0.339906316265 0.134483594714 0.171798463312
0.339906316265 0.134483594714 0.171798463312
0.339906316265 0.134483594714 0.171798463312
0.339906316265 0.134483594714 0.171798463312
0.339906316265 0.134483594714 0.171798463312
0.339906316265 0.134483594714 0.171798463312
0.339906316265 0.134483594714 0.171798463312
0.339906316265 0.134483594714 0.171798463312
0.339906316265 0.134483594714 0.171798463312
0.339906316265 0.134483594714 0.171798463312
0.339906316265 0.134483594714 0.171798463312
0.339906316265 0.134483594714 0.171798463312
0.339906316265 0.134483594714 0.171798463312
0.339906316265 0.134483594714 0.171798463312
0.339906316265 0.134483594714 0.171798463312
0.339906316265 0.134483594714 0.171798463312
0.339906316265 0.134483594714 0.171798463312
0.339906316265 0.134483594714 0.171798463312
0.339906316265 0.134483594714 0.171798463312
0.339906316265 0.134483594714 0.171798463312
0.339906316265 0.134483594714 0.171798463312
0.339906316265 0.134483594714 0.171798463312
0.339906316265 0.134483594714 0.171798463312
0.339906316265 0.134483594714 0.171798463312
0.339906316265 0.134483594714 0.171798463312
0.339906316265 0.134483594714 0.171798463312
0.339906316265 0.134483594714 0.171798463312
0.339906316265 0.134483594714 0.171798463312
0.414488608762 0.167095911699 0.096541649930
0.414488608762 0.167095911699 0.096541649930
0.414488608762 0.167095911699 0.096541649930
0.414488608762 0.167095911699 0.096541649930
0.414488608762 0.167095911699 0.096541649930
0.414488608762 0.167095911699 0.096541649930
0.414488608762 0.167095911699 0.096541649930
0.414488608762 0.167095911699 0.096541649930
0.414488608762 0.167095911699 0.096541649930
0.414488608762 0.167095911699 0.096541649930
0.414488608762 0.167095911699 0.096541649930
0.414488608762 0.167095911699 0.096541649930
0.414488608762 0.167095911699 0.096541649930
0.414488608762 0.167095911699 0.096541649930
0.414488608762 0.167095911699 0.096541649930
0.414488608762 0.167095911699 0.096541649930
0.414488608762 0.167095911699 0.096541649930
0.414488608762 0.167095911699 0.096541649930
0.414488608762 0.167095911699 0.096541649930
0.414488608762 0.167095911699 0.096541649930
0.414488608762 0.167095911699 0.096541649930
0.414488608762 0.167095911699 0.096541649930
0.414488608762 0.167095911699 0.096541649930
0.414488608762 0.167095911699 0.096541649930
0.414488608762 0.167095911699 0.096541649930
0.414488608762 0.167095911699 0.096541649930
0.414488608762 0.167095911699 0.096541649930
0.414488608762 0.167095911699 0.096541649930
0.414488608762 0.167095911699 0.096541649930
0.414488608762 0.167095911699 0.096541649930
0.414488608762 0.167095911699 0.096541649930
0.414488608762 0.167095911699 0.096541649930
0.414488608762 0.167095911699 0.096541649930
0.414488608762 0.167095911699 0.096541649930
0.414488608762 0.167095911699 0.096541649930
0.414488608762 0.167095911699 0.096541649930
0.414488608762 0.167095911699 0.096541649930
0.414488608762 0.167095911699 0.096541649930
0.414488608762 0.167095911699 0.096541649930
0.414488608762 0.167095911699 0.096541649930
0.414488608762 0.167095911699 0.096541649930
0.414488608762 0.167095911699 0.096541649930
0.414488608762 0.167095911699 0.096541649930
0.414488608762 0.167095911699 0.096541649930
0.414488608762 0.167095911699 0.096541649930
0.414488608762 0.167095911699 0.096541649930
0.414488608762 0.167095911699 0.096541649930
0.414488608762 0.167095911699 0.096541649930
0.414488608762 0.167095911699 0.096541649930
0.414488608762 0.167095911699 0.096541649930
0.414488608762 0.167095911699 0.096541649930
0.414488608762 0.167095911699 0.096541649930
0.414488608762 0.167095911699 0.096541649930
0.414488608762 0.167095911699 0.096541649930
0.414488608762 0.167095911699 0.096541649930
0.414488608762 0.167095911699 0.096541649930
0.414488608762 0.167095911699 0.096541649930
0.414488608762 0.167095911699 0.096541649930
0.414488608762 0.167095911699 0.096541649930
0.414488608762 0.167095911699 0.096541649930
0.414488608762 0.167095911699 0.096541649930
0.414488608762 0.167095911699 0.096541649930
0.414488608762 0.167095911699 0.096541649930
0.414488608762 0.167095911699 0.096541649930
0.414488608762 0.167095911699 0.096541649930
0.414488608762 0.167095911699 0.096541649930
0.414488608762 0.167095911699 0.096541649930
0.414488608762 0.167095911699 0.096541649930
0.414488608762 0.167095911699 0.096541649930
0.414488608762 0.167095911699 0.096541649930
0.414488608762 0.167095911699 0.096541649930
0.414488608762 0.167095911699 0.096541649930
0.414488608762 0.167095911699 0.096541649930
0.414488608762 0.167095911699 0.096541649930
0.414488608762 0.167095911699 0.096541649930
0.414488608762 0.167095911699 0.096541649930
0.414488608762 0.167095911699 0.096541649930
0.414488608762 0.167095911699 0.096541649930
0.414488608762 0.167095911699 0.096541649930
0.414488608762 0.167095911699 0.096541649930
0.414488608762 0.167095911699 0.096541649930
0.414488608762 0.167095911699 0.096541649930
0.414488608762 0.167095911699 0.096541649930
0.414488608762 0.167095911699 0.096541649930
0.414488608762 0.167095911699 0.096541649930
0.414488608762 0.167095911699 0.096541649930
0.414488608762 0.167095911699 0.096541649930
0.414488608762 0.167095911699 0.096541649930
0.414488608762 0.167095911699 0.096541649930
0.414488608762 0.167095911699 0.096541649930
0.414488608762 0.167095911699 0.096541649930
0.414488608762 0.167095911699 0.096541649930
0.414488608762 0.167095911699 0.096541649930
0.414488608762 0.167095911699 0.096541649930
0.414488608762 0.167095911699 0.096541649930
0.414488608762 0.167095911699 0.096541649930
0.414488608762 0.167095911699 0.096541649930
0.414488608762 0.167095911699 0.096541649930
0.414488608762 0.167095911699 0.096541649930
0.414488608762 0.167095911699 0.096541649930
0.414488608762 0.167095911699 0.096541649930
0.414488608762 0.167095911699 0.096541649930
0.414488608762 0.167095911699 0.096541649930
0.414488608762 0.167095911699 0.096541649930
0.414488608762 0.167095911699 0.096541649930
0.414488608762 0.167095911699 0.096541649930
0.414488608762 0.167095911699 0.096541649930
0.414488608762 0.167095911699 0.096541649930
0.414488608762 0.167095911699 0.096541649930
0.414488608762 0.167095911699 0.096541649930
0.414488608762 0.167095911699 0.096541649930
0.414488608762 0.167095911699 0.096541649930
0.414488608762 0.167095911699 0.096541649930
0.414488608762 0.167095911699 0.096541649930
0.414488608762 0.167095911699 0.096541649930
0.414488608762 0.167095911699 0.096541649930
0.414488608762 0.167095911699 0.096541649930
0.414488608762 0.167095911699 0.096541649930
0.414488608762 0.167095911699 0.096541649930
0.414488608762 0.167095911699 0.096541649930
0.414488608762 0.167095911699 0.096541649930
0.414488608762 0.167095911699 0.096541649930
0.414488608762 0.167095911699 0.096541649930
0.414488608762 0.167095911699 0.096541649930
0.414488608762 0.167095911699 0.096541649930
0.414488608762 0.167095911699 0.096541649930
0.652682702337 0.243760683049 0.075080570511
0.652682702337 0.243760683049 0.075080570511
0.652682702337 0.243760683049 0.075080570511
0.652682702337 0.243760683049 0.075080570511
0.652682702337 0.243760683049 0.075080570511
0.652682702337 0.243760683049 0.075080570511
0.652682702337 0.243760683049 0.075080570511
0.652682702337 0.243760683049 0.075080570511
0.652682702337 0.243760683049 0.075080570511
0.652682702337 0.243760683049 0.075080570511
0.652682702337 0.243760683049 0.075080570511
0.652682702337 0.243760683049 0.075080570511
0.652682702337 0.243760683049 0.075080570511
0.652682702337 0.243760683049 0.075080570511
0.652682702337 0.243760683049 0.075080570511
0.652682702337 0.243760683049 0.075080570511
0.652682702337 0.243760683049 0.075080570511
0.652682702337 0.243760683049 0.075080570511
0.652682702337 0.243760683049 0.075080570511
0.652682702337 0.243760683049 0.075080570511
0.652682702337 0.243760683049 0.075080570511
0.652682702337 0.243760683049 0.075080570511
0.652682702337 0.243760683049 0.075080570511
0.652682702337 0.243760683049 0.075080570511
0.652682702337 0.243760683049 0.075080570511
0.652682702337 0.243760683049 0.075080570511
0.652682702337 0.243760683049 0.075080570511
0.652682702337 0.243760683049 0.075080570511
0.652682702337 0.243760683049 0.075080570511
0.652682702337 0.243760683049 0.075080570511
0.652682702337 0.243760683049 0.075080570511
0.652682702337 0.243760683049 0.075080570511
0.652682702337 0.243760683049 0.075080570511
0.652682702337 0.243760683049 0.075080570511
0.652682702337 0.243760683049 0.075080570511
0.652682702337 0.243760683049 0.075080570511
0.652682702337 0.243760683049 0.075080570511
0.652682702337 0.243760683049 0.075080570511
0.652682702337 0.243760683049 0.075080570511
0.652682702337 0.243760683049 0.075080570511
0.652682702337 0.243760683049 0.075080570511
0.652682702337 0.243760683049 0.075080570511
0.652682702337 0.243760683049 0.075080570511
0.652682702337 0.243760683049 0.075080570511
0.652682702337 0.243760683049 0.075080570511
0.652682702337 0.243760683049 0.075080570511
0.652682702337 0.243760683049 0.075080570511
0.652682702337 0.243760683049 0.075080570511
0.652682702337 0.243760683049 0.075080570511
0.652682702337 0.243760683049 0.075080570511
0.652682702337 0.243760683049 0.075080570511
0.652682702337 0.243760683049 0.075080570511
0.652682702337 0.243760683049 0.075080570511
0.652682702337 0.243760683049 0.075080570511
0.652682702337 0.243760683049 0.075080570511
0.652682702337 0.243760683049 0.075080570511
0.652682702337 0.243760683049 0.075080570511
0.652682702337 0.243760683049 0.075080570511
0.652682702337 0.243760683049 0.075080570511
0.652682702337 0.243760683049 0.075080570511
0.652682702337 0.243760683049 0.075080570511
0.652682702337 0.243760683049 0.075080570511
0.652682702337 0.243760683049 0.075080570511
0.652682702337 0.243760683049 0.075080570511
0.652682702337 0.243760683049 0.075080570511
0.652682702337 0.243760683049 0.075080570511
0.652682702337 0.243760683049 0.075080570511
0.652682702337 0.243760683049 0.075080570511
0.652682702337 0.243760683049 0.075080570511
0.652682702337 0.243760683049 0.075080570511
0.652682702337 0.243760683049 0.075080570511
0.652682702337 0.243760683049 0.075080570511
0.652682702337 0.243760683049 0.075080570511
0.652682702337 0.243760683049 0.075080570511
0.652682702337 0.243760683049 0.075080570511
0.652682702337 0.243760683049 0.075080570511
0.652682702337 0.243760683049 0.075080570511
0.652682702337 0.243760683049 0.075080570511
0.652682702337 0.243760683049 0.075080570511
0.652682702337 0.243760683049 0.075080570511
0.652682702337 0.243760683049 0.075080570511
0.652682702337 0.243760683049 0.075080570511
0.652682702337 0.243760683049 0.075080570511
0.652682702337 0.243760683049 0.075080570511
0.652682702337 0.243760683049 0.075080570511
0.652682702337 0.243760683049 0.075080570511
0.652682702337 0.243760683049 0.075080570511
0.652682702337 0.243760683049 0.075080570511
0.652682702337 0.243760683049 0.075080570511
0.652682702337 0.243760683049 0.075080570511
0.652682702337 0.243760683049 0.075080570511
0.652682702337 0.243760683049 0.075080570511
0.652682702337 0.243760683049 0.075080570511
0.652682702337 0.243760683049 0.075080570511
0.652682702337 0.243760683049 0.075080570511
0.652682702337 0.243760683049 0.075080570511
0.652682702337 0.243760683049 0.075080570511
0.652682702337 0.243760683049 0.075080570511
0.652682702337 0.243760683049 0.075080570511
0.652682702337 0.243760683049 0.075080570511
0.652682702337 0.243760683049 0.075080570511
0.652682702337 0.243760683049 0.075080570511
0.652682702337 0.243760683049 0.075080570511
0.652682702337 0.243760683049 0.075080570511
0.652682702337 0.243760683049 0.075080570511
0.652682702337 0.243760683049 0.075080570511
0.652682702337 0.243760683049 0.075080570511
0.652682702337 0.243760683049 0.075080570511
0.652682702337 0.243760683049 0.075080570511
0.652682702337 0.243760683049 0.075080570511
0.652682702337 0.243760683049 0.075080570511
0.652682702337 0.243760683049 0.075080570511
0.652682702337 0.243760683049 0.075080570511
0.652682702337 0.243760683049 0.075080570511
0.652682702337 0.243760683049 0.075080570511
0.652682702337 0.243760683049 0.075080570511
0.652682702337 0.243760683049 0.075080570511
0.652682702337 0.243760683049 0.075080570511
0.652682702337 0.243760683049 0.075080570511
0.652682702337 0.243760683049 0.075080570511
0.652682702337 0.243760683049 0.075080570511
0.652682702337 0.243760683049 0.075080570511
0.652682702337 0.243760683049 0.075080570511
0.652682702337 0.243760683049 0.075080570511
0.652682702337 0.243760683049 0.075080570511
0.652682702337 0.243760683049 0.075080570511
0.652682702337 0.243760683049 0.075080570511
0.652682702337 0.243760683049 0.075080570511
0.652682702337 0.243760683049 0.075080570511
0.652682702337 0.243760683049 0.075080570511
0.652682702337 0.243760683049 0.075080570511
0.652682702337 0.243760683049 0.075080570511
0.652682702337 0.243760683049 0.075080570511
0.652682702337 0.243760683049 0.075080570511
0.652682702337 0.243760683049 0.075080570511
0.628910910890 0.231292163874 0.051115935178
0.628910910890 0.231292163874 0.051115935178
0.628910910890 0.231292163874 0.051115935178
0.628910910890 0.231292163874 0.051115935178
0.628910910890 0.231292163874 0.051115935178
0.628910910890 0.231292163874 0.051115935178
0.628910910890 0.231292163874 0.051115935178
0.628910910890 0.231292163874 0.051115935178
0.628910910890 0.231292163874 0.051115935178
0.628910910890 0.231292163874 0.051115935178
0.628910910890 0.231292163874 0.051115935178
0.628910910890 0.231292163874 0.051115935178
0.628910910890 0.231292163874 0.051115935178
0.628910910890 0.231292163874 0.051115935178
0.628910910890 0.231292163874 0.051115935178
0.628910910890 0.231292163874 0.051115935178
0.628910910890 0.231292163874 0.051115935178
0.628910910890 0.231292163874 0.051115935178
0.628910910890 0.231292163874 0.051115935178
0.628910910890 0.231292163874 0.051115935178
0.628910910890 0.231292163874 0.051115935178
0.628910910890 0.231292163874 0.051115935178
0.628910910890 0.231292163874 0.051115935178
0.628910910890 0.231292163874 0.051115935178
0.628910910890 0.231292163874 0.051115935178
0.628910910890 0.231292163874 0.051115935178
0.628910910890 0.231292163874 0.051115935178
0.628910910890 0.231292163874 0.051115935178
0.628910910890 0.231292163874 0.051115935178
0.628910910890 0.231292163874 0.051115935178
0.628910910890 0.231292163874 0.051115935178
0.628910910890 0.231292163874 0.051115935178
0.628910910890 0.231292163874 0.051115935178
0.628910910890 0.231292163874 0.051115935178
0.628910910890 0.231292163874 0.051115935178
0.628910910890 0.231292163874 0.051115935178
0.628910910890 0.231292163874 0.051115935178
0.628910910890 0.231292163874 0.051115935178
0.628910910890 0.231292163874 0.051115935178
0.628910910890 0.231292163874 0.051115935178
0.628910910890 0.231292163874 0.051115935178
0.628910910890 0.231292163874 0.051115935178
0.628910910890 0.231292163874 0.051115935178
0.628910910890 0.231292163874 0.051115935178
0.628910910890 0.231292163874 0.051115935178
0.628910910890 0.231292163874 0.051115935178
0.628910910890 0.231292163874 0.051115935178
0.628910910890 0.231292163874 0.051115935178
0.628910910890 0.231292163874 0.051115935178
0.628910910890 0.231292163874 0.051115935178
0.628910910890 0.231292163874 0.051115935178
0.628910910890 0.231292163874 0.051115935178
0.628910910890 0.231292163874 0.051115935178
0.628910910890 0.231292163874 0.051115935178
0.628910910890 0.231292163874 0.051115935178
0.628910910890 0.231292163874 0.051115935178
0.628910910890 0.231292163874 0.051115935178
0.628910910890 0.231292163874 0.051115935178
0.628910910890 0.231292163874 0.051115935178
0.628910910890 0.231292163874 0.051115935178
0.628910910890 0.231292163874 0.051115935178
0.628910910890 0.231292163874 0.051115935178
0.628910910890 0.231292163874 0.051115935178
0.628910910890 0.231292163874 0.051115935178
0.628910910890 0.231292163874 0.051115935178
0.628910910890 0.231292163874 0.051115935178
0.628910910890 0.231292163874 0.051115935178
0.628910910890 0.231292163874 0.051115935178
0.628910910890 0.231292163874 0.051115935178
0.628910910890 0.231292163874 0.051115935178
0.628910910890 0.231292163874 0.051115935178
0.628910910890 0.231292163874 0.051115935178
0.628910910890 0.231292163874 0.051115935178
0.628910910890 0.231292163874 0.051115935178
0.628910910890 0.231292163874 0.051115935178
0.628910910890 0.231292163874 0.051115935178
0.628910910890 0.231292163874 0.051115935178
0.628910910890 0.231292163874 0.051115935178
0.628910910890 0.231292163874 0.051115935178
0.628910910890 0.231292163874 0.051115935178
0.628910910890 0.231292163874 0.051115935178
0.628910910890 0.231292163874 0.051115935178
0.628910910890 0.231292163874 0.051115935178
0.628910910890 0.231292163874 0.051115935178
0.628910910890 0.231292163874 0.051115935178
0.628910910890 0.231292163874 0.051115935178
0.628910910890 0.231292163874 0.051115935178
0.628910910890 0.231292163874 0.051115935178
0.628910910890 0.231292163874 0.051115935178
0.628910910890 0.231292163874 0.051115935178
0.628910910890 0.231292163874 0.051115935178
0.628910910890 0.231292163874 0.051115935178
0.628910910890 0.231292163874 0.051115935178
0.628910910890 0.231292163874 0.051115935178
0.628910910890 0.231292163874 0.051115935178
0.628910910890 0.231292163874 0.051115935178
0.628910910890 0.231292163874 0.051115935178
0.628910910890 0.231292163874 0.051115935178
0.628910910890 0.231292163874 0.051115935178
0.628910910890 0.231292163874 0.051115935178
0.628910910890 0.231292163874 0.051115935178
0.628910910890 0.231292163874 0.051115935178
0.628910910890 0.231292163874 0.051115935178
0.628910910890 0.231292163874 0.051115935178
0.628910910890 0.231292163874 0.051115935178
0.628910910890 0.231292163874 0.051115935178
0.628910910890 0.231292163874 0.051115935178
0.628910910890 0.231292163874 0.051115935178
0.628910910890 0.231292163874 0.051115935178
0.628910910890 0.231292163874 0.051115935178
0.628910910890 0.231292163874 0.051115935178
0.628910910890 0.231292163874 0.051115935178
0.628910910890 0.231292163874 0.051115935178
0.628910910890 0.231292163874 0.051115935178
0.628910910890 0.231292163874 0.051115935178
0.628910910890 0.231292163874 0.051115935178
0.628910910890 0.231292163874 0.051115935178
0.628910910890 0.231292163874 0.051115935178
0.628910910890 0.231292163874 0.051115935178
0.628910910890 0.231292163874 0.051115935178
0.628910910890 0.231292163874 0.051115935178
0.628910910890 0.231292163874 0.051115935178
0.628910910890 0.231292163874 0.051115935178
0.628910910890 0.231292163874 0.051115935178
0.628910910890 0.231292163874 0.051115935178
0.628910910890 0.231292163874 0.051115935178
0.628910910890 0.231292163874 0.051115935178
0.628910910890 0.231292163874 0.051115935178
0.628910910890 0.231292163874 0.051115935178
0.628910910890 0.231292163874 0.051115935178
0.628910910890 0.231292163874 0.051115935178
0.628910910890 0.231292163874 0.051115935178
0.628910910890 0.231292163874 0.051115935178
0.628910910890 0.231292163874 0.051115935178
0.628910910890 0.231292163874 0.051115935178
0.628910910890 0.231292163874 0.051115935178
0.628910910890 0.231292163874 0.051115935178
0.628910910890 0.231292163874 0.051115935178
0.628910910890 0.231292163874 0.051115935178
0.628910910890 0.231292163874 0.051115935178
0.628910910890 0.231292163874 0.051115935178
0.628910910890 0.231292163874 0.051115935178
0.628910910890 0.231292163874 0.051115935178
0.628910910890 0.231292163874 0.051115935178
0.628910910890 0.231292163874 0.051115935178
0.628910910890 0.231292163874 0.051115935178
0.628910910890 0.231292163874 0.051115935178
0.628910910890 0.231292163874 0.051115935178
0.628910910890 0.231292163874 0.051115935178
0.628910910890 0.231292163874 0.051115935178
0.628910910890 0.231292163874 0.051115935178
0.628910910890 0.231292163874 0.051115935178
0.628910910890 0.231292163874 0.051115935178
0.628910910890 0.231292163874 0.051115935178
0.628910910890 0.231292163874 0.051115935178
0.628910910890 0.231292163874 0.051115935178
0.628910910890 0.231292163874 0.051115935178
0.628910910890 0.231292163874 0.051115935178
0.628910910890 0.231292163874 0.051115935178
0.628910910890 0.231292163874 0.051115935178
0.628910910890 0.231292163874 0.051115935178
0.628910910890 0.231292163874 0.051115935178
0.628910910890 0.231292163874 0.051115935178
0.628910910890 0.231292163874 0.051115935178
0.628910910890 0.231292163874 0.051115935178
0.628910910890 0.231292163874 0.051115935178
0.628910910890 0.231292163874 0.051115935178
0.628910910890 0.231292163874 0.051115935178
0.628910910890 0.231292163874 0.051115935178
0.628910910890 0.231292163874 0.051115935178
0.628910910890 0.231292163874 0.051115935178
0.628910910890 0.231292163874 0.051115935178
0.628910910890 0.231292163874 0.051115935178
0.628910910890 0.231292163874 0.051115935178
0.628910910890 0.231292163874 0.051115935178
0.628910910890 0.231292163874 0.051115935178
0.628910910890 0.231292163874 0.051115935178
0.628910910890 0.231292163874 0.051115935178
0.628910910890 0.231292163874 0.051115935178
0.628910910890 0.231292163874 0.051115935178
0.628910910890 0.231292163874 0.051115935178
0.628910910890 0.231292163874 0.051115935178
0.628910910890 0.231292163874 0.051115935178
