0.601158948023 0.038786676988 0.576807277604
0.601158948023 0.038786676988 0.576807277604
0.590455832568 0.079229278207 0.541906150785
0.590455832568 0.079229278207 0.541906150785
0.590455832568 0.079229278207 0.541906150785
0.879213157637 0.000000000000 0.502164293774
0.879213157637 0.000000000000 0.502164293774
0.879213157637 0.000000000000 0.502164293774
0.879213157637 0.000000000000 0.502164293774
0.879213157637 0.000000000000 0.502164293774
0.879213157637 0.000000000000 0.502164293774
0.879213157637 0.000000000000 0.502164293774
0.810177992218 0.190137083361 0.490503612934
0.810177992218 0.190137083361 0.490503612934
0.776924178401 0.245445830677 0.361133811194
0.776924178401 0.245445830677 0.361133811194
0.776924178401 0.245445830677 0.361133811194
0.776924178401 0.245445830677 0.361133811194
0.776924178401 0.245445830677 0.361133811194
0.776924178401 0.245445830677 0.361133811194
0.776924178401 0.245445830677 0.361133811194
0.756930674090 0.261747352053 0.261856550638
0.756930674090 0.261747352053 0.261856550638
0.756930674090 0.261747352053 0.261856550638
0.756930674090 0.261747352053 0.261856550638
0.756930674090 0.261747352053 0.261856550638
0.756930674090 0.261747352053 0.261856550638
0.756930674090 0.261747352053 0.261856550638
0.756930674090 0.261747352053 0.261856550638
0.756930674090 0.261747352053 0.261856550638
0.756930674090 0.261747352053 0.261856550638
0.826434560080 0.348574884279 0.154542850707
0.826434560080 0.348574884279 0.154542850707
0.826434560080 0.348574884279 0.154542850707
0.826434560080 0.348574884279 0.154542850707
0.826434560080 0.348574884279 0.154542850707
0.826434560080 0.348574884279 0.154542850707
0.826434560080 0.348574884279 0.154542850707
0.826434560080 0.348574884279 0.154542850707
0.826434560080 0.348574884279 0.154542850707
0.826434560080 0.348574884279 0.154542850707
0.826434560080 0.348574884279 0.154542850707
0.840387260569 0.354976920600 0.093898778587
0.837806084626 0.352790941183 0.087873081564
0.837806084626 0.352790941183 0.087873081564
0.837806084626 0.352790941183 0.087873081564
0.837806084626 0.352790941183 0.087873081564
0.837806084626 0.352790941183 0.087873081564
0.837806084626 0.352790941183 0.087873081564
0.837806084626 0.352790941183 0.087873081564
0.837806084626 0.352790941183 0.087873081564
0.837806084626 0.352790941183 0.087873081564
0.837806084626 0.352790941183 0.087873081564
0.837806084626 0.352790941183 0.087873081564
0.837806084626 0.352790941183 0.087873081564
0.837806084626 0.352790941183 0.087873081564
0.837806084626 0.352790941183 0.087873081564
0.837806084626 0.352790941183 0.087873081564
0.837806084626 0.352790941183 0.087873081564
0.837806084626 0.352790941183 0.087873081564
0.837806084626 0.352790941183 0.087873081564
0.837806084626 0.352790941183 0.087873081564
0.837806084626 0.352790941183 0.087873081564
0.837806084626 0.352790941183 0.087873081564
0.837806084626 0.352790941183 0.087873081564
0.837806084626 0.352790941183 0.087873081564
0.837806084626 0.352790941183 0.087873081564
0.837806084626 0.352790941183 0.087873081564
0.837806084626 0.352790941183 0.087873081564
0.837806084626 0.352790941183 0.087873081564
0.837806084626 0.352790941183 0.087873081564
0.837806084626 0.352790941183 0.087873081564
0.837806084626 0.352790941183 0.087873081564
0.837806084626 0.352790941183 0.087873081564
0.837806084626 0.352790941183 0.087873081564
0.837806084626 0.352790941183 0.087873081564
0.837806084626 0.352790941183 0.087873081564
0.837806084626 0.352790941183 0.087873081564
0.837806084626 0.352790941183 0.087873081564
0.837806084626 0.352790941183 0.087873081564
0.837806084626 0.352790941183 0.087873081564
0.837806084626 0.352790941183 0.087873081564
0.837806084626 0.352790941183 0.087873081564
0.837806084626 0.352790941183 0.087873081564
0.837806084626 0.352790941183 0.087873081564
0.837806084626 0.352790941183 0.087873081564
0.837806084626 0.352790941183 0.087873081564
0.837806084626 0.352790941183 0.087873081564
0.837806084626 0.352790941183 0.087873081564
0.837806084626 0.352790941183 0.087873081564
0.837806084626 0.352790941183 0.087873081564
0.837806084626 0.352790941183 0.087873081564
0.837806084626 0.352790941183 0.087873081564
0.837806084626 0.352790941183 0.087873081564
0.837806084626 0.352790941183 0.087873081564
0.837806084626 0.352790941183 0.087873081564
0.837806084626 0.352790941183 0.087873081564
0.837806084626 0.352790941183 0.087873081564
0.837806084626 0.352790941183 0.087873081564
0.837806084626 0.352790941183 0.087873081564
0.837806084626 0.352790941183 0.087873081564
0.837806084626 0.352790941183 0.087873081564
0.837806084626 0.352790941183 0.087873081564
0.837806084626 0.352790941183 0.087873081564
0.837806084626 0.352790941183 0.087873081564
0.837806084626 0.352790941183 0.087873081564
0.837806084626 0.352790941183 0.087873081564
0.837806084626 0.352790941183 0.087873081564
0.837806084626 0.352790941183 0.087873081564
0.837093105880 0.348990314446 0.073208094826
0.837093105880 0.348990314446 0.073208094826
0.837093105880 0.348990314446 0.073208094826
0.837093105880 0.348990314446 0.073208094826
0.837093105880 0.348990314446 0.073208094826
0.837093105880 0.348990314446 0.073208094826
0.837093105880 0.348990314446 0.073208094826
0.837093105880 0.348990314446 0.073208094826
0.837093105880 0.348990314446 0.073208094826
0.837093105880 0.348990314446 0.073208094826
0.837093105880 0.348990314446 0.073208094826
0.837093105880 0.348990314446 0.073208094826
0.837093105880 0.348990314446 0.073208094826
0.837093105880 0.348990314446 0.073208094826
0.837093105880 0.348990314446 0.073208094826
0.837093105880 0.348990314446 0.073208094826
0.837093105880 0.348990314446 0.073208094826
0.837093105880 0.348990314446 0.073208094826
0.837093105880 0.348990314446 0.073208094826
0.836938812777 0.345987085079 0.069079283763
0.836938812777 0.345987085079 0.069079283763
0.836938812777 0.345987085079 0.069079283763
0.836938812777 0.345987085079 0.069079283763
0.836938812777 0.345987085079 0.069079283763
0.836938812777 0.345987085079 0.069079283763
0.836938812777 0.345987085079 0.069079283763
0.836938812777 0.345987085079 0.069079283763
0.836938812777 0.345987085079 0.069079283763
0.836938812777 0.345987085079 0.069079283763
0.836938812777 0.345987085079 0.069079283763
0.836938812777 0.345987085079 0.069079283763
0.836938812777 0.345987085079 0.069079283763
0.836938812777 0.345987085079 0.069079283763
0.836938812777 0.345987085079 0.069079283763
0.836938812777 0.345987085079 0.069079283763
0.836938812777 0.345987085079 0.069079283763
0.836938812777 0.345987085079 0.069079283763
0.836938812777 0.345987085079 0.069079283763
0.836938812777 0.345987085079 0.069079283763
0.836938812777 0.345987085079 0.069079283763
0.836938812777 0.345987085079 0.069079283763
0.836938812777 0.345987085079 0.069079283763
0.836938812777 0.345987085079 0.069079283763
0.836938812777 0.345987085079 0.069079283763
0.836938812777 0.345987085079 0.069079283763
0.836938812777 0.345987085079 0.069079283763
0.836938812777 0.345987085079 0.069079283763
0.836938812777 0.345987085079 0.069079283763
0.836938812777 0.345987085079 0.069079283763
0.836938812777 0.345987085079 0.069079283763
0.836938812777 0.345987085079 0.069079283763
0.836938812777 0.345987085079 0.069079283763
0.836938812777 0.345987085079 0.069079283763
0.836938812777 0.345987085079 0.069079283763
0.836938812777 0.345987085079 0.069079283763
0.836938812777 0.345987085079 0.069079283763
0.836938812777 0.345987085079 0.069079283763
0.836938812777 0.345987085079 0.069079283763
0.836938812777 0.345987085079 0.069079283763
0.836938812777 0.345987085079 0.069079283763
0.836938812777 0.345987085079 0.069079283763
0.836938812777 0.345987085079 0.069079283763
0.836938812777 0.345987085079 0.069079283763
0.836938812777 0.345987085079 0.069079283763
0.836938812777 0.345987085079 0.069079283763
0.836938812777 0.345987085079 0.069079283763
0.836938812777 0.345987085079 0.069079283763
0.836938812777 0.345987085079 0.069079283763
0.836938812777 0.345987085079 0.069079283763
0.836938812777 0.345987085079 0.069079283763
0.836938812777 0.345987085079 0.069079283763
0.836938812777 0.345987085079 0.069079283763
0.836938812777 0.345987085079 0.069079283763
0.836938812777 0.345987085079 0.069079283763
0.836938812777 0.345987085079 0.069079283763
0.836938812777 0.345987085079 0.069079283763
0.836938812777 0.345987085079 0.069079283763
0.836938812777 0.345987085079 0.069079283763
0.836938812777 0.345987085079 0.069079283763
0.836938812777 0.345987085079 0.069079283763
0.836938812777 0.345987085079 0.069079283763
0.836938812777 0.345987085079 0.069079283763
0.836938812777 0.345987085079 0.069079283763
0.836938812777 0.345987085079 0.069079283763
0.836938812777 0.345987085079 0.069079283763
0.836938812777 0.345987085079 0.069079283763
0.836938812777 0.345987085079 0.069079283763
0.836938812777 0.345987085079 0.069079283763
0.836938812777 0.345987085079 0.069079283763
0.836938812777 0.345987085079 0.069079283763
0.836938812777 0.345987085079 0.069079283763
0.836938812777 0.345987085079 0.069079283763
0.836938812777 0.345987085079 0.069079283763
0.836938812777 0.345987085079 0.069079283763
0.836938812777 0.345987085079 0.069079283763
0.836938812777 0.345987085079 0.069079283763
0.836938812777 0.345987085079 0.069079283763
0.836938812777 0.345987085079 0.069079283763
0.836938812777 0.345987085079 0.069079283763
0.836938812777 0.345987085079 0.069079283763
0.836938812777 0.345987085079 0.069079283763
0.836938812777 0.345987085079 0.069079283763
0.836938812777 0.345987085079 0.069079283763
0.836938812777 0.345987085079 0.069079283763
0.836938812777 0.345987085079 0.069079283763
0.836938812777 0.345987085079 0.069079283763
0.836938812777 0.345987085079 0.069079283763
0.836938812777 0.345987085079 0.069079283763
0.655766373018 0.241142729772 0.045457421223
0.655766373018 0.241142729772 0.045457421223
0.655766373018 0.241142729772 0.045457421223
0.655766373018 0.241142729772 0.045457421223
0.655766373018 0.241142729772 0.045457421223
0.655766373018 0.241142729772 0.045457421223
0.655766373018 0.241142729772 0.045457421223
0.655766373018 0.241142729772 0.045457421223
0.655766373018 0.241142729772 0.045457421223
0.655766373018 0.241142729772 0.045457421223
0.655766373018 0.241142729772 0.045457421223
0.655766373018 0.241142729772 0.045457421223
0.655766373018 0.241142729772 0.045457421223
0.655766373018 0.241142729772 0.045457421223
0.655766373018 0.241142729772 0.045457421223
0.655766373018 0.241142729772 0.045457421223
0.655766373018 0.241142729772 0.045457421223
0.655766373018 0.241142729772 0.045457421223
0.655766373018 0.241142729772 0.045457421223
0.655766373018 0.241142729772 0.045457421223
0.655766373018 0.241142729772 0.045457421223
0.655766373018 0.241142729772 0.045457421223
0.655766373018 0.241142729772 0.045457421223
0.655766373018 0.241142729772 0.045457421223
0.655766373018 0.241142729772 0.045457421223
0.655766373018 0.241142729772 0.045457421223
0.655766373018 0.241142729772 0.045457421223
0.655766373018 0.241142729772 0.045457421223
0.655766373018 0.241142729772 0.045457421223
0.655766373018 0.241142729772 0.045457421223
0.655766373018 0.241142729772 0.045457421223
0.655766373018 0.241142729772 0.045457421223
0.655766373018 0.241142729772 0.045457421223
0.655766373018 0.241142729772 0.045457421223
0.655766373018 0.241142729772 0.045457421223
0.655766373018 0.241142729772 0.045457421223
0.655766373018 0.241142729772 0.045457421223
0.655766373018 0.241142729772 0.045457421223
0.655766373018 0.241142729772 0.045457421223
0.655766373018 0.241142729772 0.045457421223
0.655766373018 0.241142729772 0.045457421223
0.655766373018 0.241142729772 0.045457421223
0.655766373018 0.241142729772 0.045457421223
0.655766373018 0.241142729772 0.045457421223
0.655766373018 0.241142729772 0.045457421223
0.655766373018 0.241142729772 0.045457421223
0.655766373018 0.241142729772 0.045457421223
0.655766373018 0.241142729772 0.045457421223
0.655766373018 0.241142729772 0.045457421223
0.655766373018 0.241142729772 0.045457421223
0.655766373018 0.241142729772 0.045457421223
0.655766373018 0.241142729772 0.045457421223
0.655766373018 0.241142729772 0.045457421223
0.655766373018 0.241142729772 0.045457421223
0.655766373018 0.241142729772 0.045457421223
0.655766373018 0.241142729772 0.045457421223
0.655766373018 0.241142729772 0.045457421223
0.655766373018 0.241142729772 0.045457421223
0.655766373018 0.241142729772 0.045457421223
0.655766373018 0.241142729772 0.045457421223
0.655766373018 0.241142729772 0.045457421223
0.655766373018 0.241142729772 0.045457421223
0.655766373018 0.241142729772 0.045457421223
0.655766373018 0.241142729772 0.045457421223
0.655766373018 0.241142729772 0.045457421223
0.655766373018 0.241142729772 0.045457421223
0.655766373018 0.241142729772 0.045457421223
0.655766373018 0.241142729772 0.045457421223
0.655766373018 0.241142729772 0.045457421223
0.655766373018 0.241142729772 0.045457421223
0.655766373018 0.241142729772 0.045457421223
0.655766373018 0.241142729772 0.045457421223
0.655766373018 0.241142729772 0.045457421223
0.655766373018 0.241142729772 0.045457421223
0.655766373018 0.241142729772 0.045457421223
0.655766373018 0.241142729772 0.045457421223
0.655766373018 0.241142729772 0.045457421223
0.655766373018 0.241142729772 0.045457421223
0.655766373018 0.241142729772 0.045457421223
0.655766373018 0.241142729772 0.045457421223
0.655766373018 0.241142729772 0.045457421223
0.655766373018 0.241142729772 0.045457421223
0.655766373018 0.241142729772 0.045457421223
0.655766373018 0.241142729772 0.045457421223
0.655766373018 0.241142729772 0.045457421223
0.655766373018 0.241142729772 0.045457421223
0.655766373018 0.241142729772 0.045457421223
0.655766373018 0.241142729772 0.045457421223
0.655766373018 0.241142729772 0.045457421223
0.655766373018 0.241142729772 0.045457421223
0.655766373018 0.241142729772 0.045457421223
0.655766373018 0.241142729772 0.045457421223
0.655766373018 0.241142729772 0.045457421223
0.655766373018 0.241142729772 0.045457421223
0.655766373018 0.241142729772 0.045457421223
0.655766373018 0.241142729772 0.045457421223
0.655766373018 0.241142729772 0.045457421223
0.655766373018 0.241142729772 0.045457421223
0.655766373018 0.241142729772 0.045457421223
0.655766373018 0.241142729772 0.045457421223
0.655766373018 0.241142729772 0.045457421223
0.655766373018 0.241142729772 0.045457421223
0.655766373018 0.241142729772 0.045457421223
0.655766373018 0.241142729772 0.045457421223
0.655766373018 0.241142729772 0.045457421223
0.655766373018 0.241142729772 0.045457421223
0.655766373018 0.241142729772 0.045457421223
0.655766373018 0.241142729772 0.045457421223
0.655766373018 0.241142729772 0.045457421223
0.655766373018 0.241142729772 0.045457421223
0.655766373018 0.241142729772 0.045457421223
0.655766373018 0.241142729772 0.045457421223
0.655766373018 0.241142729772 0.045457421223
0.655766373018 0.241142729772 0.045457421223
0.655766373018 0.241142729772 0.045457421223
0.655766373018 0.241142729772 0.045457421223
0.655766373018 0.241142729772 0.045457421223
0.655766373018 0.241142729772 0.045457421223
0.655766373018 0.241142729772 0.045457421223
0.655766373018 0.241142729772 0.045457421223
0.655766373018 0.241142729772 0.045457421223
0.655766373018 0.241142729772 0.045457421223
0.655766373018 0.241142729772 0.045457421223
0.655766373018 0.241142729772 0.045457421223
0.655766373018 0.241142729772 0.045457421223
0.655766373018 0.241142729772 0.045457421223
0.655766373018 0.241142729772 0.045457421223
0.655766373018 0.241142729772 0.045457421223
0.655766373018 0.241142729772 0.045457421223
0.655766373018 0.241142729772 0.045457421223
0.655766373018 0.241142729772 0.045457421223
0.655766373018 0.241142729772 0.045457421223
0.655766373018 0.241142729772 0.045457421223
0.655766373018 0.241142729772 0.045457421223
0.655766373018 0.241142729772 0.045457421223
0.655766373018 0.241142729772 0.045457421223
0.655766373018 0.241142729772 0.045457421223
0.655766373018 0.241142729772 0.045457421223
0.655766373018 0.241142729772 0.045457421223
0.655766373018 0.241142729772 0.045457421223
0.655766373018 0.241142729772 0.045457421223
0.655766373018 0.241142729772 0.045457421223
0.655766373018 0.241142729772 0.045457421223
0.655766373018 0.241142729772 0.045457421223
0.655766373018 0.241142729772 0.045457421223
0.655766373018 0.241142729772 0.045457421223
0.655766373018 0.241142729772 0.045457421223
0.655766373018 0.241142729772 0.045457421223
0.655766373018 0.241142729772 0.045457421223
0.655766373018 0.241142729772 0.045457421223
0.655766373018 0.241142729772 0.045457421223
0.655766373018 0.241142729772 0.045457421223
0.655766373018 0.241142729772 0.045457421223
0.655766373018 0.241142729772 0.045457421223
0.655766373018 0.241142729772 0.045457421223
0.655766373018 0.241142729772 0.045457421223
0.655766373018 0.241142729772 0.045457421223
0.655766373018 0.241142729772 0.045457421223
0.655766373018 0.241142729772 0.045457421223
0.655766373018 0.241142729772 0.045457421223
0.655766373018 0.241142729772 0.045457421223
0.655766373018 0.241142729772 0.045457421223
0.655766373018 0.241142729772 0.045457421223
0.655766373018 0.241142729772 0.045457421223
0.655766373018 0.241142729772 0.045457421223
0.655766373018 0.241142729772 0.045457421223
0.655766373018 0.241142729772 0.045457421223
0.655766373018 0.241142729772 0.045457421223
0.655766373018 0.241142729772 0.045457421223
0.655766373018 0.241142729772 0.045457421223
0.655766373018 0.241142729772 0.045457421223
0.655766373018 0.241142729772 0.045457421223
0.655766373018 0.241142729772 0.045457421223
0.655766373018 0.241142729772 0.045457421223
0.655766373018 0.241142729772 0.045457421223
0.655766373018 0.241142729772 0.045457421223
0.655766373018 0.241142729772 0.045457421223
0.655766373018 0.241142729772 0.045457421223
0.655766373018 0.241142729772 0.045457421223
0.655766373018 0.241142729772 0.045457421223
0.655766373018 0.241142729772 0.045457421223
0.655766373018 0.241142729772 0.045457421223
0.655766373018 0.241142729772 0.045457421223
0.655766373018 0.241142729772 0.045457421223
0.655766373018 0.241142729772 0.045457421223
0.655766373018 0.241142729772 0.045457421223
0.655766373018 0.241142729772 0.045457421223
0.655766373018 0.241142729772 0.045457421223
0.655766373018 0.241142729772 0.045457421223
0.655766373018 0.241142729772 0.045457421223
0.655766373018 0.241142729772 0.045457421223
0.655766373018 0.241142729772 0.045457421223
0.655766373018 0.241142729772 0.045457421223
0.655766373018 0.241142729772 0.045457421223
0.655766373018 0.241142729772 0.045457421223
0.655766373018 0.241142729772 0.045457421223
0.655766373018 0.241142729772 0.045457421223
0.655766373018 0.241142729772 0.045457421223
0.655766373018 0.241142729772 0.045457421223
0.655766373018 0.241142729772 0.045457421223
0.655766373018 0.241142729772 0.045457421223
0.655766373018 0.241142729772 0.045457421223
0.655766373018 0.241142729772 0.045457421223
0.655766373018 0.241142729772 0.045457421223
0.655766373018 0.241142729772 0.045457421223
0.655766373018 0.241142729772 0.045457421223
0.655766373018 0.241142729772 0.045457421223
0.655766373018 0.241142729772 0.045457421223
0.655766373018 0.241142729772 0.045457421223
0.655766373018 0.241142729772 0.045457421223
0.655766373018 0.241142729772 0.045457421223
0.655766373018 0.241142729772 0.045457421223
0.655766373018 0.241142729772 0.045457421223
0.655766373018 0.241142729772 0.045457421223
0.655766373018 0.241142729772 0.045457421223
0.655766373018 0.241142729772 0.045457421223
0.655766373018 0.241142729772 0.045457421223
0.655766373018 0.241142729772 0.045457421223
0.655766373018 0.241142729772 0.045457421223
0.655766373018 0.241142729772 0.045457421223
0.655766373018 0.241142729772 0.045457421223
0.655766373018 0.241142729772 0.045457421223
0.655766373018 0.241142729772 0.045457421223
0.655766373018 0.241142729772 0.045457421223
0.655766373018 0.241142729772 0.045457421223
0.655766373018 0.241142729772 0.045457421223
0.655766373018 0.241142729772 0.045457421223
0.655766373018 0.241142729772 0.045457421223
0.655766373018 0.241142729772 0.045457421223
0.655766373018 0.241142729772 0.045457421223
0.655766373018 0.241142729772 0.045457421223
0.655766373018 0.241142729772 0.045457421223
0.655766373018 0.241142729772 0.045457421223
0.655766373018 0.241142729772 0.045457421223
0.655766373018 0.241142729772 0.045457421223
0.655766373018 0.241142729772 0.045457421223
0.655766373018 0.241142729772 0.045457421223
0.655766373018 0.241142729772 0.045457421223
0.655766373018 0.241142729772 0.045457421223
0.655766373018 0.241142729772 0.045457421223
0.655766373018 0.241142729772 0.045457421223
0.655766373018 0.241142729772 0.045457421223
0.655766373018 0.241142729772 0.045457421223
0.655766373018 0.241142729772 0.045457421223
0.655766373018 0.241142729772 0.045457421223
0.655766373018 0.241142729772 0.045457421223
0.655766373018 0.241142729772 0.045457421223
0.655766373018 0.241142729772 0.045457421223
0.655766373018 0.241142729772 0.045457421223
0.655766373018 0.241142729772 0.045457421223
0.655766373018 0.241142729772 0.045457421223
0.655766373018 0.241142729772 0.045457421223
0.655766373018 0.241142729772 0.045457421223
0.655766373018 0.241142729772 0.045457421223
0.655766373018 0.241142729772 0.045457421223
0.655766373018 0.241142729772 0.045457421223
0.655766373018 0.241142729772 0.045457421223
0.655766373018 0.241142729772 0.045457421223
0.655766373018 0.241142729772 0.045457421223
0.655766373018 0.241142729772 0.045457421223
0.655766373018 0.241142729772 0.045457421223
0.655766373018 0.241142729772 0.045457421223
0.655766373018 0.241142729772 0.045457421223
0.655766373018 0.241142729772 0.045457421223
0.655766373018 0.241142729772 0.045457421223
0.655766373018 0.241142729772 0.045457421223
0.655766373018 0.241142729772 0.045457421223
0.655766373018 0.241142729772 0.045457421223
0.655766373018 0.241142729772 0.045457421223
0.655766373018 0.241142729772 0.045457421223
0.655766373018 0.241142729772 0.045457421223
0.655766373018 0.241142729772 0.045457421223
0.655766373018 0.241142729772 0.045457421223
0.655766373018 0.241142729772 0.045457421223
0.655766373018 0.241142729772 0.045457421223
0.655766373018 0.241142729772 0.045457421223
0.655766373018 0.241142729772 0.045457421223
0.655766373018 0.241142729772 0.045457421223
0.655766373018 0.241142729772 0.045457421223
0.655766373018 0.241142729772 0.045457421223
0.655766373018 0.241142729772 0.045457421223
0.655766373018 0.241142729772 0.045457421223
0.655766373018 0.241142729772 0.045457421223
0.655766373018 0.241142729772 0.045457421223
