0.758981613291 0.845898271200 0.742006604539
0.692745670720 0.847043284413 0.655241346874
0.541144803661 0.957805105131 0.651815935038
0.255533199158 0.511890160093 0.530840747485
0.255533199158 0.511890160093 0.530840747485
0.255533199158 0.511890160093 0.530840747485
0.255533199158 0.511890160093 0.530840747485
0.255533199158 0.511890160093 0.530840747485
0.255533199158 0.511890160093 0.530840747485
0.000000000000 0.353563211542 0.497919297231
0.000000000000 0.353563211542 0.497919297231
0.000000000000 0.349884157125 0.477853695225
0.000000000000 0.349884157125 0.477853695225
0.000000000000 0.349884157125 0.477853695225
0.000000000000 0.349884157125 0.477853695225
0.000000000000 0.349884157125 0.477853695225
0.000000000000 0.349884157125 0.477853695225
0.000000000000 0.349884157125 0.477853695225
0.000000000000 0.349884157125 0.477853695225
0.000000000000 0.349884157125 0.477853695225
0.000000000000 0.349884157125 0.477853695225
0.000000000000 0.349884157125 0.477853695225
0.000000000000 0.349884157125 0.477853695225
0.000000000000 0.349884157125 0.477853695225
0.000000000000 0.349884157125 0.477853695225
0.000000000000 0.349884157125 0.477853695225
0.000000000000 0.349884157125 0.477853695225
0.000000000000 0.349884157125 0.477853695225
0.000000000000 0.349884157125 0.477853695225
0.000000000000 0.349884157125 0.477853695225
0.000000000000 0.349884157125 0.477853695225
0.000000000000 0.349884157125 0.477853695225
0.000000000000 0.349884157125 0.477853695225
0.000000000000 0.340593159522 0.456458433226
0.000000000000 0.340593159522 0.456458433226
0.000000000000 0.340593159522 0.456458433226
0.000000000000 0.340593159522 0.456458433226
0.000000000000 0.340593159522 0.456458433226
0.000000000000 0.340593159522 0.456458433226
0.000000000000 0.340593159522 0.456458433226
0.000000000000 0.340593159522 0.456458433226
0.000000000000 0.340593159522 0.456458433226
0.000000000000 0.336138628979 0.455797266739
0.000000000000 0.336138628979 0.455797266739
0.000000000000 0.336138628979 0.455797266739
0.000000000000 0.336138628979 0.455797266739
0.000000000000 0.336138628979 0.455797266739
0.000000000000 0.336138628979 0.455797266739
0.000000000000 0.336138628979 0.455797266739
0.466081003387 0.081450018939 0.479919063423
0.466081003387 0.081450018939 0.479919063423
0.466081003387 0.081450018939 0.479919063423
0.466081003387 0.081450018939 0.479919063423
0.466081003387 0.081450018939 0.479919063423
0.466081003387 0.081450018939 0.479919063423
0.466081003387 0.081450018939 0.479919063423
0.466081003387 0.081450018939 0.479919063423
0.401535509677 0.134216079364 0.254984903472
0.401535509677 0.134216079364 0.254984903472
0.401535509677 0.134216079364 0.254984903472
0.471101923477 0.165570699970 0.117609743298
0.471101923477 0.165570699970 0.117609743298
0.471101923477 0.165570699970 0.117609743298
0.471101923477 0.165570699970 0.117609743298
0.471101923477 0.165570699970 0.117609743298
0.471101923477 0.165570699970 0.117609743298
0.471101923477 0.165570699970 0.117609743298
0.471101923477 0.165570699970 0.117609743298
0.471101923477 0.165570699970 0.117609743298
0.471101923477 0.165570699970 0.117609743298
0.471101923477 0.165570699970 0.117609743298
0.471101923477 0.165570699970 0.117609743298
0.471101923477 0.165570699970 0.117609743298
0.471101923477 0.165570699970 0.117609743298
0.471101923477 0.165570699970 0.117609743298
0.471101923477 0.165570699970 0.117609743298
0.471101923477 0.165570699970 0.117609743298
0.471101923477 0.165570699970 0.117609743298
0.471101923477 0.165570699970 0.117609743298
0.471101923477 0.165570699970 0.117609743298
0.471101923477 0.165570699970 0.117609743298
0.471101923477 0.165570699970 0.117609743298
0.471101923477 0.165570699970 0.117609743298
0.471101923477 0.165570699970 0.117609743298
0.471101923477 0.165570699970 0.117609743298
0.471101923477 0.165570699970 0.117609743298
0.471101923477 0.165570699970 0.117609743298
0.471101923477 0.165570699970 0.117609743298
0.471101923477 0.165570699970 0.117609743298
0.471101923477 0.165570699970 0.117609743298
0.471101923477 0.165570699970 0.117609743298
0.982733060538 0.820601460834 0.466356780834
0.982733060538 0.820601460834 0.466356780834
0.982733060538 0.820601460834 0.466356780834
0.923149992031 0.375531165998 0.360288041716
0.923149992031 0.375531165998 0.360288041716
0.858795769730 0.346101155457 0.289554761508
0.858795769730 0.346101155457 0.289554761508
0.858795769730 0.346101155457 0.289554761508
0.858795769730 0.346101155457 0.289554761508
0.846768727665 0.337381930828 0.173462584076
0.846768727665 0.337381930828 0.173462584076
0.787952635537 0.315581498800 0.136662538741
0.787952635537 0.315581498800 0.136662538741
0.787952635537 0.315581498800 0.136662538741
0.787952635537 0.315581498800 0.136662538741
0.787952635537 0.315581498800 0.136662538741
0.787952635537 0.315581498800 0.136662538741
0.787952635537 0.315581498800 0.136662538741
0.787952635537 0.315581498800 0.136662538741
0.787952635537 0.315581498800 0.136662538741
0.787952635537 0.315581498800 0.136662538741
0.787952635537 0.315581498800 0.136662538741
0.787952635537 0.315581498800 0.136662538741
0.824935376935 0.329375827131 0.121109077104
0.824935376935 0.329375827131 0.121109077104
0.819942311217 0.330206672852 0.102536508496
0.819942311217 0.330206672852 0.102536508496
0.819942311217 0.330206672852 0.102536508496
0.819942311217 0.330206672852 0.102536508496
0.819942311217 0.330206672852 0.102536508496
0.819942311217 0.330206672852 0.102536508496
0.819942311217 0.330206672852 0.102536508496
0.819942311217 0.330206672852 0.102536508496
0.817553324015 0.330390888568 0.101249704556
0.817553324015 0.330390888568 0.101249704556
0.817553324015 0.330390888568 0.101249704556
0.817553324015 0.330390888568 0.101249704556
0.817553324015 0.330390888568 0.101249704556
0.817553324015 0.330390888568 0.101249704556
0.817553324015 0.330390888568 0.101249704556
0.825663106362 0.336443228698 0.082575136633
0.825663106362 0.336443228698 0.082575136633
0.825663106362 0.336443228698 0.082575136633
0.825858023941 0.336763853265 0.081380752087
0.825858023941 0.336763853265 0.081380752087
0.825858023941 0.336763853265 0.081380752087
0.825858023941 0.336763853265 0.081380752087
0.825858023941 0.336763853265 0.081380752087
0.825858023941 0.336763853265 0.081380752087
0.287879182739 0.923982525310 0.546159098644
0.287879182739 0.923982525310 0.546159098644
0.287879182739 0.923982525310 0.546159098644
0.287879182739 0.923982525310 0.546159098644
0.287879182739 0.923982525310 0.546159098644
0.287879182739 0.923982525310 0.546159098644
0.040404215673 0.532731740987 0.539331944961
0.040404215673 0.532731740987 0.539331944961
0.214367340240 0.497186406047 0.526970545028
0.000000000000 0.543573660254 0.525976853082
0.000000000000 0.728157926815 0.428007556120
0.000000000000 0.728157926815 0.428007556120
0.000000000000 0.728157926815 0.428007556120
0.000000000000 0.728157926815 0.428007556120
0.000000000000 0.728157926815 0.428007556120
0.000000000000 0.728157926815 0.428007556120
0.000000000000 0.728157926815 0.428007556120
0.000000000000 0.728157926815 0.428007556120
0.000000000000 0.728157926815 0.428007556120
0.000000000000 0.728157926815 0.428007556120
0.000000000000 0.728157926815 0.428007556120
0.000000000000 0.728157926815 0.428007556120
0.000000000000 0.728157926815 0.428007556120
0.000000000000 0.728157926815 0.428007556120
0.000000000000 0.728157926815 0.428007556120
0.000000000000 0.728157926815 0.428007556120
0.000000000000 0.728157926815 0.428007556120
0.000000000000 0.728157926815 0.428007556120
0.000000000000 0.728157926815 0.428007556120
0.000000000000 0.728157926815 0.428007556120
0.000000000000 0.728157926815 0.428007556120
0.000000000000 0.728157926815 0.428007556120
0.000000000000 0.728157926815 0.428007556120
0.000000000000 0.728157926815 0.428007556120
0.000000000000 0.728157926815 0.428007556120
0.000000000000 0.728157926815 0.428007556120
0.000000000000 0.728157926815 0.428007556120
0.000000000000 0.728157926815 0.428007556120
0.000000000000 0.728157926815 0.428007556120
0.000000000000 0.728157926815 0.428007556120
0.000000000000 0.728157926815 0.428007556120
0.000000000000 0.728157926815 0.428007556120
0.000000000000 0.728157926815 0.428007556120
0.000000000000 0.728157926815 0.428007556120
0.000000000000 0.728157926815 0.428007556120
0.683902868611 0.193139430991 0.407674424393
0.683902868611 0.193139430991 0.407674424393
0.683902868611 0.193139430991 0.407674424393
0.683902868611 0.193139430991 0.407674424393
0.683902868611 0.193139430991 0.407674424393
0.683902868611 0.193139430991 0.407674424393
0.683902868611 0.193139430991 0.407674424393
0.683902868611 0.193139430991 0.407674424393
0.683902868611 0.193139430991 0.407674424393
0.683902868611 0.193139430991 0.407674424393
0.683902868611 0.193139430991 0.407674424393
0.683902868611 0.193139430991 0.407674424393
0.683902868611 0.193139430991 0.407674424393
0.683902868611 0.193139430991 0.407674424393
0.683902868611 0.193139430991 0.407674424393
0.683902868611 0.193139430991 0.407674424393
0.683902868611 0.193139430991 0.407674424393
0.683902868611 0.193139430991 0.407674424393
0.683902868611 0.193139430991 0.407674424393
0.683902868611 0.193139430991 0.407674424393
0.683902868611 0.193139430991 0.407674424393
0.683902868611 0.193139430991 0.407674424393
0.683902868611 0.193139430991 0.407674424393
0.683902868611 0.193139430991 0.407674424393
0.683902868611 0.193139430991 0.407674424393
0.670929775413 0.211156884920 0.282248662544
0.670929775413 0.211156884920 0.282248662544
0.670929775413 0.211156884920 0.282248662544
0.670929775413 0.211156884920 0.282248662544
0.670929775413 0.211156884920 0.282248662544
0.670929775413 0.211156884920 0.282248662544
0.670929775413 0.211156884920 0.282248662544
0.670929775413 0.211156884920 0.282248662544
0.670929775413 0.211156884920 0.282248662544
0.670929775413 0.211156884920 0.282248662544
0.669850027643 0.229327076070 0.190231415995
0.669850027643 0.229327076070 0.190231415995
0.655634519137 0.234384490076 0.070514876095
0.655760628245 0.235494768121 0.055604221276
0.655760628245 0.235494768121 0.055604221276
0.655760628245 0.235494768121 0.055604221276
0.655760628245 0.235494768121 0.055604221276
0.655760628245 0.235494768121 0.055604221276
0.655760628245 0.235494768121 0.055604221276
0.981533595181 0.202016941376 0.467102777849
0.981533595181 0.202016941376 0.467102777849
0.981533595181 0.202016941376 0.467102777849
0.981533595181 0.202016941376 0.467102777849
0.772590627504 0.216763469025 0.463518225990
0.753177728434 0.270526571923 0.180088888035
0.753177728434 0.270526571923 0.180088888035
0.753177728434 0.270526571923 0.180088888035
0.753177728434 0.270526571923 0.180088888035
0.753177728434 0.270526571923 0.180088888035
0.753177728434 0.270526571923 0.180088888035
0.753177728434 0.270526571923 0.180088888035
0.754563500819 0.285165345107 0.157377989800
0.754563500819 0.285165345107 0.157377989800
0.754563500819 0.285165345107 0.157377989800
0.754563500819 0.285165345107 0.157377989800
0.754563500819 0.285165345107 0.157377989800
0.754563500819 0.285165345107 0.157377989800
0.754563500819 0.285165345107 0.157377989800
0.754563500819 0.285165345107 0.157377989800
0.754563500819 0.285165345107 0.157377989800
0.754563500819 0.285165345107 0.157377989800
0.754563500819 0.285165345107 0.157377989800
0.754563500819 0.285165345107 0.157377989800
0.754563500819 0.285165345107 0.157377989800
0.754563500819 0.285165345107 0.157377989800
0.754563500819 0.285165345107 0.157377989800
0.754563500819 0.285165345107 0.157377989800
0.754563500819 0.285165345107 0.157377989800
0.754563500819 0.285165345107 0.157377989800
0.754563500819 0.285165345107 0.157377989800
0.804502622767 0.321549503361 0.131694712769
0.804502622767 0.321549503361 0.131694712769
0.804502622767 0.321549503361 0.131694712769
0.804502622767 0.321549503361 0.131694712769
0.804502622767 0.321549503361 0.131694712769
0.804502622767 0.321549503361 0.131694712769
0.804502622767 0.321549503361 0.131694712769
0.804502622767 0.321549503361 0.131694712769
0.804502622767 0.321549503361 0.131694712769
0.804502622767 0.321549503361 0.131694712769
0.804502622767 0.321549503361 0.131694712769
0.804502622767 0.321549503361 0.131694712769
0.804502622767 0.321549503361 0.131694712769
0.804502622767 0.321549503361 0.131694712769
0.256730037131 0.224188145316 0.590066343938
0.256730037131 0.224188145316 0.590066343938
0.256730037131 0.224188145316 0.590066343938
0.256730037131 0.224188145316 0.590066343938
0.176772645601 0.826531263347 0.533598265902
0.176772645601 0.826531263347 0.533598265902
0.176772645601 0.826531263347 0.533598265902
0.176772645601 0.826531263347 0.533598265902
0.000000000000 0.864819702555 0.471124686029
0.000000000000 0.864819702555 0.471124686029
0.000000000000 0.864819702555 0.471124686029
0.000000000000 0.864819702555 0.471124686029
0.000000000000 0.864819702555 0.471124686029
0.000000000000 0.864819702555 0.471124686029
0.000000000000 0.864819702555 0.471124686029
0.035560188664 0.802545037307 0.423173530503
0.035560188664 0.802545037307 0.423173530503
0.035560188664 0.802545037307 0.423173530503
0.035560188664 0.802545037307 0.423173530503
0.035560188664 0.802545037307 0.423173530503
0.035560188664 0.802545037307 0.423173530503
0.035560188664 0.802545037307 0.423173530503
0.035560188664 0.802545037307 0.423173530503
0.035560188664 0.802545037307 0.423173530503
0.035560188664 0.802545037307 0.423173530503
0.035560188664 0.802545037307 0.423173530503
0.035560188664 0.802545037307 0.423173530503
0.026324193204 0.827160959690 0.405455760755
0.026324193204 0.827160959690 0.405455760755
0.026324193204 0.827160959690 0.405455760755
0.026324193204 0.827160959690 0.405455760755
0.026324193204 0.827160959690 0.405455760755
0.026324193204 0.827160959690 0.405455760755
0.026324193204 0.827160959690 0.405455760755
0.026324193204 0.827160959690 0.405455760755
0.026324193204 0.827160959690 0.405455760755
0.026324193204 0.827160959690 0.405455760755
0.026324193204 0.827160959690 0.405455760755
0.026324193204 0.827160959690 0.405455760755
0.026324193204 0.827160959690 0.405455760755
0.026324193204 0.827160959690 0.405455760755
0.026324193204 0.827160959690 0.405455760755
0.026324193204 0.827160959690 0.405455760755
0.026324193204 0.827160959690 0.405455760755
0.026324193204 0.827160959690 0.405455760755
0.400613247321 0.915889038496 0.600537701009
0.400613247321 0.915889038496 0.600537701009
0.400613247321 0.915889038496 0.600537701009
0.571408416680 0.671033794565 0.558966278812
0.571408416680 0.671033794565 0.558966278812
0.571408416680 0.671033794565 0.558966278812
0.571408416680 0.671033794565 0.558966278812
0.571408416680 0.671033794565 0.558966278812
0.571408416680 0.671033794565 0.558966278812
0.571408416680 0.671033794565 0.558966278812
0.700196824418 0.319865889481 0.414556999256
0.709001211629 0.321452434150 0.411358659141
0.709001211629 0.321452434150 0.411358659141
0.709001211629 0.321452434150 0.411358659141
0.709001211629 0.321452434150 0.411358659141
0.737618362879 0.308224722103 0.346379149862
0.769737679759 0.326170678883 0.245493281696
0.769737679759 0.326170678883 0.245493281696
0.769737679759 0.326170678883 0.245493281696
0.769737679759 0.326170678883 0.245493281696
0.769737679759 0.326170678883 0.245493281696
0.769737679759 0.326170678883 0.245493281696
0.769737679759 0.326170678883 0.245493281696
0.769737679759 0.326170678883 0.245493281696
0.769737679759 0.326170678883 0.245493281696
0.792197662590 0.323309625215 0.156897869149
0.792197662590 0.323309625215 0.156897869149
0.792197662590 0.323309625215 0.156897869149
0.792197662590 0.323309625215 0.156897869149
0.792197662590 0.323309625215 0.156897869149
0.792197662590 0.323309625215 0.156897869149
0.792197662590 0.323309625215 0.156897869149
0.792197662590 0.323309625215 0.156897869149
0.812657493153 0.322351086000 0.138003233908
0.812657493153 0.322351086000 0.138003233908
0.812657493153 0.322351086000 0.138003233908
0.812657493153 0.322351086000 0.138003233908
0.812657493153 0.322351086000 0.138003233908
0.812657493153 0.322351086000 0.138003233908
0.812657493153 0.322351086000 0.138003233908
0.812657493153 0.322351086000 0.138003233908
0.812657493153 0.322351086000 0.138003233908
0.812657493153 0.322351086000 0.138003233908
0.812657493153 0.322351086000 0.138003233908
0.812657493153 0.322351086000 0.138003233908
0.812657493153 0.322351086000 0.138003233908
0.812657493153 0.322351086000 0.138003233908
0.164021481770 0.763205566646 0.487743726920
0.164021481770 0.763205566646 0.487743726920
0.164021481770 0.763205566646 0.487743726920
0.164021481770 0.763205566646 0.487743726920
0.164021481770 0.763205566646 0.487743726920
0.164021481770 0.763205566646 0.487743726920
0.164021481770 0.763205566646 0.487743726920
0.164021481770 0.763205566646 0.487743726920
0.164021481770 0.763205566646 0.487743726920
0.164021481770 0.763205566646 0.487743726920
0.164021481770 0.763205566646 0.487743726920
0.164021481770 0.763205566646 0.487743726920
0.164021481770 0.763205566646 0.487743726920
0.164021481770 0.763205566646 0.487743726920
0.164021481770 0.763205566646 0.487743726920
0.164021481770 0.763205566646 0.487743726920
0.164021481770 0.763205566646 0.487743726920
0.164021481770 0.763205566646 0.487743726920
0.164021481770 0.763205566646 0.487743726920
0.164021481770 0.763205566646 0.487743726920
0.164021481770 0.763205566646 0.487743726920
0.164021481770 0.763205566646 0.487743726920
0.164021481770 0.763205566646 0.487743726920
0.164021481770 0.763205566646 0.487743726920
0.164021481770 0.763205566646 0.487743726920
0.164021481770 0.763205566646 0.487743726920
0.164021481770 0.763205566646 0.487743726920
0.164021481770 0.763205566646 0.487743726920
0.164021481770 0.763205566646 0.487743726920
0.164021481770 0.763205566646 0.487743726920
0.164021481770 0.763205566646 0.487743726920
0.164021481770 0.763205566646 0.487743726920
0.164021481770 0.763205566646 0.487743726920
0.164021481770 0.763205566646 0.487743726920
0.164021481770 0.763205566646 0.487743726920
0.164021481770 0.763205566646 0.487743726920
0.164021481770 0.763205566646 0.487743726920
0.164021481770 0.763205566646 0.487743726920
0.074675744103 0.760335629563 0.479423395570
0.074675744103 0.760335629563 0.479423395570
0.074675744103 0.760335629563 0.479423395570
0.074675744103 0.760335629563 0.479423395570
0.153622407136 0.970473461277 0.544141518042
0.153622407136 0.970473461277 0.544141518042
0.153622407136 0.970473461277 0.544141518042
0.683095767203 0.271821875860 0.335880599709
0.683095767203 0.271821875860 0.335880599709
0.683095767203 0.271821875860 0.335880599709
0.695104578017 0.258360555493 0.151807995396
0.695104578017 0.258360555493 0.151807995396
0.695104578017 0.258360555493 0.151807995396
0.695104578017 0.258360555493 0.151807995396
0.695104578017 0.258360555493 0.151807995396
0.695104578017 0.258360555493 0.151807995396
0.695104578017 0.258360555493 0.151807995396
0.695104578017 0.258360555493 0.151807995396
0.695104578017 0.258360555493 0.151807995396
0.943111543942 0.467359670869 0.147753058221
0.943111543942 0.467359670869 0.147753058221
0.943111543942 0.467359670869 0.147753058221
0.943111543942 0.467359670869 0.147753058221
0.943111543942 0.467359670869 0.147753058221
0.943111543942 0.467359670869 0.147753058221
0.943111543942 0.467359670869 0.147753058221
0.943111543942 0.467359670869 0.147753058221
0.943111543942 0.467359670869 0.147753058221
0.943111543942 0.467359670869 0.147753058221
0.943111543942 0.467359670869 0.147753058221
0.943111543942 0.467359670869 0.147753058221
0.943111543942 0.467359670869 0.147753058221
0.943111543942 0.467359670869 0.147753058221
0.943111543942 0.467359670869 0.147753058221
0.943111543942 0.467359670869 0.147753058221
0.943111543942 0.467359670869 0.147753058221
0.943111543942 0.467359670869 0.147753058221
0.943111543942 0.467359670869 0.147753058221
0.943111543942 0.467359670869 0.147753058221
0.943111543942 0.467359670869 0.147753058221
0.943111543942 0.467359670869 0.147753058221
0.943111543942 0.467359670869 0.147753058221
0.943111543942 0.467359670869 0.147753058221
0.943111543942 0.467359670869 0.147753058221
0.943111543942 0.467359670869 0.147753058221
0.943111543942 0.467359670869 0.147753058221
0.943111543942 0.467359670869 0.147753058221
0.675126522873 0.265355919674 0.301024868768
0.675126522873 0.265355919674 0.301024868768
0.748353805450 0.299477266280 0.280064360333
0.703713151226 0.267611008619 0.229737491329
0.703713151226 0.267611008619 0.229737491329
0.703713151226 0.267611008619 0.229737491329
0.703713151226 0.267611008619 0.229737491329
0.703713151226 0.267611008619 0.229737491329
0.703713151226 0.267611008619 0.229737491329
0.703713151226 0.267611008619 0.229737491329
0.703713151226 0.267611008619 0.229737491329
0.703713151226 0.267611008619 0.229737491329
0.703713151226 0.267611008619 0.229737491329
0.703713151226 0.267611008619 0.229737491329
0.703713151226 0.267611008619 0.229737491329
0.703713151226 0.267611008619 0.229737491329
0.703713151226 0.267611008619 0.229737491329
0.703713151226 0.267611008619 0.229737491329
0.703713151226 0.267611008619 0.229737491329
0.703713151226 0.267611008619 0.229737491329
0.703713151226 0.267611008619 0.229737491329
0.703713151226 0.267611008619 0.229737491329
0.703713151226 0.267611008619 0.229737491329
0.703713151226 0.267611008619 0.229737491329
0.703713151226 0.267611008619 0.229737491329
0.703713151226 0.267611008619 0.229737491329
0.703713151226 0.267611008619 0.229737491329
0.703713151226 0.267611008619 0.229737491329
0.713561544637 0.267583045624 0.197894342513
0.713561544637 0.267583045624 0.197894342513
0.682640540752 0.252205097819 0.132392235105
0.682640540752 0.252205097819 0.132392235105
0.682640540752 0.252205097819 0.132392235105
0.682640540752 0.252205097819 0.132392235105
0.682640540752 0.252205097819 0.132392235105
0.682640540752 0.252205097819 0.132392235105
0.682640540752 0.252205097819 0.132392235105
0.690740604828 0.255695167760 0.123024228997
0.690740604828 0.255695167760 0.123024228997
0.690740604828 0.255695167760 0.123024228997
0.690740604828 0.255695167760 0.123024228997
0.690740604828 0.255695167760 0.123024228997
0.690740604828 0.255695167760 0.123024228997
0.690740604828 0.255695167760 0.123024228997
0.690740604828 0.255695167760 0.123024228997
0.600746706915 0.220167152901 0.211617349170
0.600746706915 0.220167152901 0.211617349170
0.600746706915 0.220167152901 0.211617349170
0.600746706915 0.220167152901 0.211617349170
0.600746706915 0.220167152901 0.211617349170
