0.984318718770 0.377525290785 0.444680197325
0.984318718770 0.377525290785 0.444680197325
0.984318718770 0.377525290785 0.444680197325
0.984318718770 0.377525290785 0.444680197325
0.984318718770 0.377525290785 0.444680197325
0.984318718770 0.377525290785 0.444680197325
0.984318718770 0.377525290785 0.444680197325
0.984318718770 0.377525290785 0.444680197325
0.984318718770 0.377525290785 0.444680197325
0.984318718770 0.377525290785 0.444680197325
0.984318718770 0.377525290785 0.444680197325
0.984318718770 0.377525290785 0.444680197325
0.984318718770 0.377525290785 0.444680197325
0.984318718770 0.377525290785 0.444680197325
0.984318718770 0.377525290785 0.444680197325
0.984318718770 0.377525290785 0.444680197325
0.984318718770 0.377525290785 0.444680197325
0.984318718770 0.377525290785 0.444680197325
0.984318718770 0.377525290785 0.444680197325
0.984318718770 0.377525290785 0.444680197325
0.984318718770 0.377525290785 0.444680197325
0.984318718770 0.377525290785 0.444680197325
0.984318718770 0.377525290785 0.444680197325
0.984318718770 0.377525290785 0.444680197325
0.249252969106 0.103904848718 0.273324022714
0.249252969106 0.103904848718 0.273324022714
0.249252969106 0.103904848718 0.273324022714
0.249252969106 0.103904848718 0.273324022714
0.249252969106 0.103904848718 0.273324022714
0.249252969106 0.103904848718 0.273324022714
0.249252969106 0.103904848718 0.273324022714
0.249252969106 0.103904848718 0.273324022714
0.249252969106 0.103904848718 0.273324022714
0.249252969106 0.103904848718 0.273324022714
0.249252969106 0.103904848718 0.273324022714
0.249252969106 0.103904848718 0.273324022714
0.249252969106 0.103904848718 0.273324022714
0.249252969106 0.103904848718 0.273324022714
0.324177133904 0.127066346363 0.272141030513
0.324177133904 0.127066346363 0.272141030513
0.324177133904 0.127066346363 0.272141030513
0.324177133904 0.127066346363 0.272141030513
0.324177133904 0.127066346363 0.272141030513
0.324177133904 0.127066346363 0.272141030513
0.300013098395 0.171804400553 0.369896867491
0.300013098395 0.171804400553 0.369896867491
0.300013098395 0.171804400553 0.369896867491
0.300013098395 0.171804400553 0.369896867491
0.300013098395 0.171804400553 0.369896867491
0.300013098395 0.171804400553 0.369896867491
0.300013098395 0.171804400553 0.369896867491
0.300013098395 0.171804400553 0.369896867491
0.300013098395 0.171804400553 0.369896867491
0.300013098395 0.171804400553 0.369896867491
0.300013098395 0.171804400553 0.369896867491
0.300013098395 0.171804400553 0.369896867491
0.300013098395 0.171804400553 0.369896867491
0.300013098395 0.171804400553 0.369896867491
0.300013098395 0.171804400553 0.369896867491
0.300013098395 0.171804400553 0.369896867491
0.300013098395 0.171804400553 0.369896867491
0.300013098395 0.171804400553 0.369896867491
0.300013098395 0.171804400553 0.369896867491
0.300013098395 0.171804400553 0.369896867491
0.404956939355 0.154194785598 0.072361121800
0.404956939355 0.154194785598 0.072361121800
0.404956939355 0.154194785598 0.072361121800
0.404956939355 0.154194785598 0.072361121800
0.404956939355 0.154194785598 0.072361121800
0.404956939355 0.154194785598 0.072361121800
0.404956939355 0.154194785598 0.072361121800
0.404956939355 0.154194785598 0.072361121800
0.404956939355 0.154194785598 0.072361121800
0.404956939355 0.154194785598 0.072361121800
0.404956939355 0.154194785598 0.072361121800
0.403233521301 0.155538287303 0.058696976604
0.403233521301 0.155538287303 0.058696976604
0.402462060228 0.158472323026 0.034963626403
0.397913789109 0.158531833811 0.034834589331
0.397913789109 0.158531833811 0.034834589331
0.397913789109 0.158531833811 0.034834589331
0.397913789109 0.158531833811 0.034834589331
0.397913789109 0.158531833811 0.034834589331
0.397913789109 0.158531833811 0.034834589331
0.397913789109 0.158531833811 0.034834589331
0.397913789109 0.158531833811 0.034834589331
0.397913789109 0.158531833811 0.034834589331
0.397913789109 0.158531833811 0.034834589331
0.404002319921 0.973004049434 0.611905890557
0.404002319921 0.973004049434 0.611905890557
0.404002319921 0.973004049434 0.611905890557
0.837559205575 0.335253298331 0.122683741793
0.837559205575 0.335253298331 0.122683741793
0.837559205575 0.335253298331 0.122683741793
0.837559205575 0.335253298331 0.122683741793
0.837559205575 0.335253298331 0.122683741793
0.837559205575 0.335253298331 0.122683741793
0.837559205575 0.335253298331 0.122683741793
0.837559205575 0.335253298331 0.122683741793
0.837559205575 0.335253298331 0.122683741793
0.837559205575 0.335253298331 0.122683741793
0.837559205575 0.335253298331 0.122683741793
0.837559205575 0.335253298331 0.122683741793
0.837559205575 0.335253298331 0.122683741793
0.837559205575 0.335253298331 0.122683741793
0.837559205575 0.335253298331 0.122683741793
0.837559205575 0.335253298331 0.122683741793
0.837559205575 0.335253298331 0.122683741793
0.837559205575 0.335253298331 0.122683741793
0.837522055551 0.345539957027 0.069079283763
0.837522055551 0.345539957027 0.069079283763
0.837522055551 0.345539957027 0.069079283763
0.837522055551 0.345539957027 0.069079283763
0.837522055551 0.345539957027 0.069079283763
0.837522055551 0.345539957027 0.069079283763
0.837522055551 0.345539957027 0.069079283763
0.837522055551 0.345539957027 0.069079283763
0.837522055551 0.345539957027 0.069079283763
0.837522055551 0.345539957027 0.069079283763
0.837522055551 0.345539957027 0.069079283763
0.837522055551 0.345539957027 0.069079283763
0.837522055551 0.345539957027 0.069079283763
0.837522055551 0.345539957027 0.069079283763
0.837522055551 0.345539957027 0.069079283763
0.837522055551 0.345539957027 0.069079283763
0.837522055551 0.345539957027 0.069079283763
0.837522055551 0.345539957027 0.069079283763
0.837522055551 0.345539957027 0.069079283763
0.837522055551 0.345539957027 0.069079283763
0.837522055551 0.345539957027 0.069079283763
0.656041288366 0.849545210416 0.652343894865
0.656041288366 0.849545210416 0.652343894865
0.656041288366 0.849545210416 0.652343894865
0.656041288366 0.849545210416 0.652343894865
0.656041288366 0.849545210416 0.652343894865
0.656041288366 0.849545210416 0.652343894865
0.644833631090 0.833973717763 0.640913060363
0.644833631090 0.833973717763 0.640913060363
0.615612877090 0.744909175069 0.590009651447
0.615612877090 0.744909175069 0.590009651447
0.615612877090 0.744909175069 0.590009651447
0.615612877090 0.744909175069 0.590009651447
0.615612877090 0.744909175069 0.590009651447
0.615612877090 0.744909175069 0.590009651447
0.825293324324 0.481242124903 0.587814667392
0.815504682732 0.421858411579 0.523722369433
0.813219263526 0.352177345869 0.208671837917
0.818733218601 0.340770368036 0.129392096412
0.818733218601 0.340770368036 0.129392096412
0.818733218601 0.340770368036 0.129392096412
0.818733218601 0.340770368036 0.129392096412
0.818733218601 0.340770368036 0.129392096412
0.818733218601 0.340770368036 0.129392096412
0.820760530887 0.337796327212 0.099797475936
0.820760530887 0.337796327212 0.099797475936
0.820760530887 0.337796327212 0.099797475936
0.820760530887 0.337796327212 0.099797475936
0.820760530887 0.337796327212 0.099797475936
0.820760530887 0.337796327212 0.099797475936
0.820760530887 0.337796327212 0.099797475936
0.820760530887 0.337796327212 0.099797475936
0.818574399966 0.331890865126 0.098326940046
0.818574399966 0.331890865126 0.098326940046
0.818574399966 0.331890865126 0.098326940046
0.818574399966 0.331890865126 0.098326940046
0.818574399966 0.331890865126 0.098326940046
0.818574399966 0.331890865126 0.098326940046
0.818574399966 0.331890865126 0.098326940046
0.818574399966 0.331890865126 0.098326940046
0.818574399966 0.331890865126 0.098326940046
0.818574399966 0.331890865126 0.098326940046
0.818574399966 0.331890865126 0.098326940046
0.818574399966 0.331890865126 0.098326940046
0.818574399966 0.331890865126 0.098326940046
0.818574399966 0.331890865126 0.098326940046
0.818574399966 0.331890865126 0.098326940046
0.818574399966 0.331890865126 0.098326940046
0.818574399966 0.331890865126 0.098326940046
0.718485709605 0.276955653559 0.273964058017
0.717567358318 0.242331615426 0.226830535498
0.717567358318 0.242331615426 0.226830535498
0.639302361662 0.240123200550 0.145834848153
0.639302361662 0.240123200550 0.145834848153
0.639302361662 0.240123200550 0.145834848153
0.639302361662 0.240123200550 0.145834848153
0.639302361662 0.240123200550 0.145834848153
0.639302361662 0.240123200550 0.145834848153
0.639302361662 0.240123200550 0.145834848153
0.639302361662 0.240123200550 0.145834848153
0.639302361662 0.240123200550 0.145834848153
0.620014138790 0.236196893278 0.141627699092
0.644904640402 0.234965513239 0.072577579128
0.644904640402 0.234965513239 0.072577579128
0.644904640402 0.234965513239 0.072577579128
0.644904640402 0.234965513239 0.072577579128
0.644904640402 0.234965513239 0.072577579128
0.644904640402 0.234965513239 0.072577579128
0.644904640402 0.234965513239 0.072577579128
0.644904640402 0.234965513239 0.072577579128
0.644904640402 0.234965513239 0.072577579128
0.644904640402 0.234965513239 0.072577579128
0.644904640402 0.234965513239 0.072577579128
0.644904640402 0.234965513239 0.072577579128
0.644904640402 0.234965513239 0.072577579128
0.644904640402 0.234965513239 0.072577579128
0.644904640402 0.234965513239 0.072577579128
0.644904640402 0.234965513239 0.072577579128
0.644904640402 0.234965513239 0.072577579128
0.644904640402 0.234965513239 0.072577579128
0.644904640402 0.234965513239 0.072577579128
0.644904640402 0.234965513239 0.072577579128
0.644904640402 0.234965513239 0.072577579128
0.644904640402 0.234965513239 0.072577579128
0.644904640402 0.234965513239 0.072577579128
0.644904640402 0.234965513239 0.072577579128
0.644904640402 0.234965513239 0.072577579128
0.644904640402 0.234965513239 0.072577579128
0.644904640402 0.234965513239 0.072577579128
0.644904640402 0.234965513239 0.072577579128
0.644904640402 0.234965513239 0.072577579128
0.644904640402 0.234965513239 0.072577579128
0.644904640402 0.234965513239 0.072577579128
0.644904640402 0.234965513239 0.072577579128
0.101741466431 0.460522551722 0.527031465457
0.101741466431 0.460522551722 0.527031465457
0.101741466431 0.460522551722 0.527031465457
0.101741466431 0.460522551722 0.527031465457
0.101741466431 0.460522551722 0.527031465457
0.101741466431 0.460522551722 0.527031465457
0.017366341042 0.661854923091 0.495283990821
0.000000000000 0.794251215729 0.493161022610
0.000000000000 0.794251215729 0.493161022610
0.000000000000 0.794251215729 0.493161022610
0.000000000000 0.794251215729 0.493161022610
0.000000000000 0.794251215729 0.493161022610
0.000000000000 0.794251215729 0.493161022610
0.000000000000 0.794251215729 0.493161022610
0.000000000000 0.794251215729 0.493161022610
0.000000000000 0.794251215729 0.493161022610
0.000000000000 0.794251215729 0.493161022610
0.000000000000 0.794251215729 0.493161022610
0.000000000000 0.794251215729 0.493161022610
0.000000000000 0.794251215729 0.493161022610
0.000000000000 0.794251215729 0.493161022610
0.000000000000 0.794251215729 0.493161022610
0.000000000000 0.794251215729 0.493161022610
0.000000000000 0.794251215729 0.493161022610
0.000000000000 0.794251215729 0.493161022610
0.000000000000 0.794251215729 0.493161022610
0.000000000000 0.794251215729 0.493161022610
0.000000000000 0.794251215729 0.493161022610
0.000000000000 0.794251215729 0.493161022610
0.000000000000 0.794251215729 0.493161022610
0.000000000000 0.794251215729 0.493161022610
0.000000000000 0.794251215729 0.493161022610
0.000000000000 0.794251215729 0.493161022610
0.000000000000 0.794251215729 0.493161022610
0.000000000000 0.794251215729 0.493161022610
0.000000000000 0.794251215729 0.493161022610
0.000000000000 0.794251215729 0.493161022610
0.000000000000 0.794251215729 0.493161022610
0.000000000000 0.794251215729 0.493161022610
0.000000000000 0.794251215729 0.493161022610
0.000000000000 0.794251215729 0.493161022610
0.000000000000 0.794251215729 0.493161022610
0.076247563227 0.777185601403 0.509822318819
0.076247563227 0.777185601403 0.509822318819
0.076247563227 0.777185601403 0.509822318819
0.076247563227 0.777185601403 0.509822318819
0.076247563227 0.777185601403 0.509822318819
0.076247563227 0.777185601403 0.509822318819
0.076247563227 0.777185601403 0.509822318819
0.076247563227 0.777185601403 0.509822318819
0.076247563227 0.777185601403 0.509822318819
0.076247563227 0.777185601403 0.509822318819
0.076247563227 0.777185601403 0.509822318819
0.076247563227 0.777185601403 0.509822318819
0.076247563227 0.777185601403 0.509822318819
0.076247563227 0.777185601403 0.509822318819
0.076247563227 0.777185601403 0.509822318819
0.076247563227 0.777185601403 0.509822318819
0.076247563227 0.777185601403 0.509822318819
0.099904863208 0.734654227067 0.494699421800
0.099904863208 0.734654227067 0.494699421800
0.069504933980 0.770640095102 0.481274567321
0.069504933980 0.770640095102 0.481274567321
0.069504933980 0.770640095102 0.481274567321
0.069504933980 0.770640095102 0.481274567321
0.069504933980 0.770640095102 0.481274567321
0.069504933980 0.770640095102 0.481274567321
0.069504933980 0.770640095102 0.481274567321
0.069504933980 0.770640095102 0.481274567321
0.069504933980 0.770640095102 0.481274567321
0.069504933980 0.770640095102 0.481274567321
0.069504933980 0.770640095102 0.481274567321
0.069504933980 0.770640095102 0.481274567321
0.069504933980 0.770640095102 0.481274567321
0.069504933980 0.770640095102 0.481274567321
0.069504933980 0.770640095102 0.481274567321
0.069504933980 0.770640095102 0.481274567321
0.069504933980 0.770640095102 0.481274567321
0.069504933980 0.770640095102 0.481274567321
0.069504933980 0.770640095102 0.481274567321
0.000000000000 0.337728922593 0.455762384540
0.000000000000 0.337728922593 0.455762384540
0.000000000000 0.337728922593 0.455762384540
0.000000000000 0.337728922593 0.455762384540
0.000000000000 0.337728922593 0.455762384540
0.000000000000 0.337728922593 0.455762384540
0.969152696740 0.413357154005 0.415251339591
0.969152696740 0.413357154005 0.415251339591
0.969152696740 0.413357154005 0.415251339591
0.969152696740 0.413357154005 0.415251339591
0.969152696740 0.413357154005 0.415251339591
0.969152696740 0.413357154005 0.415251339591
0.969152696740 0.413357154005 0.415251339591
0.969152696740 0.413357154005 0.415251339591
0.969152696740 0.413357154005 0.415251339591
0.969152696740 0.413357154005 0.415251339591
0.969152696740 0.413357154005 0.415251339591
0.969152696740 0.413357154005 0.415251339591
0.969152696740 0.413357154005 0.415251339591
0.969152696740 0.413357154005 0.415251339591
0.969152696740 0.413357154005 0.415251339591
0.678880802285 0.287003711596 0.325539521266
0.678880802285 0.287003711596 0.325539521266
0.678880802285 0.287003711596 0.325539521266
0.678880802285 0.287003711596 0.325539521266
0.678880802285 0.287003711596 0.325539521266
0.678880802285 0.287003711596 0.325539521266
0.678880802285 0.287003711596 0.325539521266
0.678880802285 0.287003711596 0.325539521266
0.612471835060 0.240322621003 0.230349895292
0.612471835060 0.240322621003 0.230349895292
0.612471835060 0.240322621003 0.230349895292
0.612471835060 0.240322621003 0.230349895292
0.612471835060 0.240322621003 0.230349895292
0.612471835060 0.240322621003 0.230349895292
0.612471835060 0.240322621003 0.230349895292
0.612471835060 0.240322621003 0.230349895292
0.612471835060 0.240322621003 0.230349895292
0.612471835060 0.240322621003 0.230349895292
0.612471835060 0.240322621003 0.230349895292
0.612471835060 0.240322621003 0.230349895292
0.612471835060 0.240322621003 0.230349895292
0.612471835060 0.240322621003 0.230349895292
0.612471835060 0.240322621003 0.230349895292
0.612471835060 0.240322621003 0.230349895292
0.612471835060 0.240322621003 0.230349895292
0.612471835060 0.240322621003 0.230349895292
0.612471835060 0.240322621003 0.230349895292
0.446445447145 0.036922093918 0.536282048353
0.793603897540 0.163359990104 0.515129713145
0.840384685669 0.082162283999 0.491116134044
0.840384685669 0.082162283999 0.491116134044
0.840384685669 0.082162283999 0.491116134044
0.840384685669 0.082162283999 0.491116134044
0.060861118884 0.125423377126 0.450581528675
0.060861118884 0.125423377126 0.450581528675
0.060861118884 0.125423377126 0.450581528675
0.060861118884 0.125423377126 0.450581528675
0.060861118884 0.125423377126 0.450581528675
0.060861118884 0.125423377126 0.450581528675
0.060861118884 0.125423377126 0.450581528675
0.060861118884 0.125423377126 0.450581528675
0.060861118884 0.125423377126 0.450581528675
0.060861118884 0.125423377126 0.450581528675
0.060861118884 0.125423377126 0.450581528675
0.060861118884 0.125423377126 0.450581528675
0.060861118884 0.125423377126 0.450581528675
0.285070659050 0.161807493537 0.372961097544
0.285070659050 0.161807493537 0.372961097544
0.285070659050 0.161807493537 0.372961097544
0.285070659050 0.161807493537 0.372961097544
0.285070659050 0.161807493537 0.372961097544
0.285070659050 0.161807493537 0.372961097544
0.392663860775 0.179937721351 0.243623044586
0.392663860775 0.179937721351 0.243623044586
0.392663860775 0.179937721351 0.243623044586
0.392663860775 0.179937721351 0.243623044586
0.392663860775 0.179937721351 0.243623044586
0.392663860775 0.179937721351 0.243623044586
0.392663860775 0.179937721351 0.243623044586
0.392663860775 0.179937721351 0.243623044586
0.392663860775 0.179937721351 0.243623044586
0.392663860775 0.179937721351 0.243623044586
0.392663860775 0.179937721351 0.243623044586
0.392663860775 0.179937721351 0.243623044586
0.392663860775 0.179937721351 0.243623044586
0.392663860775 0.179937721351 0.243623044586
0.392663860775 0.179937721351 0.243623044586
0.392663860775 0.179937721351 0.243623044586
0.416881633808 0.176188133087 0.234238882605
0.416881633808 0.176188133087 0.234238882605
0.416881633808 0.176188133087 0.234238882605
0.416881633808 0.176188133087 0.234238882605
0.416881633808 0.176188133087 0.234238882605
0.062428762514 0.949090792477 0.526304675187
0.062428762514 0.949090792477 0.526304675187
0.062428762514 0.949090792477 0.526304675187
0.062428762514 0.949090792477 0.526304675187
0.062428762514 0.949090792477 0.526304675187
0.062428762514 0.949090792477 0.526304675187
0.062428762514 0.949090792477 0.526304675187
0.062428762514 0.949090792477 0.526304675187
0.044825605710 0.938224658466 0.352105989842
0.044825605710 0.938224658466 0.352105989842
0.044825605710 0.938224658466 0.352105989842
0.044825605710 0.938224658466 0.352105989842
0.044825605710 0.938224658466 0.352105989842
0.044825605710 0.938224658466 0.352105989842
0.044825605710 0.938224658466 0.352105989842
0.044825605710 0.938224658466 0.352105989842
0.044825605710 0.938224658466 0.352105989842
0.044825605710 0.938224658466 0.352105989842
0.044825605710 0.938224658466 0.352105989842
0.044825605710 0.938224658466 0.352105989842
0.044825605710 0.938224658466 0.352105989842
0.044825605710 0.938224658466 0.352105989842
0.044825605710 0.938224658466 0.352105989842
0.044825605710 0.938224658466 0.352105989842
0.044825605710 0.938224658466 0.352105989842
0.044825605710 0.938224658466 0.352105989842
0.044825605710 0.938224658466 0.352105989842
0.044825605710 0.938224658466 0.352105989842
0.044825605710 0.938224658466 0.352105989842
0.044825605710 0.938224658466 0.352105989842
0.044825605710 0.938224658466 0.352105989842
0.044825605710 0.938224658466 0.352105989842
0.044825605710 0.938224658466 0.352105989842
0.044825605710 0.938224658466 0.352105989842
0.044825605710 0.938224658466 0.352105989842
0.044825605710 0.938224658466 0.352105989842
0.044825605710 0.938224658466 0.352105989842
0.044825605710 0.938224658466 0.352105989842
0.044825605710 0.938224658466 0.352105989842
0.044825605710 0.938224658466 0.352105989842
0.044825605710 0.938224658466 0.352105989842
0.497752632103 0.531287677589 0.618706255116
0.497752632103 0.531287677589 0.618706255116
0.302016033539 0.420835983432 0.569611870528
0.302016033539 0.420835983432 0.569611870528
0.296308201672 0.595626665101 0.552966048805
0.296308201672 0.595626665101 0.552966048805
0.182981470524 0.785215991327 0.544814103262
0.182981470524 0.785215991327 0.544814103262
0.182981470524 0.785215991327 0.544814103262
0.182981470524 0.785215991327 0.544814103262
0.000000000000 0.804236402513 0.538313913129
0.000000000000 0.804236402513 0.538313913129
0.000000000000 0.804236402513 0.538313913129
0.000000000000 0.804236402513 0.538313913129
0.000000000000 0.804236402513 0.538313913129
0.000000000000 0.859960972517 0.499612740603
0.000000000000 0.859960972517 0.499612740603
0.000000000000 0.859960972517 0.499612740603
0.000000000000 0.859960972517 0.499612740603
0.000000000000 0.859960972517 0.499612740603
0.000000000000 0.859960972517 0.499612740603
0.000000000000 0.859960972517 0.499612740603
0.000000000000 0.859960972517 0.499612740603
0.000000000000 0.560374636945 0.493950811412
0.000000000000 0.560374636945 0.493950811412
0.000000000000 0.560374636945 0.493950811412
0.000000000000 0.560374636945 0.493950811412
0.000000000000 0.560374636945 0.493950811412
0.000000000000 0.560374636945 0.493950811412
0.000000000000 0.560374636945 0.493950811412
0.000000000000 0.560374636945 0.493950811412
0.918550290376 0.526948381100 0.401656589000
0.920733488188 0.469110462099 0.289332532402
0.920733488188 0.469110462099 0.289332532402
0.920733488188 0.469110462099 0.289332532402
0.920733488188 0.469110462099 0.289332532402
0.920733488188 0.469110462099 0.289332532402
0.613593525573 0.238590271010 0.229144192133
0.613593525573 0.238590271010 0.229144192133
0.755295119108 0.271521749803 0.184343169859
0.755295119108 0.271521749803 0.184343169859
0.755295119108 0.271521749803 0.184343169859
0.755295119108 0.271521749803 0.184343169859
0.755295119108 0.271521749803 0.184343169859
0.755295119108 0.271521749803 0.184343169859
0.755295119108 0.271521749803 0.184343169859
0.755295119108 0.271521749803 0.184343169859
0.755295119108 0.271521749803 0.184343169859
0.755295119108 0.271521749803 0.184343169859
0.755295119108 0.271521749803 0.184343169859
0.713802486127 0.285572772212 0.302746742564
0.713802486127 0.285572772212 0.302746742564
0.713802486127 0.285572772212 0.302746742564
0.713802486127 0.285572772212 0.302746742564
0.713802486127 0.285572772212 0.302746742564
0.713802486127 0.285572772212 0.302746742564
0.713802486127 0.285572772212 0.302746742564
0.713802486127 0.285572772212 0.302746742564
0.713802486127 0.285572772212 0.302746742564
0.713802486127 0.285572772212 0.302746742564
0.713802486127 0.285572772212 0.302746742564
0.713802486127 0.285572772212 0.302746742564
0.713802486127 0.285572772212 0.302746742564
