0.009145595327 0.832746822263 0.568982270272
0.009145595327 0.832746822263 0.568982270272
0.030014317726 0.825186249677 0.414243622386
0.030014317726 0.825186249677 0.414243622386
0.030014317726 0.825186249677 0.414243622386
0.030014317726 0.825186249677 0.414243622386
0.030014317726 0.825186249677 0.414243622386
0.030014317726 0.825186249677 0.414243622386
0.030014317726 0.825186249677 0.414243622386
0.030014317726 0.825186249677 0.414243622386
0.030014317726 0.825186249677 0.414243622386
0.030014317726 0.825186249677 0.414243622386
0.030014317726 0.825186249677 0.414243622386
0.030014317726 0.825186249677 0.414243622386
0.030014317726 0.825186249677 0.414243622386
0.030014317726 0.825186249677 0.414243622386
0.039010924205 0.936415110195 0.376132663591
0.039010924205 0.936415110195 0.376132663591
0.039010924205 0.936415110195 0.376132663591
0.039010924205 0.936415110195 0.376132663591
0.039010924205 0.936415110195 0.376132663591
0.039010924205 0.936415110195 0.376132663591
0.039010924205 0.936415110195 0.376132663591
0.039010924205 0.936415110195 0.376132663591
0.039010924205 0.936415110195 0.376132663591
0.039010924205 0.936415110195 0.376132663591
0.039010924205 0.936415110195 0.376132663591
0.039010924205 0.936415110195 0.376132663591
0.039010924205 0.936415110195 0.376132663591
0.039010924205 0.936415110195 0.376132663591
0.039010924205 0.936415110195 0.376132663591
0.039010924205 0.936415110195 0.376132663591
0.039010924205 0.936415110195 0.376132663591
0.039010924205 0.936415110195 0.376132663591
0.039010924205 0.936415110195 0.376132663591
0.039010924205 0.936415110195 0.376132663591
0.039010924205 0.936415110195 0.376132663591
0.039010924205 0.936415110195 0.376132663591
0.039010924205 0.936415110195 0.376132663591
0.039010924205 0.936415110195 0.376132663591
0.039010924205 0.936415110195 0.376132663591
0.039010924205 0.936415110195 0.376132663591
0.039010924205 0.936415110195 0.376132663591
0.782085854511 0.244619682449 0.376005411146
0.782085854511 0.244619682449 0.376005411146
0.782085854511 0.244619682449 0.376005411146
0.738736113484 0.271019964980 0.148867833223
0.738736113484 0.271019964980 0.148867833223
0.738736113484 0.271019964980 0.148867833223
0.738736113484 0.271019964980 0.148867833223
0.738736113484 0.271019964980 0.148867833223
0.738736113484 0.271019964980 0.148867833223
0.738736113484 0.271019964980 0.148867833223
0.738736113484 0.271019964980 0.148867833223
0.738736113484 0.271019964980 0.148867833223
0.738736113484 0.271019964980 0.148867833223
0.738736113484 0.271019964980 0.148867833223
0.738736113484 0.271019964980 0.148867833223
0.738736113484 0.271019964980 0.148867833223
0.650009068364 0.231422103406 0.089967834579
0.650009068364 0.231422103406 0.089967834579
0.650009068364 0.231422103406 0.089967834579
0.650009068364 0.231422103406 0.089967834579
0.650009068364 0.231422103406 0.089967834579
0.650009068364 0.231422103406 0.089967834579
0.650009068364 0.231422103406 0.089967834579
0.650009068364 0.231422103406 0.089967834579
0.650009068364 0.231422103406 0.089967834579
0.650009068364 0.231422103406 0.089967834579
0.650009068364 0.231422103406 0.089967834579
0.650009068364 0.231422103406 0.089967834579
0.650009068364 0.231422103406 0.089967834579
0.650009068364 0.231422103406 0.089967834579
0.650009068364 0.231422103406 0.089967834579
0.649591392196 0.230905334702 0.087154224986
0.649591392196 0.230905334702 0.087154224986
0.649591392196 0.230905334702 0.087154224986
0.649447020777 0.232548003159 0.076196570723
0.649447020777 0.232548003159 0.076196570723
0.649447020777 0.232548003159 0.076196570723
0.649447020777 0.232548003159 0.076196570723
0.649447020777 0.232548003159 0.076196570723
0.649447020777 0.232548003159 0.076196570723
0.649447020777 0.232548003159 0.076196570723
0.649447020777 0.232548003159 0.076196570723
0.649447020777 0.232548003159 0.076196570723
0.648864835479 0.233727438916 0.073318628995
0.648864835479 0.233727438916 0.073318628995
0.648864835479 0.233727438916 0.073318628995
0.000000000000 0.221746748673 0.582629810148
0.000000000000 0.215625565864 0.565001321286
0.000000000000 0.193771623065 0.493703683542
0.000000000000 0.193771623065 0.493703683542
0.000000000000 0.183597512200 0.458084137450
0.000000000000 0.183597512200 0.458084137450
0.000000000000 0.183597512200 0.458084137450
0.000000000000 0.183597512200 0.458084137450
0.000000000000 0.183597512200 0.458084137450
0.000000000000 0.183597512200 0.458084137450
0.000000000000 0.183597512200 0.458084137450
0.000000000000 0.183597512200 0.458084137450
0.000000000000 0.183597512200 0.458084137450
0.245029595854 0.128115859165 0.367952351188
0.245029595854 0.128115859165 0.367952351188
0.245029595854 0.128115859165 0.367952351188
0.245029595854 0.128115859165 0.367952351188
0.245029595854 0.128115859165 0.367952351188
0.245029595854 0.128115859165 0.367952351188
0.245029595854 0.128115859165 0.367952351188
0.245029595854 0.128115859165 0.367952351188
0.245029595854 0.128115859165 0.367952351188
0.402664711054 0.190297070213 0.360389596098
0.659465767244 0.234075074214 0.072063662864
0.659465767244 0.234075074214 0.072063662864
0.659465767244 0.234075074214 0.072063662864
0.659465767244 0.234075074214 0.072063662864
0.659465767244 0.234075074214 0.072063662864
0.659465767244 0.234075074214 0.072063662864
0.659465767244 0.234075074214 0.072063662864
0.659465767244 0.234075074214 0.072063662864
0.659465767244 0.234075074214 0.072063662864
0.659465767244 0.234075074214 0.072063662864
0.659465767244 0.234075074214 0.072063662864
0.658196398051 0.234678693445 0.062361352257
0.658196398051 0.234678693445 0.062361352257
0.658196398051 0.234678693445 0.062361352257
0.658196398051 0.234678693445 0.062361352257
0.658196398051 0.234678693445 0.062361352257
0.658196398051 0.234678693445 0.062361352257
0.658196398051 0.234678693445 0.062361352257
0.658196398051 0.234678693445 0.062361352257
0.658196398051 0.234678693445 0.062361352257
0.658196398051 0.234678693445 0.062361352257
0.658196398051 0.234678693445 0.062361352257
0.658196398051 0.234678693445 0.062361352257
0.658196398051 0.234678693445 0.062361352257
0.658196398051 0.234678693445 0.062361352257
0.593377735328 0.174672610465 0.390658005380
0.616329865699 0.240532759344 0.216707464432
0.616329865699 0.240532759344 0.216707464432
0.616329865699 0.240532759344 0.216707464432
0.616329865699 0.240532759344 0.216707464432
0.616329865699 0.240532759344 0.216707464432
0.616329865699 0.240532759344 0.216707464432
0.616329865699 0.240532759344 0.216707464432
0.616329865699 0.240532759344 0.216707464432
0.616329865699 0.240532759344 0.216707464432
0.616329865699 0.240532759344 0.216707464432
0.616329865699 0.240532759344 0.216707464432
0.616329865699 0.240532759344 0.216707464432
0.616329865699 0.240532759344 0.216707464432
0.616329865699 0.240532759344 0.216707464432
0.616329865699 0.240532759344 0.216707464432
0.616329865699 0.240532759344 0.216707464432
0.616329865699 0.240532759344 0.216707464432
0.616329865699 0.240532759344 0.216707464432
0.616329865699 0.240532759344 0.216707464432
0.616329865699 0.240532759344 0.216707464432
0.616223936466 0.238482623394 0.209404095823
0.616223936466 0.238482623394 0.209404095823
0.616223936466 0.238482623394 0.209404095823
0.616223936466 0.238482623394 0.209404095823
0.616223936466 0.238482623394 0.209404095823
0.616223936466 0.238482623394 0.209404095823
0.616223936466 0.238482623394 0.209404095823
0.616223936466 0.238482623394 0.209404095823
0.616223936466 0.238482623394 0.209404095823
0.616223936466 0.238482623394 0.209404095823
0.616223936466 0.238482623394 0.209404095823
0.616223936466 0.238482623394 0.209404095823
0.637245211852 0.239031539644 0.123378937496
0.637245211852 0.239031539644 0.123378937496
0.637245211852 0.239031539644 0.123378937496
0.637245211852 0.239031539644 0.123378937496
0.637245211852 0.239031539644 0.123378937496
0.637245211852 0.239031539644 0.123378937496
0.637245211852 0.239031539644 0.123378937496
0.637245211852 0.239031539644 0.123378937496
0.637245211852 0.239031539644 0.123378937496
0.637245211852 0.239031539644 0.123378937496
0.637245211852 0.239031539644 0.123378937496
0.637245211852 0.239031539644 0.123378937496
0.155801386475 0.864705649168 0.527840747451
0.155801386475 0.864705649168 0.527840747451
0.155801386475 0.864705649168 0.527840747451
0.155801386475 0.864705649168 0.527840747451
0.155801386475 0.864705649168 0.527840747451
0.155801386475 0.864705649168 0.527840747451
0.155801386475 0.864705649168 0.527840747451
0.155801386475 0.864705649168 0.527840747451
0.155801386475 0.864705649168 0.527840747451
0.155801386475 0.864705649168 0.527840747451
0.111531785937 0.508587650550 0.527137049907
0.111531785937 0.508587650550 0.527137049907
0.142501459284 0.430941205034 0.522282002416
0.142501459284 0.430941205034 0.522282002416
0.142501459284 0.430941205034 0.522282002416
0.142501459284 0.430941205034 0.522282002416
0.142501459284 0.430941205034 0.522282002416
0.142501459284 0.430941205034 0.522282002416
0.160401955301 0.619012977874 0.520182162881
0.160401955301 0.619012977874 0.520182162881
0.160401955301 0.619012977874 0.520182162881
0.160401955301 0.619012977874 0.520182162881
0.160401955301 0.619012977874 0.520182162881
0.160401955301 0.619012977874 0.520182162881
0.160401955301 0.619012977874 0.520182162881
0.160401955301 0.619012977874 0.520182162881
0.160401955301 0.619012977874 0.520182162881
0.023957968416 0.828768476131 0.399587535764
0.023957968416 0.828768476131 0.399587535764
0.023957968416 0.828768476131 0.399587535764
0.023957968416 0.828768476131 0.399587535764
0.023957968416 0.828768476131 0.399587535764
0.023957968416 0.828768476131 0.399587535764
0.023957968416 0.828768476131 0.399587535764
0.023957968416 0.828768476131 0.399587535764
0.023957968416 0.828768476131 0.399587535764
0.023957968416 0.828768476131 0.399587535764
0.023957968416 0.828768476131 0.399587535764
0.023957968416 0.828768476131 0.399587535764
0.023957968416 0.828768476131 0.399587535764
0.023957968416 0.828768476131 0.399587535764
0.023957968416 0.828768476131 0.399587535764
0.023957968416 0.828768476131 0.399587535764
0.023957968416 0.828768476131 0.399587535764
0.145501987034 0.218852848872 0.612111032567
0.145501987034 0.218852848872 0.612111032567
0.000000000000 0.207305408242 0.512147752854
0.000000000000 0.204214135859 0.498189971546
0.000000000000 0.204214135859 0.498189971546
0.000000000000 0.204214135859 0.498189971546
0.000000000000 0.204214135859 0.498189971546
0.000000000000 0.204214135859 0.498189971546
0.000000000000 0.204214135859 0.498189971546
0.427010816030 0.156027456633 0.079139783831
0.427010816030 0.156027456633 0.079139783831
0.427010816030 0.156027456633 0.079139783831
0.427010816030 0.156027456633 0.079139783831
0.427010816030 0.156027456633 0.079139783831
0.427010816030 0.156027456633 0.079139783831
0.427010816030 0.156027456633 0.079139783831
0.427010816030 0.156027456633 0.079139783831
0.427010816030 0.156027456633 0.079139783831
0.427010816030 0.156027456633 0.079139783831
0.427010816030 0.156027456633 0.079139783831
0.427010816030 0.156027456633 0.079139783831
0.427010816030 0.156027456633 0.079139783831
0.427010816030 0.156027456633 0.079139783831
0.427010816030 0.156027456633 0.079139783831
0.427010816030 0.156027456633 0.079139783831
0.427010816030 0.156027456633 0.079139783831
0.427010816030 0.156027456633 0.079139783831
0.427010816030 0.156027456633 0.079139783831
0.427010816030 0.156027456633 0.079139783831
0.427010816030 0.156027456633 0.079139783831
0.427010816030 0.156027456633 0.079139783831
0.427010816030 0.156027456633 0.079139783831
0.427010816030 0.156027456633 0.079139783831
0.427010816030 0.156027456633 0.079139783831
0.427010816030 0.156027456633 0.079139783831
0.427010816030 0.156027456633 0.079139783831
0.427010816030 0.156027456633 0.079139783831
0.427010816030 0.156027456633 0.079139783831
0.427010816030 0.156027456633 0.079139783831
0.427010816030 0.156027456633 0.079139783831
0.427010816030 0.156027456633 0.079139783831
0.427010816030 0.156027456633 0.079139783831
0.427010816030 0.156027456633 0.079139783831
0.895249174678 0.735185255526 0.579202871467
0.895249174678 0.735185255526 0.579202871467
0.955862719169 0.615516249126 0.494884303821
0.955862719169 0.615516249126 0.494884303821
0.955862719169 0.615516249126 0.494884303821
0.955862719169 0.615516249126 0.494884303821
0.955862719169 0.615516249126 0.494884303821
0.955862719169 0.615516249126 0.494884303821
0.955862719169 0.615516249126 0.494884303821
0.955862719169 0.615516249126 0.494884303821
0.955862719169 0.615516249126 0.494884303821
0.955862719169 0.615516249126 0.494884303821
0.955862719169 0.615516249126 0.494884303821
0.947770946053 0.604800885807 0.475260900834
0.947770946053 0.604800885807 0.475260900834
0.947770946053 0.604800885807 0.475260900834
0.947770946053 0.604800885807 0.475260900834
0.943506411115 0.471699203297 0.156961838567
0.943506411115 0.471699203297 0.156961838567
0.943506411115 0.471699203297 0.156961838567
0.943506411115 0.471699203297 0.156961838567
0.943506411115 0.471699203297 0.156961838567
0.943506411115 0.471699203297 0.156961838567
0.943506411115 0.471699203297 0.156961838567
0.943506411115 0.471699203297 0.156961838567
0.943506411115 0.471699203297 0.156961838567
0.943506411115 0.471699203297 0.156961838567
0.943506411115 0.471699203297 0.156961838567
0.943506411115 0.471699203297 0.156961838567
0.943506411115 0.471699203297 0.156961838567
0.943506411115 0.471699203297 0.156961838567
0.943506411115 0.471699203297 0.156961838567
0.943506411115 0.471699203297 0.156961838567
0.943506411115 0.471699203297 0.156961838567
0.943506411115 0.471699203297 0.156961838567
0.943506411115 0.471699203297 0.156961838567
0.943506411115 0.471699203297 0.156961838567
0.943506411115 0.471699203297 0.156961838567
0.943506411115 0.471699203297 0.156961838567
0.943506411115 0.471699203297 0.156961838567
0.943506411115 0.471699203297 0.156961838567
0.943506411115 0.471699203297 0.156961838567
0.943506411115 0.471699203297 0.156961838567
0.288929799160 0.897340070337 0.542325170836
0.288929799160 0.897340070337 0.542325170836
0.288929799160 0.897340070337 0.542325170836
0.288929799160 0.897340070337 0.542325170836
0.288929799160 0.897340070337 0.542325170836
0.288929799160 0.897340070337 0.542325170836
0.288929799160 0.897340070337 0.542325170836
0.288929799160 0.897340070337 0.542325170836
0.000000000000 0.551039112420 0.510988200157
0.000000000000 0.551039112420 0.510988200157
0.000000000000 0.551039112420 0.510988200157
0.000000000000 0.551039112420 0.510988200157
0.000000000000 0.551039112420 0.510988200157
0.000000000000 0.551039112420 0.510988200157
0.000000000000 0.551039112420 0.510988200157
0.000000000000 0.506012752126 0.481641363360
0.000000000000 0.506012752126 0.481641363360
0.000000000000 0.506012752126 0.481641363360
0.000000000000 0.506012752126 0.481641363360
0.000000000000 0.337517108727 0.455749342709
0.000000000000 0.337517108727 0.455749342709
0.000000000000 0.337517108727 0.455749342709
0.000000000000 0.337517108727 0.455749342709
0.000000000000 0.337517108727 0.455749342709
0.000000000000 0.337517108727 0.455749342709
0.000000000000 0.337517108727 0.455749342709
0.000000000000 0.337517108727 0.455749342709
0.000000000000 0.337517108727 0.455749342709
0.000000000000 0.337517108727 0.455749342709
0.000000000000 0.337517108727 0.455749342709
0.000000000000 0.337517108727 0.455749342709
0.000000000000 0.337517108727 0.455749342709
0.000000000000 0.337517108727 0.455749342709
0.000000000000 0.337517108727 0.455749342709
0.000000000000 0.337517108727 0.455749342709
0.000000000000 0.337517108727 0.455749342709
0.000000000000 0.337517108727 0.455749342709
0.000000000000 0.337517108727 0.455749342709
0.000000000000 0.337517108727 0.455749342709
0.000000000000 0.337517108727 0.455749342709
0.000000000000 0.337517108727 0.455749342709
0.000000000000 0.337517108727 0.455749342709
0.000000000000 0.337517108727 0.455749342709
0.422815067449 0.559933951055 0.609425438864
0.422815067449 0.559933951055 0.609425438864
0.422815067449 0.559933951055 0.609425438864
0.422815067449 0.559933951055 0.609425438864
0.422815067449 0.559933951055 0.609425438864
0.626805176767 0.703796367006 0.606473405198
0.626805176767 0.703796367006 0.606473405198
0.626805176767 0.703796367006 0.606473405198
0.626805176767 0.703796367006 0.606473405198
0.626805176767 0.703796367006 0.606473405198
0.626805176767 0.703796367006 0.606473405198
0.593247072425 0.807823266850 0.569795739789
0.593247072425 0.807823266850 0.569795739789
0.593247072425 0.807823266850 0.569795739789
0.601823774281 0.261575696108 0.349375685156
0.601823774281 0.261575696108 0.349375685156
0.601823774281 0.261575696108 0.349375685156
0.601823774281 0.261575696108 0.349375685156
0.601823774281 0.261575696108 0.349375685156
0.601823774281 0.261575696108 0.349375685156
0.601823774281 0.261575696108 0.349375685156
0.601823774281 0.261575696108 0.349375685156
0.601823774281 0.261575696108 0.349375685156
0.601823774281 0.261575696108 0.349375685156
0.601823774281 0.261575696108 0.349375685156
0.601823774281 0.261575696108 0.349375685156
0.601823774281 0.261575696108 0.349375685156
0.601823774281 0.261575696108 0.349375685156
0.601823774281 0.261575696108 0.349375685156
0.486765310399 0.166098784498 0.149551377297
0.486765310399 0.166098784498 0.149551377297
0.486765310399 0.166098784498 0.149551377297
0.486765310399 0.166098784498 0.149551377297
0.486765310399 0.166098784498 0.149551377297
0.486765310399 0.166098784498 0.149551377297
0.486765310399 0.166098784498 0.149551377297
0.486765310399 0.166098784498 0.149551377297
0.486765310399 0.166098784498 0.149551377297
0.486765310399 0.166098784498 0.149551377297
0.486765310399 0.166098784498 0.149551377297
0.486765310399 0.166098784498 0.149551377297
0.486765310399 0.166098784498 0.149551377297
0.486765310399 0.166098784498 0.149551377297
0.486765310399 0.166098784498 0.149551377297
0.138392376829 0.226761397398 0.607765500130
0.096291956952 0.300028022483 0.588472177619
0.025682568667 0.000000000000 0.576129860749
0.025682568667 0.000000000000 0.576129860749
0.160449057918 0.533716626483 0.517289970053
0.160449057918 0.533716626483 0.517289970053
0.038471930573 0.818866059893 0.398954275430
0.038471930573 0.818866059893 0.398954275430
0.817860223686 0.356783632450 0.186850651120
0.817860223686 0.356783632450 0.186850651120
0.817860223686 0.356783632450 0.186850651120
0.817860223686 0.356783632450 0.186850651120
0.817860223686 0.356783632450 0.186850651120
0.817860223686 0.356783632450 0.186850651120
0.817860223686 0.356783632450 0.186850651120
0.817860223686 0.356783632450 0.186850651120
0.817860223686 0.356783632450 0.186850651120
0.817860223686 0.356783632450 0.186850651120
0.817860223686 0.356783632450 0.186850651120
0.817860223686 0.356783632450 0.186850651120
0.817860223686 0.356783632450 0.186850651120
0.817860223686 0.356783632450 0.186850651120
0.817860223686 0.356783632450 0.186850651120
0.817860223686 0.356783632450 0.186850651120
0.817860223686 0.356783632450 0.186850651120
0.817860223686 0.356783632450 0.186850651120
0.817860223686 0.356783632450 0.186850651120
0.817860223686 0.356783632450 0.186850651120
0.817860223686 0.356783632450 0.186850651120
0.817860223686 0.356783632450 0.186850651120
0.817860223686 0.356783632450 0.186850651120
0.817860223686 0.356783632450 0.186850651120
0.824543249296 0.344659748839 0.131533087708
0.824543249296 0.344659748839 0.131533087708
0.824543249296 0.344659748839 0.131533087708
0.820249518326 0.333493491205 0.093727787367
0.820249518326 0.333493491205 0.093727787367
0.820249518326 0.333493491205 0.093727787367
0.820249518326 0.333493491205 0.093727787367
0.831220856869 0.336778203816 0.085930266241
0.831220856869 0.336778203816 0.085930266241
0.831220856869 0.336778203816 0.085930266241
0.831220856869 0.336778203816 0.085930266241
0.831220856869 0.336778203816 0.085930266241
0.831220856869 0.336778203816 0.085930266241
0.831220856869 0.336778203816 0.085930266241
0.831220856869 0.336778203816 0.085930266241
0.831220856869 0.336778203816 0.085930266241
0.347828894717 0.917938925168 0.568502207686
0.347828894717 0.917938925168 0.568502207686
0.347828894717 0.917938925168 0.568502207686
0.347828894717 0.917938925168 0.568502207686
0.347828894717 0.917938925168 0.568502207686
0.027752510417 0.777174426762 0.472350224914
0.027752510417 0.777174426762 0.472350224914
0.027752510417 0.777174426762 0.472350224914
0.027752510417 0.777174426762 0.472350224914
0.027752510417 0.777174426762 0.472350224914
0.027752510417 0.777174426762 0.472350224914
0.027752510417 0.777174426762 0.472350224914
0.027752510417 0.777174426762 0.472350224914
0.027752510417 0.777174426762 0.472350224914
0.027752510417 0.777174426762 0.472350224914
0.000000000000 0.732494499325 0.451372018241
0.000000000000 0.732494499325 0.451372018241
0.000000000000 0.732494499325 0.451372018241
0.000000000000 0.732494499325 0.451372018241
0.000000000000 0.732494499325 0.451372018241
0.000000000000 0.732494499325 0.451372018241
0.000000000000 0.732494499325 0.451372018241
0.000000000000 0.732494499325 0.451372018241
0.000000000000 0.732494499325 0.451372018241
0.000000000000 0.732494499325 0.451372018241
0.000000000000 0.732494499325 0.451372018241
0.000000000000 0.732494499325 0.451372018241
0.000000000000 0.732494499325 0.451372018241
0.000000000000 0.732494499325 0.451372018241
0.000000000000 0.732494499325 0.451372018241
0.000000000000 0.732494499325 0.451372018241
0.000000000000 0.732494499325 0.451372018241
0.000000000000 0.732494499325 0.451372018241
0.669525151050 0.289570481963 0.391891406172
0.669525151050 0.289570481963 0.391891406172
0.669525151050 0.289570481963 0.391891406172
0.669525151050 0.289570481963 0.391891406172
0.669525151050 0.289570481963 0.391891406172
0.669525151050 0.289570481963 0.391891406172
0.669525151050 0.289570481963 0.391891406172
0.669525151050 0.289570481963 0.391891406172
0.669525151050 0.289570481963 0.391891406172
0.667130118002 0.279216242166 0.350081727340
0.703926106570 0.266838293624 0.220207337939
0.703926106570 0.266838293624 0.220207337939
0.703926106570 0.266838293624 0.220207337939
0.703926106570 0.266838293624 0.220207337939
0.878365170653 0.665880235877 0.555434009881
0.878365170653 0.665880235877 0.555434009881
0.878365170653 0.665880235877 0.555434009881
0.878365170653 0.665880235877 0.555434009881
0.878365170653 0.665880235877 0.555434009881
0.878365170653 0.665880235877 0.555434009881
0.878365170653 0.665880235877 0.555434009881
