0.063745322731 0.990384393651 0.477390128060
0.063745322731 0.990384393651 0.477390128060
0.063745322731 0.990384393651 0.477390128060
0.063745322731 0.990384393651 0.477390128060
0.063745322731 0.990384393651 0.477390128060
0.063745322731 0.990384393651 0.477390128060
0.063745322731 0.990384393651 0.477390128060
0.063745322731 0.990384393651 0.477390128060
0.063745322731 0.990384393651 0.477390128060
0.063745322731 0.990384393651 0.477390128060
0.929545634997 0.443422900808 0.132969308802
0.929545634997 0.443422900808 0.132969308802
0.929545634997 0.443422900808 0.132969308802
0.929545634997 0.443422900808 0.132969308802
0.929545634997 0.443422900808 0.132969308802
0.929545634997 0.443422900808 0.132969308802
0.929545634997 0.443422900808 0.132969308802
0.929545634997 0.443422900808 0.132969308802
0.929545634997 0.443422900808 0.132969308802
0.929545634997 0.443422900808 0.132969308802
0.929545634997 0.443422900808 0.132969308802
0.929545634997 0.443422900808 0.132969308802
0.929545634997 0.443422900808 0.132969308802
0.929545634997 0.443422900808 0.132969308802
0.929545634997 0.443422900808 0.132969308802
0.929545634997 0.443422900808 0.132969308802
0.929545634997 0.443422900808 0.132969308802
0.929545634997 0.443422900808 0.132969308802
0.929545634997 0.443422900808 0.132969308802
0.929545634997 0.443422900808 0.132969308802
0.929545634997 0.443422900808 0.132969308802
0.929545634997 0.443422900808 0.132969308802
0.929545634997 0.443422900808 0.132969308802
0.929545634997 0.443422900808 0.132969308802
0.929545634997 0.443422900808 0.132969308802
0.929545634997 0.443422900808 0.132969308802
0.929545634997 0.443422900808 0.132969308802
0.929545634997 0.443422900808 0.132969308802
0.929545634997 0.443422900808 0.132969308802
0.929545634997 0.443422900808 0.132969308802
0.929545634997 0.443422900808 0.132969308802
0.929545634997 0.443422900808 0.132969308802
0.103188254124 0.768290030642 0.544721981038
0.103188254124 0.768290030642 0.544721981038
0.103188254124 0.768290030642 0.544721981038
0.150695547325 0.759080519384 0.530019466344
0.000000000000 0.726105218877 0.429755428971
0.000000000000 0.726105218877 0.429755428971
0.000000000000 0.726105218877 0.429755428971
0.000000000000 0.726105218877 0.429755428971
0.000000000000 0.726105218877 0.429755428971
0.000000000000 0.726105218877 0.429755428971
0.000000000000 0.726105218877 0.429755428971
0.000000000000 0.726105218877 0.429755428971
0.000000000000 0.726105218877 0.429755428971
0.000000000000 0.726105218877 0.429755428971
0.000000000000 0.726105218877 0.429755428971
0.000000000000 0.726105218877 0.429755428971
0.000000000000 0.726105218877 0.429755428971
0.000000000000 0.726105218877 0.429755428971
0.000000000000 0.726105218877 0.429755428971
0.000000000000 0.726105218877 0.429755428971
0.000000000000 0.726105218877 0.429755428971
0.000000000000 0.726105218877 0.429755428971
0.000000000000 0.726105218877 0.429755428971
0.000000000000 0.726105218877 0.429755428971
0.000000000000 0.726105218877 0.429755428971
0.000000000000 0.726105218877 0.429755428971
0.000000000000 0.726105218877 0.429755428971
0.000000000000 0.726105218877 0.429755428971
0.000000000000 0.726105218877 0.429755428971
0.000000000000 0.726105218877 0.429755428971
0.000000000000 0.726105218877 0.429755428971
0.000000000000 0.726105218877 0.429755428971
0.000000000000 0.726105218877 0.429755428971
0.000000000000 0.726105218877 0.429755428971
0.000000000000 0.726105218877 0.429755428971
0.000000000000 0.726105218877 0.429755428971
0.000000000000 0.726105218877 0.429755428971
0.000000000000 0.726105218877 0.429755428971
0.000000000000 0.726105218877 0.429755428971
0.000000000000 0.726105218877 0.429755428971
0.000000000000 0.726105218877 0.429755428971
0.000000000000 0.726105218877 0.429755428971
0.625353670330 0.780977209176 0.612474974132
0.615837252523 0.484203160973 0.583426119155
0.615837252523 0.484203160973 0.583426119155
0.615837252523 0.484203160973 0.583426119155
0.840722580748 0.264242611295 0.400819327954
0.743971372485 0.307627399227 0.299073853024
0.743971372485 0.307627399227 0.299073853024
0.743971372485 0.307627399227 0.299073853024
0.743971372485 0.307627399227 0.299073853024
0.743971372485 0.307627399227 0.299073853024
0.743971372485 0.307627399227 0.299073853024
0.783480917816 0.305017074248 0.228940219363
0.783480917816 0.305017074248 0.228940219363
0.783480917816 0.305017074248 0.228940219363
0.783480917816 0.305017074248 0.228940219363
0.783480917816 0.305017074248 0.228940219363
0.783480917816 0.305017074248 0.228940219363
0.737785101764 0.265903918011 0.165032397632
0.737785101764 0.265903918011 0.165032397632
0.737785101764 0.265903918011 0.165032397632
0.737785101764 0.265903918011 0.165032397632
0.737785101764 0.265903918011 0.165032397632
0.737473175274 0.268074779773 0.154484656092
0.737473175274 0.268074779773 0.154484656092
0.737473175274 0.268074779773 0.154484656092
0.736230669448 0.268242108489 0.146775627086
0.736230669448 0.268242108489 0.146775627086
0.736230669448 0.268242108489 0.146775627086
0.736230669448 0.268242108489 0.146775627086
0.736230669448 0.268242108489 0.146775627086
0.736226803923 0.268551118302 0.143071195055
0.736226803923 0.268551118302 0.143071195055
0.736226803923 0.268551118302 0.143071195055
0.736226803923 0.268551118302 0.143071195055
0.736226803923 0.268551118302 0.143071195055
0.736226803923 0.268551118302 0.143071195055
0.736226803923 0.268551118302 0.143071195055
0.736226803923 0.268551118302 0.143071195055
0.736226803923 0.268551118302 0.143071195055
0.736226803923 0.268551118302 0.143071195055
0.736226803923 0.268551118302 0.143071195055
0.736226803923 0.268551118302 0.143071195055
0.736226803923 0.268551118302 0.143071195055
0.736226803923 0.268551118302 0.143071195055
0.736226803923 0.268551118302 0.143071195055
0.736226803923 0.268551118302 0.143071195055
0.736226803923 0.268551118302 0.143071195055
0.736226803923 0.268551118302 0.143071195055
0.836665239432 0.290620032883 0.342246182388
0.805508271652 0.288481945526 0.332547477325
0.805508271652 0.288481945526 0.332547477325
0.805508271652 0.288481945526 0.332547477325
0.805508271652 0.288481945526 0.332547477325
0.805508271652 0.288481945526 0.332547477325
0.805508271652 0.288481945526 0.332547477325
0.805508271652 0.288481945526 0.332547477325
0.805508271652 0.288481945526 0.332547477325
0.805508271652 0.288481945526 0.332547477325
0.805508271652 0.288481945526 0.332547477325
0.805508271652 0.288481945526 0.332547477325
0.805508271652 0.288481945526 0.332547477325
0.805508271652 0.288481945526 0.332547477325
0.805508271652 0.288481945526 0.332547477325
0.805508271652 0.288481945526 0.332547477325
0.884518841290 0.414284383451 0.295905931890
0.884518841290 0.414284383451 0.295905931890
0.884518841290 0.414284383451 0.295905931890
0.884518841290 0.414284383451 0.295905931890
0.827303286266 0.382475152897 0.260964790728
0.827303286266 0.382475152897 0.260964790728
0.827303286266 0.382475152897 0.260964790728
0.724245012616 0.276650723921 0.235825318274
0.660499368544 0.243268697726 0.067562145579
0.660499368544 0.243268697726 0.067562145579
0.660499368544 0.243268697726 0.067562145579
0.660499368544 0.243268697726 0.067562145579
0.660499368544 0.243268697726 0.067562145579
0.652280465859 0.237547562221 0.058862559001
0.652280465859 0.237547562221 0.058862559001
0.652280465859 0.237547562221 0.058862559001
0.652280465859 0.237547562221 0.058862559001
0.652280465859 0.237547562221 0.058862559001
0.652280465859 0.237547562221 0.058862559001
0.652280465859 0.237547562221 0.058862559001
0.637823613108 0.233241059848 0.048831568845
0.637823613108 0.233241059848 0.048831568845
0.637823613108 0.233241059848 0.048831568845
0.637823613108 0.233241059848 0.048831568845
0.637823613108 0.233241059848 0.048831568845
0.637823613108 0.233241059848 0.048831568845
0.637823613108 0.233241059848 0.048831568845
0.637823613108 0.233241059848 0.048831568845
0.637823613108 0.233241059848 0.048831568845
0.637823613108 0.233241059848 0.048831568845
0.637823613108 0.233241059848 0.048831568845
0.637823613108 0.233241059848 0.048831568845
0.455371925150 0.614145526514 0.657954076043
0.634187042397 0.752050708668 0.591036143068
0.634187042397 0.752050708668 0.591036143068
0.634187042397 0.752050708668 0.591036143068
0.634187042397 0.752050708668 0.591036143068
0.634187042397 0.752050708668 0.591036143068
0.634187042397 0.752050708668 0.591036143068
0.634187042397 0.752050708668 0.591036143068
0.634187042397 0.752050708668 0.591036143068
0.634187042397 0.752050708668 0.591036143068
0.634187042397 0.752050708668 0.591036143068
0.634187042397 0.752050708668 0.591036143068
0.634187042397 0.752050708668 0.591036143068
0.634187042397 0.752050708668 0.591036143068
0.634187042397 0.752050708668 0.591036143068
0.634187042397 0.752050708668 0.591036143068
0.629696566161 0.584257236392 0.584363883258
0.629696566161 0.584257236392 0.584363883258
0.629696566161 0.584257236392 0.584363883258
0.629696566161 0.584257236392 0.584363883258
0.629696566161 0.584257236392 0.584363883258
0.629696566161 0.584257236392 0.584363883258
0.629696566161 0.584257236392 0.584363883258
0.360787705845 0.659025777949 0.557737476560
0.360787705845 0.659025777949 0.557737476560
0.903726583727 0.501273247580 0.418982539286
0.953641258252 0.545631814798 0.357223587676
0.953641258252 0.545631814798 0.357223587676
0.953641258252 0.545631814798 0.357223587676
0.953641258252 0.545631814798 0.357223587676
0.953641258252 0.545631814798 0.357223587676
0.953641258252 0.545631814798 0.357223587676
0.953641258252 0.545631814798 0.357223587676
0.953641258252 0.545631814798 0.357223587676
0.953641258252 0.545631814798 0.357223587676
0.953641258252 0.545631814798 0.357223587676
0.722117845329 0.248687945747 0.229174217932
0.717939169169 0.254637015498 0.172603951580
0.717939169169 0.254637015498 0.172603951580
0.692269528207 0.258027727457 0.156924265944
0.692269528207 0.258027727457 0.156924265944
0.692269528207 0.258027727457 0.156924265944
0.692269528207 0.258027727457 0.156924265944
0.726195430167 0.264616122432 0.141569938232
0.726195430167 0.264616122432 0.141569938232
0.680668798929 0.251829658691 0.133501291944
0.680668798929 0.251829658691 0.133501291944
0.700416913760 0.254848233348 0.122082133486
0.700416913760 0.254848233348 0.122082133486
0.700416913760 0.254848233348 0.122082133486
0.700416913760 0.254848233348 0.122082133486
0.700416913760 0.254848233348 0.122082133486
0.672147030619 0.389325238727 0.873879905863
0.672147030619 0.389325238727 0.873879905863
0.579817594591 0.442223888711 0.662707483418
0.510039216169 0.501910553792 0.603832928379
0.510039216169 0.501910553792 0.603832928379
0.510039216169 0.501910553792 0.603832928379
0.510039216169 0.501910553792 0.603832928379
0.033142364644 0.501963978861 0.569042130644
0.033142364644 0.501963978861 0.569042130644
0.033142364644 0.501963978861 0.569042130644
0.000000000000 0.611626882546 0.563528098649
0.000000000000 0.611626882546 0.563528098649
0.000000000000 0.611626882546 0.563528098649
0.223523329487 0.723427356129 0.544811441872
0.223523329487 0.723427356129 0.544811441872
0.246244877361 0.803752376869 0.544029550313
0.246244877361 0.803752376869 0.544029550313
0.246244877361 0.803752376869 0.544029550313
0.246244877361 0.803752376869 0.544029550313
0.246244877361 0.803752376869 0.544029550313
0.176003316957 0.812029633274 0.533179487982
0.176003316957 0.812029633274 0.533179487982
0.135816245577 0.961590508508 0.514834912738
0.135816245577 0.961590508508 0.514834912738
0.031981289312 0.834613149136 0.470232643643
0.031981289312 0.834613149136 0.470232643643
0.031981289312 0.834613149136 0.470232643643
0.031981289312 0.834613149136 0.470232643643
0.031981289312 0.834613149136 0.470232643643
0.031981289312 0.834613149136 0.470232643643
0.031981289312 0.834613149136 0.470232643643
0.031981289312 0.834613149136 0.470232643643
0.031981289312 0.834613149136 0.470232643643
0.031981289312 0.834613149136 0.470232643643
0.031981289312 0.834613149136 0.470232643643
0.031981289312 0.834613149136 0.470232643643
0.031981289312 0.834613149136 0.470232643643
0.031981289312 0.834613149136 0.470232643643
0.031981289312 0.834613149136 0.470232643643
0.031981289312 0.834613149136 0.470232643643
0.031981289312 0.834613149136 0.470232643643
0.031981289312 0.834613149136 0.470232643643
0.031981289312 0.834613149136 0.470232643643
0.031981289312 0.834613149136 0.470232643643
0.031981289312 0.834613149136 0.470232643643
0.031981289312 0.834613149136 0.470232643643
0.031981289312 0.834613149136 0.470232643643
0.031981289312 0.834613149136 0.470232643643
0.031981289312 0.834613149136 0.470232643643
0.031981289312 0.834613149136 0.470232643643
0.773707395435 0.708362496143 0.765381557381
0.602062544544 0.691379102513 0.614567193308
0.602062544544 0.691379102513 0.614567193308
0.579150754796 0.686095995978 0.584535145672
0.177286450626 0.649734453791 0.528070293122
0.156081222640 0.576434365911 0.522520039917
0.156081222640 0.576434365911 0.522520039917
0.000000000000 0.469596324263 0.519214575615
0.000000000000 0.469596324263 0.519214575615
0.000000000000 0.469596324263 0.519214575615
0.000000000000 0.339274308465 0.455854734303
0.055140157640 0.112901938677 0.346777279362
0.055140157640 0.112901938677 0.346777279362
0.055140157640 0.112901938677 0.346777279362
0.055140157640 0.112901938677 0.346777279362
0.055140157640 0.112901938677 0.346777279362
0.055140157640 0.112901938677 0.346777279362
0.055140157640 0.112901938677 0.346777279362
0.055140157640 0.112901938677 0.346777279362
0.055140157640 0.112901938677 0.346777279362
0.055140157640 0.112901938677 0.346777279362
0.055140157640 0.112901938677 0.346777279362
0.055140157640 0.112901938677 0.346777279362
0.055140157640 0.112901938677 0.346777279362
0.055140157640 0.112901938677 0.346777279362
0.055140157640 0.112901938677 0.346777279362
0.055140157640 0.112901938677 0.346777279362
0.055140157640 0.112901938677 0.346777279362
0.055140157640 0.112901938677 0.346777279362
0.658299576613 0.269644090261 0.288194026372
0.658299576613 0.269644090261 0.288194026372
0.761435271923 0.315349803584 0.284168968867
0.761435271923 0.315349803584 0.284168968867
0.761435271923 0.315349803584 0.284168968867
0.761435271923 0.315349803584 0.284168968867
0.761435271923 0.315349803584 0.284168968867
0.761435271923 0.315349803584 0.284168968867
0.761435271923 0.315349803584 0.284168968867
0.761435271923 0.315349803584 0.284168968867
0.761435271923 0.315349803584 0.284168968867
0.761435271923 0.315349803584 0.284168968867
0.761435271923 0.315349803584 0.284168968867
0.761435271923 0.315349803584 0.284168968867
0.761435271923 0.315349803584 0.284168968867
0.761435271923 0.315349803584 0.284168968867
0.761435271923 0.315349803584 0.284168968867
0.761435271923 0.315349803584 0.284168968867
0.761435271923 0.315349803584 0.284168968867
0.761435271923 0.315349803584 0.284168968867
0.730921571731 0.021417509096 0.655335833606
0.784915680616 0.113867662556 0.518210929712
0.784915680616 0.113867662556 0.518210929712
0.784915680616 0.113867662556 0.518210929712
0.784915680616 0.113867662556 0.518210929712
0.784915680616 0.113867662556 0.518210929712
0.784915680616 0.113867662556 0.518210929712
0.784915680616 0.113867662556 0.518210929712
0.811495622425 0.043100846187 0.514510022682
0.791660287317 0.210926994446 0.456236227592
0.791660287317 0.210926994446 0.456236227592
0.791660287317 0.210926994446 0.456236227592
0.665720706946 0.239985140128 0.060061510357
0.665720706946 0.239985140128 0.060061510357
0.665720706946 0.239985140128 0.060061510357
0.665720706946 0.239985140128 0.060061510357
0.665720706946 0.239985140128 0.060061510357
0.665720706946 0.239985140128 0.060061510357
0.665720706946 0.239985140128 0.060061510357
0.665720706946 0.239985140128 0.060061510357
0.665720706946 0.239985140128 0.060061510357
0.665720706946 0.239985140128 0.060061510357
0.665720706946 0.239985140128 0.060061510357
0.665720706946 0.239985140128 0.060061510357
0.665720706946 0.239985140128 0.060061510357
0.665720706946 0.239985140128 0.060061510357
0.665720706946 0.239985140128 0.060061510357
0.665720706946 0.239985140128 0.060061510357
0.665720706946 0.239985140128 0.060061510357
0.665720706946 0.239985140128 0.060061510357
0.665720706946 0.239985140128 0.060061510357
0.665720706946 0.239985140128 0.060061510357
0.665720706946 0.239985140128 0.060061510357
0.665720706946 0.239985140128 0.060061510357
0.665720706946 0.239985140128 0.060061510357
0.665720706946 0.239985140128 0.060061510357
0.665720706946 0.239985140128 0.060061510357
0.665720706946 0.239985140128 0.060061510357
0.665720706946 0.239985140128 0.060061510357
0.665720706946 0.239985140128 0.060061510357
0.665720706946 0.239985140128 0.060061510357
0.665720706946 0.239985140128 0.060061510357
0.665720706946 0.239985140128 0.060061510357
0.665720706946 0.239985140128 0.060061510357
0.373027372602 0.066856636680 0.541988553078
0.373027372602 0.066856636680 0.541988553078
0.373027372602 0.066856636680 0.541988553078
0.379838091920 0.179156291916 0.272708519204
0.374035312374 0.178451720473 0.263170298999
0.374035312374 0.178451720473 0.263170298999
0.374035312374 0.178451720473 0.263170298999
0.374035312374 0.178451720473 0.263170298999
0.374035312374 0.178451720473 0.263170298999
0.374035312374 0.178451720473 0.263170298999
0.374035312374 0.178451720473 0.263170298999
0.374035312374 0.178451720473 0.263170298999
0.374035312374 0.178451720473 0.263170298999
0.378688844552 0.178490909354 0.262843115582
0.378688844552 0.178490909354 0.262843115582
0.378688844552 0.178490909354 0.262843115582
0.482669339763 0.176165351936 0.230805249898
0.451612196132 0.155576848038 0.168232314957
0.451612196132 0.155576848038 0.168232314957
0.451612196132 0.155576848038 0.168232314957
0.451612196132 0.155576848038 0.168232314957
0.417092738394 0.152958559512 0.089640885629
0.417092738394 0.152958559512 0.089640885629
0.399053875762 0.164515762428 0.072251952810
0.399053875762 0.164515762428 0.072251952810
0.399053875762 0.164515762428 0.072251952810
0.399053875762 0.164515762428 0.072251952810
0.399053875762 0.164515762428 0.072251952810
0.399053875762 0.164515762428 0.072251952810
0.399053875762 0.164515762428 0.072251952810
0.399053875762 0.164515762428 0.072251952810
0.399053875762 0.164515762428 0.072251952810
0.399053875762 0.164515762428 0.072251952810
0.399053875762 0.164515762428 0.072251952810
0.399053875762 0.164515762428 0.072251952810
0.399053875762 0.164515762428 0.072251952810
0.399053875762 0.164515762428 0.072251952810
0.399053875762 0.164515762428 0.072251952810
0.399053875762 0.164515762428 0.072251952810
0.399053875762 0.164515762428 0.072251952810
0.399053875762 0.164515762428 0.072251952810
0.399053875762 0.164515762428 0.072251952810
0.399053875762 0.164515762428 0.072251952810
0.399053875762 0.164515762428 0.072251952810
0.399053875762 0.164515762428 0.072251952810
0.399053875762 0.164515762428 0.072251952810
0.399053875762 0.164515762428 0.072251952810
0.847271325683 0.404816469624 0.267472465711
0.847271325683 0.404816469624 0.267472465711
0.847271325683 0.404816469624 0.267472465711
0.847271325683 0.404816469624 0.267472465711
0.847271325683 0.404816469624 0.267472465711
0.847271325683 0.404816469624 0.267472465711
0.847271325683 0.404816469624 0.267472465711
0.831967564231 0.375593675622 0.218356272676
0.831967564231 0.375593675622 0.218356272676
0.824196611490 0.354172931389 0.174844248421
0.824196611490 0.354172931389 0.174844248421
0.824196611490 0.354172931389 0.174844248421
0.824196611490 0.354172931389 0.174844248421
0.824196611490 0.354172931389 0.174844248421
0.824196611490 0.354172931389 0.174844248421
0.824196611490 0.354172931389 0.174844248421
0.824196611490 0.354172931389 0.174844248421
0.824196611490 0.354172931389 0.174844248421
0.824196611490 0.354172931389 0.174844248421
0.824196611490 0.354172931389 0.174844248421
0.824196611490 0.354172931389 0.174844248421
0.824196611490 0.354172931389 0.174844248421
0.824196611490 0.354172931389 0.174844248421
0.824196611490 0.354172931389 0.174844248421
0.824196611490 0.354172931389 0.174844248421
0.824196611490 0.354172931389 0.174844248421
0.824196611490 0.354172931389 0.174844248421
0.824196611490 0.354172931389 0.174844248421
0.824196611490 0.354172931389 0.174844248421
0.824196611490 0.354172931389 0.174844248421
0.824196611490 0.354172931389 0.174844248421
0.824196611490 0.354172931389 0.174844248421
0.837207597405 0.341316786445 0.082550916315
0.837207597405 0.341316786445 0.082550916315
0.837207597405 0.341316786445 0.082550916315
0.837207597405 0.341316786445 0.082550916315
0.833791135033 0.342472763451 0.071129291086
0.833791135033 0.342472763451 0.071129291086
0.833791135033 0.342472763451 0.071129291086
0.833791135033 0.342472763451 0.071129291086
0.833791135033 0.342472763451 0.071129291086
0.833791135033 0.342472763451 0.071129291086
0.833791135033 0.342472763451 0.071129291086
0.833791135033 0.342472763451 0.071129291086
0.162844026688 0.383593325353 0.535698740608
0.009584412819 0.489196730031 0.519077373510
0.009584412819 0.489196730031 0.519077373510
0.000000000000 0.503692400921 0.485922352535
0.000000000000 0.503692400921 0.485922352535
0.000000000000 0.503692400921 0.485922352535
0.000000000000 0.503692400921 0.485922352535
0.000000000000 0.503692400921 0.485922352535
0.000000000000 0.503692400921 0.485922352535
0.000000000000 0.503692400921 0.485922352535
0.000000000000 0.503692400921 0.485922352535
0.000000000000 0.503692400921 0.485922352535
0.000000000000 0.503692400921 0.485922352535
0.000000000000 0.503692400921 0.485922352535
0.000000000000 0.503692400921 0.485922352535
0.000000000000 0.503692400921 0.485922352535
0.000000000000 0.503692400921 0.485922352535
0.000000000000 0.503692400921 0.485922352535
0.000000000000 0.503692400921 0.485922352535
0.000000000000 0.503692400921 0.485922352535
0.000000000000 0.503692400921 0.485922352535
0.000000000000 0.503692400921 0.485922352535
0.000000000000 0.503692400921 0.485922352535
0.000000000000 0.503692400921 0.485922352535
0.000000000000 0.503692400921 0.485922352535
0.000000000000 0.503692400921 0.485922352535
0.000000000000 0.503692400921 0.485922352535
0.000000000000 0.503692400921 0.485922352535
0.000000000000 0.503692400921 0.485922352535
0.000000000000 0.503692400921 0.485922352535
0.000000000000 0.503692400921 0.485922352535
0.000000000000 0.503692400921 0.485922352535
0.000000000000 0.503692400921 0.485922352535
0.000000000000 0.503692400921 0.485922352535
0.000000000000 0.503692400921 0.485922352535
