0.601158948023 0.038786676988 0.576807277604
0.601158948023 0.038786676988 0.576807277604
0.601158948023 0.038786676988 0.576807277604
0.601158948023 0.038786676988 0.576807277604
0.825284295883 0.086270151984 0.497654418411
0.825284295883 0.086270151984 0.497654418411
0.825284295883 0.086270151984 0.497654418411
0.825284295883 0.086270151984 0.497654418411
0.825284295883 0.086270151984 0.497654418411
0.825284295883 0.086270151984 0.497654418411
0.825284295883 0.086270151984 0.497654418411
0.825284295883 0.086270151984 0.497654418411
0.849777933614 0.216412634526 0.440777770061
0.849777933614 0.216412634526 0.440777770061
0.849777933614 0.216412634526 0.440777770061
0.843674833631 0.316739187225 0.249017484605
0.843674833631 0.316739187225 0.249017484605
0.826434560080 0.348574884279 0.154542850707
0.826434560080 0.348574884279 0.154542850707
0.826434560080 0.348574884279 0.154542850707
0.826434560080 0.348574884279 0.154542850707
0.826434560080 0.348574884279 0.154542850707
0.826434560080 0.348574884279 0.154542850707
0.826434560080 0.348574884279 0.154542850707
0.826434560080 0.348574884279 0.154542850707
0.826434560080 0.348574884279 0.154542850707
0.826434560080 0.348574884279 0.154542850707
0.826434560080 0.348574884279 0.154542850707
0.826434560080 0.348574884279 0.154542850707
0.826434560080 0.348574884279 0.154542850707
0.826434560080 0.348574884279 0.154542850707
0.826434560080 0.348574884279 0.154542850707
0.826434560080 0.348574884279 0.154542850707
0.837806084626 0.352790941183 0.087873081564
0.837806084626 0.352790941183 0.087873081564
0.837806084626 0.352790941183 0.087873081564
0.837806084626 0.352790941183 0.087873081564
0.837806084626 0.352790941183 0.087873081564
0.837806084626 0.352790941183 0.087873081564
0.837806084626 0.352790941183 0.087873081564
0.837806084626 0.352790941183 0.087873081564
0.837806084626 0.352790941183 0.087873081564
0.837806084626 0.352790941183 0.087873081564
0.837806084626 0.352790941183 0.087873081564
0.837806084626 0.352790941183 0.087873081564
0.837806084626 0.352790941183 0.087873081564
0.593849239240 0.201294040569 0.129869518974
0.593849239240 0.201294040569 0.129869518974
0.593849239240 0.201294040569 0.129869518974
0.593849239240 0.201294040569 0.129869518974
0.593849239240 0.201294040569 0.129869518974
0.593849239240 0.201294040569 0.129869518974
0.593849239240 0.201294040569 0.129869518974
0.593849239240 0.201294040569 0.129869518974
0.593849239240 0.201294040569 0.129869518974
0.593849239240 0.201294040569 0.129869518974
0.593849239240 0.201294040569 0.129869518974
0.593849239240 0.201294040569 0.129869518974
0.593849239240 0.201294040569 0.129869518974
0.593849239240 0.201294040569 0.129869518974
0.593849239240 0.201294040569 0.129869518974
0.593849239240 0.201294040569 0.129869518974
0.593849239240 0.201294040569 0.129869518974
0.593849239240 0.201294040569 0.129869518974
0.593849239240 0.201294040569 0.129869518974
0.593849239240 0.201294040569 0.129869518974
0.593849239240 0.201294040569 0.129869518974
0.593849239240 0.201294040569 0.129869518974
0.593849239240 0.201294040569 0.129869518974
0.593849239240 0.201294040569 0.129869518974
0.593849239240 0.201294040569 0.129869518974
0.593849239240 0.201294040569 0.129869518974
0.593849239240 0.201294040569 0.129869518974
0.593849239240 0.201294040569 0.129869518974
0.593849239240 0.201294040569 0.129869518974
0.593849239240 0.201294040569 0.129869518974
0.593849239240 0.201294040569 0.129869518974
0.593849239240 0.201294040569 0.129869518974
0.593849239240 0.201294040569 0.129869518974
0.593849239240 0.201294040569 0.129869518974
0.593849239240 0.201294040569 0.129869518974
0.593849239240 0.201294040569 0.129869518974
0.593849239240 0.201294040569 0.129869518974
0.593849239240 0.201294040569 0.129869518974
0.593849239240 0.201294040569 0.129869518974
0.593849239240 0.201294040569 0.129869518974
0.593849239240 0.201294040569 0.129869518974
0.839090561479 0.121132257999 0.564545767221
0.901435993585 0.088250236164 0.514129385509
0.839271231255 0.077175296682 0.498418221125
0.839271231255 0.077175296682 0.498418221125
0.839271231255 0.077175296682 0.498418221125
0.839271231255 0.077175296682 0.498418221125
0.839271231255 0.077175296682 0.498418221125
0.830758566499 0.338684013420 0.078449742412
0.830758566499 0.338684013420 0.078449742412
0.830758566499 0.338684013420 0.078449742412
0.830758566499 0.338684013420 0.078449742412
0.830758566499 0.338684013420 0.078449742412
0.830758566499 0.338684013420 0.078449742412
0.830758566499 0.338684013420 0.078449742412
0.830758566499 0.338684013420 0.078449742412
0.830758566499 0.338684013420 0.078449742412
0.830758566499 0.338684013420 0.078449742412
0.830758566499 0.338684013420 0.078449742412
0.830758566499 0.338684013420 0.078449742412
0.837093105880 0.348990314446 0.073208094826
0.837093105880 0.348990314446 0.073208094826
0.837093105880 0.348990314446 0.073208094826
0.837093105880 0.348990314446 0.073208094826
0.837093105880 0.348990314446 0.073208094826
0.837095636986 0.346896896268 0.069355985342
0.837095636986 0.346896896268 0.069355985342
0.836938812777 0.345987085079 0.069079283763
0.836938812777 0.345987085079 0.069079283763
0.836938812777 0.345987085079 0.069079283763
0.836938812777 0.345987085079 0.069079283763
0.836938812777 0.345987085079 0.069079283763
0.836938812777 0.345987085079 0.069079283763
0.836938812777 0.345987085079 0.069079283763
0.836938812777 0.345987085079 0.069079283763
0.836938812777 0.345987085079 0.069079283763
0.836938812777 0.345987085079 0.069079283763
0.836938812777 0.345987085079 0.069079283763
0.836938812777 0.345987085079 0.069079283763
0.836938812777 0.345987085079 0.069079283763
0.836938812777 0.345987085079 0.069079283763
0.836938812777 0.345987085079 0.069079283763
0.836938812777 0.345987085079 0.069079283763
0.836938812777 0.345987085079 0.069079283763
0.836938812777 0.345987085079 0.069079283763
0.836938812777 0.345987085079 0.069079283763
0.836938812777 0.345987085079 0.069079283763
0.836938812777 0.345987085079 0.069079283763
0.706269768471 0.589891129647 0.738105526482
0.706269768471 0.589891129647 0.738105526482
0.706269768471 0.589891129647 0.738105526482
0.658499322110 0.816014881675 0.657802369572
0.658499322110 0.816014881675 0.657802369572
0.658499322110 0.816014881675 0.657802369572
0.942088442648 0.737172923524 0.581545817782
0.942088442648 0.737172923524 0.581545817782
0.942088442648 0.737172923524 0.581545817782
0.942088442648 0.737172923524 0.581545817782
0.938608246476 0.560810371337 0.432331351887
0.938608246476 0.560810371337 0.432331351887
0.938608246476 0.560810371337 0.432331351887
0.938608246476 0.560810371337 0.432331351887
0.938608246476 0.560810371337 0.432331351887
0.938608246476 0.560810371337 0.432331351887
0.938608246476 0.560810371337 0.432331351887
0.938608246476 0.560810371337 0.432331351887
0.938608246476 0.560810371337 0.432331351887
0.938608246476 0.560810371337 0.432331351887
0.938608246476 0.560810371337 0.432331351887
0.938608246476 0.560810371337 0.432331351887
0.938608246476 0.560810371337 0.432331351887
0.938608246476 0.560810371337 0.432331351887
0.929607754137 0.358583156179 0.385035722305
0.851054441038 0.378536773676 0.210341445883
0.851054441038 0.378536773676 0.210341445883
0.851054441038 0.378536773676 0.210341445883
0.820525139340 0.353647557613 0.178428785376
0.820525139340 0.353647557613 0.178428785376
0.820525139340 0.353647557613 0.178428785376
0.820525139340 0.353647557613 0.178428785376
0.820525139340 0.353647557613 0.178428785376
0.820525139340 0.353647557613 0.178428785376
0.820525139340 0.353647557613 0.178428785376
0.820525139340 0.353647557613 0.178428785376
0.820525139340 0.353647557613 0.178428785376
0.820525139340 0.353647557613 0.178428785376
0.820525139340 0.353647557613 0.178428785376
0.820525139340 0.353647557613 0.178428785376
0.820525139340 0.353647557613 0.178428785376
0.820525139340 0.353647557613 0.178428785376
0.826668193333 0.358563108476 0.170673058044
0.826668193333 0.358563108476 0.170673058044
0.826668193333 0.358563108476 0.170673058044
0.826668193333 0.358563108476 0.170673058044
0.826668193333 0.358563108476 0.170673058044
0.598967558245 0.949428260148 0.573967497731
0.598967558245 0.949428260148 0.573967497731
0.598967558245 0.949428260148 0.573967497731
0.598967558245 0.949428260148 0.573967497731
0.683478861026 0.930057028278 0.555835193076
0.683478861026 0.930057028278 0.555835193076
0.683478861026 0.930057028278 0.555835193076
0.694020391610 0.293448433279 0.259068028070
0.694020391610 0.293448433279 0.259068028070
0.340928805387 0.163859921875 0.258755321084
0.340928805387 0.163859921875 0.258755321084
0.340928805387 0.163859921875 0.258755321084
0.340928805387 0.163859921875 0.258755321084
0.340928805387 0.163859921875 0.258755321084
0.340928805387 0.163859921875 0.258755321084
0.340928805387 0.163859921875 0.258755321084
0.340928805387 0.163859921875 0.258755321084
0.340928805387 0.163859921875 0.258755321084
0.340928805387 0.163859921875 0.258755321084
0.340928805387 0.163859921875 0.258755321084
0.340928805387 0.163859921875 0.258755321084
0.429693878508 0.147585875567 0.186120734967
0.429693878508 0.147585875567 0.186120734967
0.429693878508 0.147585875567 0.186120734967
0.429693878508 0.147585875567 0.186120734967
0.429693878508 0.147585875567 0.186120734967
0.729310308819 0.261783146936 0.160820521151
0.729310308819 0.261783146936 0.160820521151
0.729310308819 0.261783146936 0.160820521151
0.729310308819 0.261783146936 0.160820521151
0.729310308819 0.261783146936 0.160820521151
0.655766373018 0.241142729772 0.045457421223
0.655766373018 0.241142729772 0.045457421223
0.655766373018 0.241142729772 0.045457421223
0.655766373018 0.241142729772 0.045457421223
0.655766373018 0.241142729772 0.045457421223
0.655766373018 0.241142729772 0.045457421223
0.655766373018 0.241142729772 0.045457421223
0.655766373018 0.241142729772 0.045457421223
0.655766373018 0.241142729772 0.045457421223
0.655766373018 0.241142729772 0.045457421223
0.655766373018 0.241142729772 0.045457421223
0.655766373018 0.241142729772 0.045457421223
0.655766373018 0.241142729772 0.045457421223
0.655766373018 0.241142729772 0.045457421223
0.655766373018 0.241142729772 0.045457421223
0.655766373018 0.241142729772 0.045457421223
0.427233214161 0.200304870968 0.489582580532
0.846921174086 0.202439335643 0.448547741370
0.846921174086 0.202439335643 0.448547741370
0.846921174086 0.202439335643 0.448547741370
0.846921174086 0.202439335643 0.448547741370
0.846738104056 0.290906072301 0.350088920060
0.846738104056 0.290906072301 0.350088920060
0.846738104056 0.290906072301 0.350088920060
0.846738104056 0.290906072301 0.350088920060
0.846738104056 0.290906072301 0.350088920060
0.846738104056 0.290906072301 0.350088920060
0.846738104056 0.290906072301 0.350088920060
0.846738104056 0.290906072301 0.350088920060
0.846738104056 0.290906072301 0.350088920060
0.846738104056 0.290906072301 0.350088920060
0.846738104056 0.290906072301 0.350088920060
0.846738104056 0.290906072301 0.350088920060
0.846738104056 0.290906072301 0.350088920060
0.846738104056 0.290906072301 0.350088920060
0.839582827573 0.295658595750 0.338477466812
0.839582827573 0.295658595750 0.338477466812
0.839582827573 0.295658595750 0.338477466812
0.839582827573 0.295658595750 0.338477466812
0.839582827573 0.295658595750 0.338477466812
0.839582827573 0.295658595750 0.338477466812
0.897540363877 0.373239395661 0.229325882102
0.897540363877 0.373239395661 0.229325882102
0.897540363877 0.373239395661 0.229325882102
0.775268782834 0.321275879571 0.209564314899
0.775268782834 0.321275879571 0.209564314899
0.775268782834 0.321275879571 0.209564314899
0.775268782834 0.321275879571 0.209564314899
0.775268782834 0.321275879571 0.209564314899
0.705778121077 0.248561666119 0.159075297818
0.705778121077 0.248561666119 0.159075297818
0.705778121077 0.248561666119 0.159075297818
0.706665667919 0.254276830177 0.132077055194
0.706665667919 0.254276830177 0.132077055194
0.706665667919 0.254276830177 0.132077055194
0.706665667919 0.254276830177 0.132077055194
0.706665667919 0.254276830177 0.132077055194
0.706665667919 0.254276830177 0.132077055194
0.706665667919 0.254276830177 0.132077055194
0.706665667919 0.254276830177 0.132077055194
0.706665667919 0.254276830177 0.132077055194
0.706665667919 0.254276830177 0.132077055194
0.706665667919 0.254276830177 0.132077055194
0.706665667919 0.254276830177 0.132077055194
0.835818997268 0.319369867945 0.215522939979
0.835818997268 0.319369867945 0.215522939979
0.835818997268 0.319369867945 0.215522939979
0.835818997268 0.319369867945 0.215522939979
0.835818997268 0.319369867945 0.215522939979
0.819378351799 0.318836071160 0.187836057289
0.819378351799 0.318836071160 0.187836057289
0.819378351799 0.318836071160 0.187836057289
0.819378351799 0.318836071160 0.187836057289
0.819378351799 0.318836071160 0.187836057289
0.819378351799 0.318836071160 0.187836057289
0.819378351799 0.318836071160 0.187836057289
0.819378351799 0.318836071160 0.187836057289
0.819378351799 0.318836071160 0.187836057289
0.819378351799 0.318836071160 0.187836057289
0.819378351799 0.318836071160 0.187836057289
0.819378351799 0.318836071160 0.187836057289
0.819378351799 0.318836071160 0.187836057289
0.819378351799 0.318836071160 0.187836057289
0.819378351799 0.318836071160 0.187836057289
0.819378351799 0.318836071160 0.187836057289
0.819378351799 0.318836071160 0.187836057289
0.819378351799 0.318836071160 0.187836057289
0.819378351799 0.318836071160 0.187836057289
0.819378351799 0.318836071160 0.187836057289
0.819378351799 0.318836071160 0.187836057289
0.819378351799 0.318836071160 0.187836057289
0.819378351799 0.318836071160 0.187836057289
0.819378351799 0.318836071160 0.187836057289
0.819378351799 0.318836071160 0.187836057289
0.819378351799 0.318836071160 0.187836057289
0.819378351799 0.318836071160 0.187836057289
0.819378351799 0.318836071160 0.187836057289
0.819378351799 0.318836071160 0.187836057289
0.819378351799 0.318836071160 0.187836057289
0.819378351799 0.318836071160 0.187836057289
0.819378351799 0.318836071160 0.187836057289
0.819378351799 0.318836071160 0.187836057289
0.819378351799 0.318836071160 0.187836057289
0.819378351799 0.318836071160 0.187836057289
0.819378351799 0.318836071160 0.187836057289
0.616021112204 0.364218780495 0.622230929567
0.663288077652 0.314581654619 0.464814909161
0.663288077652 0.314581654619 0.464814909161
0.663288077652 0.314581654619 0.464814909161
0.663288077652 0.314581654619 0.464814909161
0.703938143638 0.191643313764 0.427115020317
0.703938143638 0.191643313764 0.427115020317
0.703938143638 0.191643313764 0.427115020317
0.777832607542 0.337653758706 0.303993631529
0.777832607542 0.337653758706 0.303993631529
0.777832607542 0.337653758706 0.303993631529
0.777832607542 0.337653758706 0.303993631529
0.819574239595 0.340633161008 0.123099278318
0.819574239595 0.340633161008 0.123099278318
0.819574239595 0.340633161008 0.123099278318
0.819574239595 0.340633161008 0.123099278318
0.819574239595 0.340633161008 0.123099278318
0.819574239595 0.340633161008 0.123099278318
0.819574239595 0.340633161008 0.123099278318
0.819574239595 0.340633161008 0.123099278318
0.819574239595 0.340633161008 0.123099278318
0.819574239595 0.340633161008 0.123099278318
0.819574239595 0.340633161008 0.123099278318
0.819574239595 0.340633161008 0.123099278318
0.819574239595 0.340633161008 0.123099278318
0.819574239595 0.340633161008 0.123099278318
0.819574239595 0.340633161008 0.123099278318
0.819574239595 0.340633161008 0.123099278318
0.819574239595 0.340633161008 0.123099278318
0.819574239595 0.340633161008 0.123099278318
0.819574239595 0.340633161008 0.123099278318
0.819574239595 0.340633161008 0.123099278318
0.819574239595 0.340633161008 0.123099278318
0.819574239595 0.340633161008 0.123099278318
0.819574239595 0.340633161008 0.123099278318
0.819574239595 0.340633161008 0.123099278318
0.819574239595 0.340633161008 0.123099278318
0.819574239595 0.340633161008 0.123099278318
0.819574239595 0.340633161008 0.123099278318
0.836113602410 0.345412756002 0.069084511498
0.836113602410 0.345412756002 0.069084511498
0.836113602410 0.345412756002 0.069084511498
0.836113602410 0.345412756002 0.069084511498
0.836113602410 0.345412756002 0.069084511498
0.836113602410 0.345412756002 0.069084511498
0.401120208129 0.888439282891 0.581018372366
0.251429576859 0.533515399716 0.532007492914
0.251429576859 0.533515399716 0.532007492914
0.251429576859 0.533515399716 0.532007492914
0.251429576859 0.533515399716 0.532007492914
0.251429576859 0.533515399716 0.532007492914
0.251429576859 0.533515399716 0.532007492914
0.251429576859 0.533515399716 0.532007492914
0.251429576859 0.533515399716 0.532007492914
0.251429576859 0.533515399716 0.532007492914
0.251429576859 0.533515399716 0.532007492914
0.251429576859 0.533515399716 0.532007492914
0.202803900779 0.762358301091 0.530115621343
0.202803900779 0.762358301091 0.530115621343
0.035476078057 0.873192200984 0.480430429326
0.035476078057 0.873192200984 0.480430429326
0.035476078057 0.873192200984 0.480430429326
0.035476078057 0.873192200984 0.480430429326
0.035476078057 0.873192200984 0.480430429326
0.035476078057 0.873192200984 0.480430429326
0.035476078057 0.873192200984 0.480430429326
0.035476078057 0.873192200984 0.480430429326
0.035476078057 0.873192200984 0.480430429326
0.035476078057 0.873192200984 0.480430429326
0.035476078057 0.873192200984 0.480430429326
0.000000000000 0.332049841706 0.457120988860
0.000000000000 0.332049841706 0.457120988860
0.000000000000 0.332049841706 0.457120988860
0.000000000000 0.332049841706 0.457120988860
0.000000000000 0.133342815802 0.253493691216
0.000000000000 0.133342815802 0.253493691216
0.000000000000 0.133342815802 0.253493691216
0.000000000000 0.133342815802 0.253493691216
0.000000000000 0.133342815802 0.253493691216
0.000000000000 0.133342815802 0.253493691216
0.000000000000 0.133342815802 0.253493691216
0.000000000000 0.133342815802 0.253493691216
0.000000000000 0.133342815802 0.253493691216
0.000000000000 0.133342815802 0.253493691216
0.000000000000 0.133342815802 0.253493691216
0.000000000000 0.133342815802 0.253493691216
0.000000000000 0.133342815802 0.253493691216
0.000000000000 0.133342815802 0.253493691216
0.000000000000 0.133342815802 0.253493691216
0.000000000000 0.133342815802 0.253493691216
0.837965629803 0.261669410894 0.407514961807
0.837965629803 0.261669410894 0.407514961807
0.837965629803 0.261669410894 0.407514961807
0.837965629803 0.261669410894 0.407514961807
0.837965629803 0.261669410894 0.407514961807
0.837965629803 0.261669410894 0.407514961807
0.837965629803 0.261669410894 0.407514961807
0.837965629803 0.261669410894 0.407514961807
0.837965629803 0.261669410894 0.407514961807
0.837965629803 0.261669410894 0.407514961807
0.701636559969 0.264865356078 0.210525754161
0.701636559969 0.264865356078 0.210525754161
0.520694496766 0.174920977116 0.134188845904
0.520694496766 0.174920977116 0.134188845904
0.520694496766 0.174920977116 0.134188845904
0.520694496766 0.174920977116 0.134188845904
0.520694496766 0.174920977116 0.134188845904
0.520694496766 0.174920977116 0.134188845904
0.520694496766 0.174920977116 0.134188845904
0.520694496766 0.174920977116 0.134188845904
0.520694496766 0.174920977116 0.134188845904
0.520694496766 0.174920977116 0.134188845904
0.520694496766 0.174920977116 0.134188845904
0.520694496766 0.174920977116 0.134188845904
0.520694496766 0.174920977116 0.134188845904
0.520694496766 0.174920977116 0.134188845904
0.520694496766 0.174920977116 0.134188845904
0.520694496766 0.174920977116 0.134188845904
0.520694496766 0.174920977116 0.134188845904
0.520694496766 0.174920977116 0.134188845904
0.520694496766 0.174920977116 0.134188845904
0.520694496766 0.174920977116 0.134188845904
0.520694496766 0.174920977116 0.134188845904
0.520694496766 0.174920977116 0.134188845904
0.520694496766 0.174920977116 0.134188845904
0.520694496766 0.174920977116 0.134188845904
0.520694496766 0.174920977116 0.134188845904
0.520694496766 0.174920977116 0.134188845904
0.520694496766 0.174920977116 0.134188845904
0.520694496766 0.174920977116 0.134188845904
0.520694496766 0.174920977116 0.134188845904
0.520694496766 0.174920977116 0.134188845904
0.520694496766 0.174920977116 0.134188845904
0.000000000000 0.335260041153 0.455913318999
0.000000000000 0.335260041153 0.455913318999
0.000000000000 0.335260041153 0.455913318999
0.000000000000 0.335260041153 0.455913318999
0.000000000000 0.335260041153 0.455913318999
0.000000000000 0.135599673317 0.265240749848
0.000000000000 0.135599673317 0.265240749848
0.000000000000 0.135599673317 0.265240749848
0.000000000000 0.135599673317 0.265240749848
0.000000000000 0.135599673317 0.265240749848
0.000000000000 0.135599673317 0.265240749848
0.000000000000 0.135599673317 0.265240749848
0.000000000000 0.135599673317 0.265240749848
0.000000000000 0.135599673317 0.265240749848
0.000000000000 0.135599673317 0.265240749848
0.000000000000 0.135599673317 0.265240749848
0.000000000000 0.135599673317 0.265240749848
0.000000000000 0.135599673317 0.265240749848
0.000000000000 0.135599673317 0.265240749848
0.000000000000 0.135599673317 0.265240749848
0.000000000000 0.135599673317 0.265240749848
0.000000000000 0.135599673317 0.265240749848
0.000000000000 0.135599673317 0.265240749848
0.000000000000 0.135599673317 0.265240749848
0.000000000000 0.135599673317 0.265240749848
0.000000000000 0.135599673317 0.265240749848
0.000000000000 0.135599673317 0.265240749848
0.000000000000 0.135599673317 0.265240749848
0.000000000000 0.135599673317 0.265240749848
0.000000000000 0.135599673317 0.265240749848
0.000000000000 0.135599673317 0.265240749848
0.000000000000 0.135599673317 0.265240749848
0.000000000000 0.135599673317 0.265240749848
0.000000000000 0.135599673317 0.265240749848
0.000000000000 0.135599673317 0.265240749848
0.000000000000 0.135599673317 0.265240749848
0.000000000000 0.135599673317 0.265240749848
0.000000000000 0.135599673317 0.265240749848
0.000000000000 0.135599673317 0.265240749848
0.000000000000 0.135599673317 0.265240749848
0.000000000000 0.135599673317 0.265240749848
0.000000000000 0.135599673317 0.265240749848
0.986310677928 0.927843714744 0.665869721210
0.986310677928 0.927843714744 0.665869721210
0.986310677928 0.927843714744 0.665869721210
0.986310677928 0.927843714744 0.665869721210
0.913815238719 0.505816531613 0.359801591500
0.913815238719 0.505816531613 0.359801591500
0.913815238719 0.505816531613 0.359801591500
0.913815238719 0.505816531613 0.359801591500
0.913815238719 0.505816531613 0.359801591500
