0.489125006386 0.276485362980 0.635284914601
0.507277862321 0.264672039681 0.624790786730
0.507277862321 0.264672039681 0.624790786730
0.507277862321 0.264672039681 0.624790786730
0.507277862321 0.264672039681 0.624790786730
0.507277862321 0.264672039681 0.624790786730
0.419204007766 0.179931958853 0.268881158656
0.419204007766 0.179931958853 0.268881158656
0.419204007766 0.179931958853 0.268881158656
0.419204007766 0.179931958853 0.268881158656
0.419204007766 0.179931958853 0.268881158656
0.419204007766 0.179931958853 0.268881158656
0.418595399009 0.134743027181 0.266787029242
0.418595399009 0.134743027181 0.266787029242
0.418595399009 0.134743027181 0.266787029242
0.418595399009 0.134743027181 0.266787029242
0.418595399009 0.134743027181 0.266787029242
0.418595399009 0.134743027181 0.266787029242
0.418595399009 0.134743027181 0.266787029242
0.418595399009 0.134743027181 0.266787029242
0.418595399009 0.134743027181 0.266787029242
0.418595399009 0.134743027181 0.266787029242
0.339906316265 0.134483594714 0.171798463312
0.339906316265 0.134483594714 0.171798463312
0.339906316265 0.134483594714 0.171798463312
0.339906316265 0.134483594714 0.171798463312
0.339906316265 0.134483594714 0.171798463312
0.339906316265 0.134483594714 0.171798463312
0.339906316265 0.134483594714 0.171798463312
0.339906316265 0.134483594714 0.171798463312
0.339906316265 0.134483594714 0.171798463312
0.339906316265 0.134483594714 0.171798463312
0.339906316265 0.134483594714 0.171798463312
0.339906316265 0.134483594714 0.171798463312
0.339906316265 0.134483594714 0.171798463312
0.339906316265 0.134483594714 0.171798463312
0.339906316265 0.134483594714 0.171798463312
0.339906316265 0.134483594714 0.171798463312
0.339906316265 0.134483594714 0.171798463312
0.339906316265 0.134483594714 0.171798463312
0.339906316265 0.134483594714 0.171798463312
0.339906316265 0.134483594714 0.171798463312
0.339906316265 0.134483594714 0.171798463312
0.339906316265 0.134483594714 0.171798463312
0.339906316265 0.134483594714 0.171798463312
0.000947891073 0.365997094478 0.532936200952
0.001528810776 0.375887237247 0.501897823031
0.001528810776 0.375887237247 0.501897823031
0.703880035087 0.335678980739 0.475828723771
0.703880035087 0.335678980739 0.475828723771
0.703880035087 0.335678980739 0.475828723771
0.703880035087 0.335678980739 0.475828723771
0.703880035087 0.335678980739 0.475828723771
0.703880035087 0.335678980739 0.475828723771
0.703880035087 0.335678980739 0.475828723771
0.411560263790 0.195640218559 0.401227609079
0.411560263790 0.195640218559 0.401227609079
0.411560263790 0.195640218559 0.401227609079
0.411560263790 0.195640218559 0.401227609079
0.732297706684 0.279684673343 0.218276257604
0.732297706684 0.279684673343 0.218276257604
0.754724628103 0.275630764801 0.161153610271
0.754724628103 0.275630764801 0.161153610271
0.754724628103 0.275630764801 0.161153610271
0.754724628103 0.275630764801 0.161153610271
0.754724628103 0.275630764801 0.161153610271
0.754724628103 0.275630764801 0.161153610271
0.754724628103 0.275630764801 0.161153610271
0.754724628103 0.275630764801 0.161153610271
0.754724628103 0.275630764801 0.161153610271
0.754724628103 0.275630764801 0.161153610271
0.754724628103 0.275630764801 0.161153610271
0.754724628103 0.275630764801 0.161153610271
0.754724628103 0.275630764801 0.161153610271
0.754724628103 0.275630764801 0.161153610271
0.754724628103 0.275630764801 0.161153610271
0.754724628103 0.275630764801 0.161153610271
0.754724628103 0.275630764801 0.161153610271
0.754724628103 0.275630764801 0.161153610271
0.754724628103 0.275630764801 0.161153610271
0.754724628103 0.275630764801 0.161153610271
0.754724628103 0.275630764801 0.161153610271
0.754724628103 0.275630764801 0.161153610271
0.754724628103 0.275630764801 0.161153610271
0.754724628103 0.275630764801 0.161153610271
0.754724628103 0.275630764801 0.161153610271
0.754724628103 0.275630764801 0.161153610271
0.754724628103 0.275630764801 0.161153610271
0.754724628103 0.275630764801 0.161153610271
0.754724628103 0.275630764801 0.161153610271
0.754724628103 0.275630764801 0.161153610271
0.731394454290 0.268052538717 0.134660246582
0.180855207930 0.182257936142 0.654428084135
0.896656715082 0.000000000000 0.506355736413
0.896656715082 0.000000000000 0.506355736413
0.896656715082 0.000000000000 0.506355736413
0.896656715082 0.000000000000 0.506355736413
0.896656715082 0.000000000000 0.506355736413
0.896656715082 0.000000000000 0.506355736413
0.859065706241 0.236807484691 0.442792527940
0.859065706241 0.236807484691 0.442792527940
0.852588731574 0.295067200134 0.347258099843
0.792829437395 0.293708231785 0.334278231372
0.792829437395 0.293708231785 0.334278231372
0.792829437395 0.293708231785 0.334278231372
0.856300299391 0.329088795436 0.263829609330
0.856300299391 0.329088795436 0.263829609330
0.796829771583 0.340189309163 0.246695662569
0.796829771583 0.340189309163 0.246695662569
0.803511059361 0.343929079916 0.227796510589
0.803511059361 0.343929079916 0.227796510589
0.803511059361 0.343929079916 0.227796510589
0.798484961698 0.333389977096 0.196068324212
0.798484961698 0.333389977096 0.196068324212
0.798484961698 0.333389977096 0.196068324212
0.805091147430 0.332033149532 0.143510725360
0.805091147430 0.332033149532 0.143510725360
0.805091147430 0.332033149532 0.143510725360
0.816624896811 0.324582035157 0.128962564170
0.816624896811 0.324582035157 0.128962564170
0.816624896811 0.324582035157 0.128962564170
0.816624896811 0.324582035157 0.128962564170
0.816624896811 0.324582035157 0.128962564170
0.816624896811 0.324582035157 0.128962564170
0.816624896811 0.324582035157 0.128962564170
0.816624896811 0.324582035157 0.128962564170
0.816624896811 0.324582035157 0.128962564170
0.816624896811 0.324582035157 0.128962564170
0.816624896811 0.324582035157 0.128962564170
0.816624896811 0.324582035157 0.128962564170
0.816624896811 0.324582035157 0.128962564170
0.816624896811 0.324582035157 0.128962564170
0.816624896811 0.324582035157 0.128962564170
0.816624896811 0.324582035157 0.128962564170
0.816624896811 0.324582035157 0.128962564170
0.818580873266 0.327170825108 0.114610021719
0.828333722805 0.339466053916 0.078959925344
0.828333722805 0.339466053916 0.078959925344
0.828333722805 0.339466053916 0.078959925344
0.828333722805 0.339466053916 0.078959925344
0.828333722805 0.339466053916 0.078959925344
0.833455929564 0.341342037392 0.074367425093
0.833455929564 0.341342037392 0.074367425093
0.833455929564 0.341342037392 0.074367425093
0.833455929564 0.341342037392 0.074367425093
0.331300762688 0.000537312034 0.625957821375
0.331300762688 0.000537312034 0.625957821375
0.331300762688 0.000537312034 0.625957821375
0.324813784797 0.084484034909 0.519645393869
0.324813784797 0.084484034909 0.519645393869
0.324813784797 0.084484034909 0.519645393869
0.324813784797 0.084484034909 0.519645393869
0.324813784797 0.084484034909 0.519645393869
0.324813784797 0.084484034909 0.519645393869
0.590439426010 0.143208705722 0.466679542345
0.590439426010 0.143208705722 0.466679542345
0.590439426010 0.143208705722 0.466679542345
0.591062407036 0.181125665265 0.372890714039
0.591062407036 0.181125665265 0.372890714039
0.591062407036 0.181125665265 0.372890714039
0.591062407036 0.181125665265 0.372890714039
0.591062407036 0.181125665265 0.372890714039
0.591062407036 0.181125665265 0.372890714039
0.591062407036 0.181125665265 0.372890714039
0.591062407036 0.181125665265 0.372890714039
0.591062407036 0.181125665265 0.372890714039
0.591062407036 0.181125665265 0.372890714039
0.591062407036 0.181125665265 0.372890714039
0.591062407036 0.181125665265 0.372890714039
0.591062407036 0.181125665265 0.372890714039
0.591062407036 0.181125665265 0.372890714039
0.591062407036 0.181125665265 0.372890714039
0.591062407036 0.181125665265 0.372890714039
0.730151190371 0.298935150445 0.365611813314
0.698738214054 0.272751584524 0.299009731228
0.698738214054 0.272751584524 0.299009731228
0.698738214054 0.272751584524 0.299009731228
0.698738214054 0.272751584524 0.299009731228
0.750693081862 0.282207948457 0.165315908089
0.652499257612 0.245762815148 0.090723170162
0.652499257612 0.245762815148 0.090723170162
0.652682702337 0.243760683049 0.075080570511
0.652682702337 0.243760683049 0.075080570511
0.652682702337 0.243760683049 0.075080570511
0.652682702337 0.243760683049 0.075080570511
0.655369775031 0.241482828285 0.050247686393
0.655369775031 0.241482828285 0.050247686393
0.655369775031 0.241482828285 0.050247686393
0.655369775031 0.241482828285 0.050247686393
0.655369775031 0.241482828285 0.050247686393
0.655369775031 0.241482828285 0.050247686393
0.655369775031 0.241482828285 0.050247686393
0.655369775031 0.241482828285 0.050247686393
0.655369775031 0.241482828285 0.050247686393
0.655369775031 0.241482828285 0.050247686393
0.278891255865 0.985197572179 0.543794921470
0.278891255865 0.985197572179 0.543794921470
0.278891255865 0.985197572179 0.543794921470
0.278891255865 0.985197572179 0.543794921470
0.278891255865 0.985197572179 0.543794921470
0.278891255865 0.985197572179 0.543794921470
0.164489655026 0.654144112500 0.529646069275
0.164489655026 0.654144112500 0.529646069275
0.164489655026 0.654144112500 0.529646069275
0.164489655026 0.654144112500 0.529646069275
0.164489655026 0.654144112500 0.529646069275
0.164489655026 0.654144112500 0.529646069275
0.164489655026 0.654144112500 0.529646069275
0.164489655026 0.654144112500 0.529646069275
0.147735010450 0.825286048591 0.525372050692
0.147735010450 0.825286048591 0.525372050692
0.147735010450 0.825286048591 0.525372050692
0.147735010450 0.825286048591 0.525372050692
0.147735010450 0.825286048591 0.525372050692
0.147735010450 0.825286048591 0.525372050692
0.147735010450 0.825286048591 0.525372050692
0.147735010450 0.825286048591 0.525372050692
0.147735010450 0.825286048591 0.525372050692
0.147735010450 0.825286048591 0.525372050692
0.147735010450 0.825286048591 0.525372050692
0.147735010450 0.825286048591 0.525372050692
0.147735010450 0.825286048591 0.525372050692
0.147735010450 0.825286048591 0.525372050692
0.147735010450 0.825286048591 0.525372050692
0.171416782723 0.516979724426 0.522466836451
0.171416782723 0.516979724426 0.522466836451
0.171416782723 0.516979724426 0.522466836451
0.171416782723 0.516979724426 0.522466836451
0.171416782723 0.516979724426 0.522466836451
0.166741506036 0.554950618434 0.520265470465
0.166741506036 0.554950618434 0.520265470465
0.166741506036 0.554950618434 0.520265470465
0.166741506036 0.554950618434 0.520265470465
0.057479357418 0.689166265841 0.495205643287
0.057479357418 0.689166265841 0.495205643287
0.057479357418 0.689166265841 0.495205643287
0.057479357418 0.689166265841 0.495205643287
0.057479357418 0.689166265841 0.495205643287
0.057479357418 0.689166265841 0.495205643287
0.057479357418 0.689166265841 0.495205643287
0.648477440507 0.765720332245 0.619542040500
0.648477440507 0.765720332245 0.619542040500
0.648477440507 0.765720332245 0.619542040500
0.648477440507 0.765720332245 0.619542040500
0.648477440507 0.765720332245 0.619542040500
0.648477440507 0.765720332245 0.619542040500
0.601041363419 0.841833369674 0.615427693315
0.601041363419 0.841833369674 0.615427693315
0.601041363419 0.841833369674 0.615427693315
0.601041363419 0.841833369674 0.615427693315
0.601041363419 0.841833369674 0.615427693315
0.571019578826 0.729171630037 0.599542864337
0.571019578826 0.729171630037 0.599542864337
0.571019578826 0.729171630037 0.599542864337
0.118736482071 0.786435291030 0.557947842062
0.202830604944 0.548460402710 0.526876032483
0.202830604944 0.548460402710 0.526876032483
0.202830604944 0.548460402710 0.526876032483
0.202830604944 0.548460402710 0.526876032483
0.202830604944 0.548460402710 0.526876032483
0.202830604944 0.548460402710 0.526876032483
0.202830604944 0.548460402710 0.526876032483
0.202830604944 0.548460402710 0.526876032483
0.071952427637 0.646977124314 0.500228816499
0.071952427637 0.646977124314 0.500228816499
0.071952427637 0.646977124314 0.500228816499
0.071952427637 0.646977124314 0.500228816499
0.071952427637 0.646977124314 0.500228816499
0.071952427637 0.646977124314 0.500228816499
0.071952427637 0.646977124314 0.500228816499
0.071952427637 0.646977124314 0.500228816499
0.071952427637 0.646977124314 0.500228816499
0.071952427637 0.646977124314 0.500228816499
0.071952427637 0.646977124314 0.500228816499
0.071952427637 0.646977124314 0.500228816499
0.000000000000 0.720712003087 0.473739105161
0.000000000000 0.720712003087 0.473739105161
0.000000000000 0.720712003087 0.473739105161
0.000000000000 0.720712003087 0.473739105161
0.000000000000 0.720712003087 0.473739105161
0.000000000000 0.720712003087 0.473739105161
0.000000000000 0.720712003087 0.473739105161
0.000000000000 0.720712003087 0.473739105161
0.000000000000 0.720712003087 0.473739105161
0.000000000000 0.720712003087 0.473739105161
0.000000000000 0.720712003087 0.473739105161
0.000000000000 0.722045289688 0.453933018729
0.000000000000 0.722045289688 0.453933018729
0.814878344960 0.151214446314 0.487853697372
0.814878344960 0.151214446314 0.487853697372
0.814878344960 0.151214446314 0.487853697372
0.912384053029 0.209474952897 0.428092284412
0.702365393054 0.227093712452 0.263733745382
0.702365393054 0.227093712452 0.263733745382
0.702365393054 0.227093712452 0.263733745382
0.702365393054 0.227093712452 0.263733745382
0.548366238266 0.167308306563 0.238423971294
0.548366238266 0.167308306563 0.238423971294
0.548366238266 0.167308306563 0.238423971294
0.548366238266 0.167308306563 0.238423971294
0.548366238266 0.167308306563 0.238423971294
0.548366238266 0.167308306563 0.238423971294
0.548366238266 0.167308306563 0.238423971294
0.548366238266 0.167308306563 0.238423971294
0.548366238266 0.167308306563 0.238423971294
0.548366238266 0.167308306563 0.238423971294
0.548366238266 0.167308306563 0.238423971294
0.548366238266 0.167308306563 0.238423971294
0.548366238266 0.167308306563 0.238423971294
0.548366238266 0.167308306563 0.238423971294
0.548366238266 0.167308306563 0.238423971294
0.548366238266 0.167308306563 0.238423971294
0.548366238266 0.167308306563 0.238423971294
0.548366238266 0.167308306563 0.238423971294
0.548366238266 0.167308306563 0.238423971294
0.548366238266 0.167308306563 0.238423971294
0.548366238266 0.167308306563 0.238423971294
0.548366238266 0.167308306563 0.238423971294
0.548366238266 0.167308306563 0.238423971294
0.548366238266 0.167308306563 0.238423971294
0.548366238266 0.167308306563 0.238423971294
0.548366238266 0.167308306563 0.238423971294
0.548366238266 0.167308306563 0.238423971294
0.548366238266 0.167308306563 0.238423971294
0.548366238266 0.167308306563 0.238423971294
0.548366238266 0.167308306563 0.238423971294
0.548366238266 0.167308306563 0.238423971294
0.548366238266 0.167308306563 0.238423971294
0.548366238266 0.167308306563 0.238423971294
0.548366238266 0.167308306563 0.238423971294
0.548366238266 0.167308306563 0.238423971294
0.548366238266 0.167308306563 0.238423971294
0.616317793276 0.159257682715 0.483902296030
0.616317793276 0.159257682715 0.483902296030
0.616317793276 0.159257682715 0.483902296030
0.616317793276 0.159257682715 0.483902296030
0.616317793276 0.159257682715 0.483902296030
0.616317793276 0.159257682715 0.483902296030
0.616317793276 0.159257682715 0.483902296030
0.616317793276 0.159257682715 0.483902296030
0.616317793276 0.159257682715 0.483902296030
0.616317793276 0.159257682715 0.483902296030
0.616317793276 0.159257682715 0.483902296030
0.616317793276 0.159257682715 0.483902296030
0.616317793276 0.159257682715 0.483902296030
0.616317793276 0.159257682715 0.483902296030
0.616317793276 0.159257682715 0.483902296030
0.659643550569 0.214432266343 0.340223936727
0.659643550569 0.214432266343 0.340223936727
0.732694945045 0.275351639947 0.165267065050
0.732694945045 0.275351639947 0.165267065050
0.732694945045 0.275351639947 0.165267065050
0.732694945045 0.275351639947 0.165267065050
0.732694945045 0.275351639947 0.165267065050
0.732694945045 0.275351639947 0.165267065050
0.732694945045 0.275351639947 0.165267065050
0.732694945045 0.275351639947 0.165267065050
0.732694945045 0.275351639947 0.165267065050
0.732694945045 0.275351639947 0.165267065050
0.732694945045 0.275351639947 0.165267065050
0.732694945045 0.275351639947 0.165267065050
0.732694945045 0.275351639947 0.165267065050
0.732694945045 0.275351639947 0.165267065050
0.732694945045 0.275351639947 0.165267065050
0.732694945045 0.275351639947 0.165267065050
0.732694945045 0.275351639947 0.165267065050
0.732694945045 0.275351639947 0.165267065050
0.732694945045 0.275351639947 0.165267065050
0.732694945045 0.275351639947 0.165267065050
0.732694945045 0.275351639947 0.165267065050
0.732694945045 0.275351639947 0.165267065050
0.732694945045 0.275351639947 0.165267065050
0.732694945045 0.275351639947 0.165267065050
0.732694945045 0.275351639947 0.165267065050
0.700979612555 0.254986740533 0.125543598413
0.700979612555 0.254986740533 0.125543598413
0.594557089219 0.833735926067 0.599962256886
0.591443586629 0.870470257511 0.590298862390
0.591443586629 0.870470257511 0.590298862390
0.591443586629 0.870470257511 0.590298862390
0.591443586629 0.870470257511 0.590298862390
0.591443586629 0.870470257511 0.590298862390
0.591443586629 0.870470257511 0.590298862390
0.595095173495 0.265903258156 0.554732456390
0.687860272525 0.260889031976 0.214114507513
0.687860272525 0.260889031976 0.214114507513
0.687860272525 0.260889031976 0.214114507513
0.687860272525 0.260889031976 0.214114507513
0.687860272525 0.260889031976 0.214114507513
0.687860272525 0.260889031976 0.214114507513
0.708884561959 0.259030454746 0.136769146408
0.708884561959 0.259030454746 0.136769146408
0.708884561959 0.259030454746 0.136769146408
0.708884561959 0.259030454746 0.136769146408
0.708884561959 0.259030454746 0.136769146408
0.708884561959 0.259030454746 0.136769146408
0.708884561959 0.259030454746 0.136769146408
0.708884561959 0.259030454746 0.136769146408
0.708884561959 0.259030454746 0.136769146408
0.708884561959 0.259030454746 0.136769146408
0.708884561959 0.259030454746 0.136769146408
0.708884561959 0.259030454746 0.136769146408
0.708884561959 0.259030454746 0.136769146408
0.708884561959 0.259030454746 0.136769146408
0.708884561959 0.259030454746 0.136769146408
0.708884561959 0.259030454746 0.136769146408
0.708884561959 0.259030454746 0.136769146408
0.708884561959 0.259030454746 0.136769146408
0.708884561959 0.259030454746 0.136769146408
0.708884561959 0.259030454746 0.136769146408
0.708884561959 0.259030454746 0.136769146408
0.705275770332 0.252936218755 0.132037053193
0.705275770332 0.252936218755 0.132037053193
0.705275770332 0.252936218755 0.132037053193
0.705275770332 0.252936218755 0.132037053193
0.701526518438 0.251082955292 0.125618043005
0.701526518438 0.251082955292 0.125618043005
0.701526518438 0.251082955292 0.125618043005
0.701526518438 0.251082955292 0.125618043005
0.701526518438 0.251082955292 0.125618043005
0.701526518438 0.251082955292 0.125618043005
0.701526518438 0.251082955292 0.125618043005
0.701526518438 0.251082955292 0.125618043005
0.472352512169 0.175772275382 0.245165986522
0.472352512169 0.175772275382 0.245165986522
0.472352512169 0.175772275382 0.245165986522
0.472352512169 0.175772275382 0.245165986522
0.472352512169 0.175772275382 0.245165986522
0.472352512169 0.175772275382 0.245165986522
0.472352512169 0.175772275382 0.245165986522
0.472352512169 0.175772275382 0.245165986522
0.472352512169 0.175772275382 0.245165986522
0.472352512169 0.175772275382 0.245165986522
0.472352512169 0.175772275382 0.245165986522
0.472352512169 0.175772275382 0.245165986522
0.472352512169 0.175772275382 0.245165986522
0.472352512169 0.175772275382 0.245165986522
0.588985003741 0.213185964789 0.200603858445
0.588985003741 0.213185964789 0.200603858445
0.588985003741 0.213185964789 0.200603858445
0.588985003741 0.213185964789 0.200603858445
0.588985003741 0.213185964789 0.200603858445
0.588985003741 0.213185964789 0.200603858445
0.588985003741 0.213185964789 0.200603858445
0.588985003741 0.213185964789 0.200603858445
0.588985003741 0.213185964789 0.200603858445
0.588985003741 0.213185964789 0.200603858445
0.588985003741 0.213185964789 0.200603858445
0.588985003741 0.213185964789 0.200603858445
0.588985003741 0.213185964789 0.200603858445
0.588985003741 0.213185964789 0.200603858445
0.588985003741 0.213185964789 0.200603858445
0.588985003741 0.213185964789 0.200603858445
0.588985003741 0.213185964789 0.200603858445
0.566863576040 0.181340373624 0.177104527097
0.566863576040 0.181340373624 0.177104527097
0.566863576040 0.181340373624 0.177104527097
0.566863576040 0.181340373624 0.177104527097
0.566863576040 0.181340373624 0.177104527097
0.566863576040 0.181340373624 0.177104527097
0.566863576040 0.181340373624 0.177104527097
0.566863576040 0.181340373624 0.177104527097
0.566863576040 0.181340373624 0.177104527097
0.566863576040 0.181340373624 0.177104527097
0.566863576040 0.181340373624 0.177104527097
0.972687849964 0.754535651241 0.647116851864
0.972687849964 0.754535651241 0.647116851864
0.972687849964 0.754535651241 0.647116851864
0.972687849964 0.754535651241 0.647116851864
0.972687849964 0.754535651241 0.647116851864
0.406369428984 0.690239701276 0.609864023010
0.406369428984 0.690239701276 0.609864023010
0.394089519832 0.855392517512 0.591710051483
0.394089519832 0.855392517512 0.591710051483
0.394089519832 0.855392517512 0.591710051483
0.394089519832 0.855392517512 0.591710051483
0.394089519832 0.855392517512 0.591710051483
0.290531169240 0.553791453805 0.545574457609
0.050230404064 0.602205421187 0.513186614864
0.050230404064 0.602205421187 0.513186614864
0.050230404064 0.602205421187 0.513186614864
0.050230404064 0.602205421187 0.513186614864
0.050230404064 0.602205421187 0.513186614864
0.029695512793 0.672615775825 0.492015907462
0.029695512793 0.672615775825 0.492015907462
0.029695512793 0.672615775825 0.492015907462
0.029695512793 0.672615775825 0.492015907462
0.029695512793 0.672615775825 0.492015907462
0.000000000000 0.727338683749 0.427971433962
0.000000000000 0.727338683749 0.427971433962
0.000000000000 0.727338683749 0.427971433962
0.000000000000 0.727338683749 0.427971433962
0.000000000000 0.727338683749 0.427971433962
0.000000000000 0.727338683749 0.427971433962
0.000000000000 0.727338683749 0.427971433962
0.000000000000 0.727338683749 0.427971433962
0.000000000000 0.727338683749 0.427971433962
0.000000000000 0.727338683749 0.427971433962
0.000000000000 0.727338683749 0.427971433962
0.000000000000 0.727338683749 0.427971433962
0.000000000000 0.727338683749 0.427971433962
