0.638109407019 0.262078348720 0.420319145843
0.638109407019 0.262078348720 0.420319145843
0.638109407019 0.262078348720 0.420319145843
0.638109407019 0.262078348720 0.420319145843
0.638109407019 0.262078348720 0.420319145843
0.638109407019 0.262078348720 0.420319145843
0.600869662131 0.249728206890 0.298439847329
0.600869662131 0.249728206890 0.298439847329
0.600869662131 0.249728206890 0.298439847329
0.600869662131 0.249728206890 0.298439847329
0.600869662131 0.249728206890 0.298439847329
0.765976060486 0.268065739252 0.259387150347
0.765976060486 0.268065739252 0.259387150347
0.765976060486 0.268065739252 0.259387150347
0.765976060486 0.268065739252 0.259387150347
0.765976060486 0.268065739252 0.259387150347
0.765976060486 0.268065739252 0.259387150347
0.765976060486 0.268065739252 0.259387150347
0.765976060486 0.268065739252 0.259387150347
0.765976060486 0.268065739252 0.259387150347
0.765976060486 0.268065739252 0.259387150347
0.743369137727 0.280824209036 0.190860004103
0.743369137727 0.280824209036 0.190860004103
0.611102733181 0.219557802820 0.190061490497
0.611102733181 0.219557802820 0.190061490497
0.611102733181 0.219557802820 0.190061490497
0.611102733181 0.219557802820 0.190061490497
0.611102733181 0.219557802820 0.190061490497
0.611102733181 0.219557802820 0.190061490497
0.611102733181 0.219557802820 0.190061490497
0.611102733181 0.219557802820 0.190061490497
0.611102733181 0.219557802820 0.190061490497
0.611102733181 0.219557802820 0.190061490497
0.611102733181 0.219557802820 0.190061490497
0.611102733181 0.219557802820 0.190061490497
0.611102733181 0.219557802820 0.190061490497
0.611102733181 0.219557802820 0.190061490497
0.611102733181 0.219557802820 0.190061490497
0.611102733181 0.219557802820 0.190061490497
0.611102733181 0.219557802820 0.190061490497
0.611102733181 0.219557802820 0.190061490497
0.611102733181 0.219557802820 0.190061490497
0.611102733181 0.219557802820 0.190061490497
0.611102733181 0.219557802820 0.190061490497
0.611102733181 0.219557802820 0.190061490497
0.611102733181 0.219557802820 0.190061490497
0.611102733181 0.219557802820 0.190061490497
0.946950467806 0.320761380134 0.474611895052
0.771652346401 0.325774841504 0.234848629308
0.771652346401 0.325774841504 0.234848629308
0.771652346401 0.325774841504 0.234848629308
0.771652346401 0.325774841504 0.234848629308
0.771652346401 0.325774841504 0.234848629308
0.771652346401 0.325774841504 0.234848629308
0.771652346401 0.325774841504 0.234848629308
0.739271539022 0.264488196788 0.181073890233
0.739271539022 0.264488196788 0.181073890233
0.739271539022 0.264488196788 0.181073890233
0.739271539022 0.264488196788 0.181073890233
0.739271539022 0.264488196788 0.181073890233
0.739271539022 0.264488196788 0.181073890233
0.650478096460 0.235974038588 0.069236694610
0.650478096460 0.235974038588 0.069236694610
0.650478096460 0.235974038588 0.069236694610
0.650478096460 0.235974038588 0.069236694610
0.650478096460 0.235974038588 0.069236694610
0.650478096460 0.235974038588 0.069236694610
0.650478096460 0.235974038588 0.069236694610
0.650478096460 0.235974038588 0.069236694610
0.650478096460 0.235974038588 0.069236694610
0.650478096460 0.235974038588 0.069236694610
0.650478096460 0.235974038588 0.069236694610
0.650478096460 0.235974038588 0.069236694610
0.650478096460 0.235974038588 0.069236694610
0.650478096460 0.235974038588 0.069236694610
0.650478096460 0.235974038588 0.069236694610
0.650478096460 0.235974038588 0.069236694610
0.650478096460 0.235974038588 0.069236694610
0.650478096460 0.235974038588 0.069236694610
0.650478096460 0.235974038588 0.069236694610
0.650478096460 0.235974038588 0.069236694610
0.650478096460 0.235974038588 0.069236694610
0.650478096460 0.235974038588 0.069236694610
0.650478096460 0.235974038588 0.069236694610
0.651228045876 0.235301407670 0.069192507649
0.651228045876 0.235301407670 0.069192507649
0.651228045876 0.235301407670 0.069192507649
0.651228045876 0.235301407670 0.069192507649
0.651228045876 0.235301407670 0.069192507649
0.651228045876 0.235301407670 0.069192507649
0.651228045876 0.235301407670 0.069192507649
0.651228045876 0.235301407670 0.069192507649
0.651228045876 0.235301407670 0.069192507649
0.323896621618 0.189830916952 0.459214447735
0.323896621618 0.189830916952 0.459214447735
0.323896621618 0.189830916952 0.459214447735
0.323896621618 0.189830916952 0.459214447735
0.323896621618 0.189830916952 0.459214447735
0.323896621618 0.189830916952 0.459214447735
0.770356364666 0.298355109525 0.257156015891
0.770356364666 0.298355109525 0.257156015891
0.770356364666 0.298355109525 0.257156015891
0.770356364666 0.298355109525 0.257156015891
0.770356364666 0.298355109525 0.257156015891
0.770356364666 0.298355109525 0.257156015891
0.754186600245 0.279838426285 0.152626341713
0.754186600245 0.279838426285 0.152626341713
0.754186600245 0.279838426285 0.152626341713
0.754186600245 0.279838426285 0.152626341713
0.754186600245 0.279838426285 0.152626341713
0.754186600245 0.279838426285 0.152626341713
0.754186600245 0.279838426285 0.152626341713
0.754186600245 0.279838426285 0.152626341713
0.754186600245 0.279838426285 0.152626341713
0.754186600245 0.279838426285 0.152626341713
0.754186600245 0.279838426285 0.152626341713
0.754186600245 0.279838426285 0.152626341713
0.754186600245 0.279838426285 0.152626341713
0.754186600245 0.279838426285 0.152626341713
0.754186600245 0.279838426285 0.152626341713
0.754186600245 0.279838426285 0.152626341713
0.754186600245 0.279838426285 0.152626341713
0.754186600245 0.279838426285 0.152626341713
0.754186600245 0.279838426285 0.152626341713
0.754186600245 0.279838426285 0.152626341713
0.754186600245 0.279838426285 0.152626341713
0.754186600245 0.279838426285 0.152626341713
0.754186600245 0.279838426285 0.152626341713
0.754186600245 0.279838426285 0.152626341713
0.754186600245 0.279838426285 0.152626341713
0.754186600245 0.279838426285 0.152626341713
0.754186600245 0.279838426285 0.152626341713
0.754186600245 0.279838426285 0.152626341713
0.754186600245 0.279838426285 0.152626341713
0.683527460390 0.237385229762 0.144346734219
0.683527460390 0.237385229762 0.144346734219
0.660787424202 0.238167125595 0.050746992446
0.660787424202 0.238167125595 0.050746992446
0.690673548558 0.235027006692 0.204931881179
0.683450059683 0.236054244238 0.160833331493
0.683450059683 0.236054244238 0.160833331493
0.683450059683 0.236054244238 0.160833331493
0.683450059683 0.236054244238 0.160833331493
0.683450059683 0.236054244238 0.160833331493
0.683450059683 0.236054244238 0.160833331493
0.683450059683 0.236054244238 0.160833331493
0.683450059683 0.236054244238 0.160833331493
0.616767508563 0.231849700196 0.141940443255
0.616767508563 0.231849700196 0.141940443255
0.616767508563 0.231849700196 0.141940443255
0.616767508563 0.231849700196 0.141940443255
0.616767508563 0.231849700196 0.141940443255
0.616767508563 0.231849700196 0.141940443255
0.616767508563 0.231849700196 0.141940443255
0.616767508563 0.231849700196 0.141940443255
0.616767508563 0.231849700196 0.141940443255
0.616767508563 0.231849700196 0.141940443255
0.616767508563 0.231849700196 0.141940443255
0.616767508563 0.231849700196 0.141940443255
0.616767508563 0.231849700196 0.141940443255
0.616767508563 0.231849700196 0.141940443255
0.624505287806 0.231235165146 0.062097722524
0.624505287806 0.231235165146 0.062097722524
0.624505287806 0.231235165146 0.062097722524
0.624505287806 0.231235165146 0.062097722524
0.624505287806 0.231235165146 0.062097722524
0.624505287806 0.231235165146 0.062097722524
0.624505287806 0.231235165146 0.062097722524
0.624505287806 0.231235165146 0.062097722524
0.624505287806 0.231235165146 0.062097722524
0.624505287806 0.231235165146 0.062097722524
0.628128740738 0.232100561766 0.053390813861
0.628128740738 0.232100561766 0.053390813861
0.628128740738 0.232100561766 0.053390813861
0.628128740738 0.232100561766 0.053390813861
0.628128740738 0.232100561766 0.053390813861
0.633192307968 0.232658206714 0.049456054417
0.633192307968 0.232658206714 0.049456054417
0.633192307968 0.232658206714 0.049456054417
0.633192307968 0.232658206714 0.049456054417
0.633192307968 0.232658206714 0.049456054417
0.633192307968 0.232658206714 0.049456054417
0.633192307968 0.232658206714 0.049456054417
0.633192307968 0.232658206714 0.049456054417
0.411684960985 0.367072062069 0.641042212073
0.270707266244 0.461726556071 0.536813441157
0.000000000000 0.373709914457 0.509361366472
0.000000000000 0.373709914457 0.509361366472
0.000000000000 0.373709914457 0.509361366472
0.000000000000 0.373709914457 0.509361366472
0.000000000000 0.373709914457 0.509361366472
0.000000000000 0.373709914457 0.509361366472
0.000000000000 0.373709914457 0.509361366472
0.000000000000 0.373709914457 0.509361366472
0.000000000000 0.373709914457 0.509361366472
0.000000000000 0.373709914457 0.509361366472
0.000000000000 0.373709914457 0.509361366472
0.000000000000 0.373709914457 0.509361366472
0.000000000000 0.373709914457 0.509361366472
0.000000000000 0.331332945345 0.458062459359
0.000000000000 0.331332945345 0.458062459359
0.000000000000 0.331332945345 0.458062459359
0.000000000000 0.331332945345 0.458062459359
0.000000000000 0.331332945345 0.458062459359
0.000000000000 0.331332945345 0.458062459359
0.000000000000 0.331332945345 0.458062459359
0.000000000000 0.335509416290 0.455913318999
0.000000000000 0.335509416290 0.455913318999
0.000000000000 0.335509416290 0.455913318999
0.000000000000 0.335509416290 0.455913318999
0.000000000000 0.335509416290 0.455913318999
0.000000000000 0.335509416290 0.455913318999
0.014203797906 0.418408286271 0.386698675626
0.014203797906 0.418408286271 0.386698675626
0.014203797906 0.418408286271 0.386698675626
0.014203797906 0.418408286271 0.386698675626
0.014203797906 0.418408286271 0.386698675626
0.014203797906 0.418408286271 0.386698675626
0.014203797906 0.418408286271 0.386698675626
0.014203797906 0.418408286271 0.386698675626
0.014203797906 0.418408286271 0.386698675626
0.014203797906 0.418408286271 0.386698675626
0.014203797906 0.418408286271 0.386698675626
0.014203797906 0.418408286271 0.386698675626
0.014203797906 0.418408286271 0.386698675626
0.014203797906 0.418408286271 0.386698675626
0.014203797906 0.418408286271 0.386698675626
0.014203797906 0.418408286271 0.386698675626
0.014203797906 0.418408286271 0.386698675626
0.014203797906 0.418408286271 0.386698675626
0.259932512011 0.950886633218 0.550214813743
0.259932512011 0.950886633218 0.550214813743
0.259932512011 0.950886633218 0.550214813743
0.259932512011 0.950886633218 0.550214813743
0.259932512011 0.950886633218 0.550214813743
0.259932512011 0.950886633218 0.550214813743
0.259932512011 0.950886633218 0.550214813743
0.259932512011 0.950886633218 0.550214813743
0.118301012881 0.872762298764 0.521102632377
0.118301012881 0.872762298764 0.521102632377
0.064307187037 0.543652454422 0.454632350262
0.064307187037 0.543652454422 0.454632350262
0.064307187037 0.543652454422 0.454632350262
0.064307187037 0.543652454422 0.454632350262
0.064307187037 0.543652454422 0.454632350262
0.064307187037 0.543652454422 0.454632350262
0.064307187037 0.543652454422 0.454632350262
0.064307187037 0.543652454422 0.454632350262
0.064307187037 0.543652454422 0.454632350262
0.064307187037 0.543652454422 0.454632350262
0.064307187037 0.543652454422 0.454632350262
0.064307187037 0.543652454422 0.454632350262
0.064307187037 0.543652454422 0.454632350262
0.064307187037 0.543652454422 0.454632350262
0.064307187037 0.543652454422 0.454632350262
0.064307187037 0.543652454422 0.454632350262
0.064307187037 0.543652454422 0.454632350262
0.064307187037 0.543652454422 0.454632350262
0.064307187037 0.543652454422 0.454632350262
0.064307187037 0.543652454422 0.454632350262
0.064307187037 0.543652454422 0.454632350262
0.064307187037 0.543652454422 0.454632350262
0.064307187037 0.543652454422 0.454632350262
0.064307187037 0.543652454422 0.454632350262
0.064307187037 0.543652454422 0.454632350262
0.062518204481 0.535447625777 0.444493328241
0.062518204481 0.535447625777 0.444493328241
0.062518204481 0.535447625777 0.444493328241
0.062518204481 0.535447625777 0.444493328241
0.062518204481 0.535447625777 0.444493328241
0.062518204481 0.535447625777 0.444493328241
0.062518204481 0.535447625777 0.444493328241
0.062518204481 0.535447625777 0.444493328241
0.250174049537 0.226237928652 0.560630927174
0.079366221337 0.339354400347 0.548742456409
0.079366221337 0.339354400347 0.548742456409
0.079366221337 0.339354400347 0.548742456409
0.079366221337 0.339354400347 0.548742456409
0.000000000000 0.320519263131 0.503686365821
0.000000000000 0.320519263131 0.503686365821
0.691032145700 0.241545089402 0.154375959007
0.691032145700 0.241545089402 0.154375959007
0.691032145700 0.241545089402 0.154375959007
0.691032145700 0.241545089402 0.154375959007
0.691032145700 0.241545089402 0.154375959007
0.691032145700 0.241545089402 0.154375959007
0.691032145700 0.241545089402 0.154375959007
0.691032145700 0.241545089402 0.154375959007
0.691032145700 0.241545089402 0.154375959007
0.691032145700 0.241545089402 0.154375959007
0.691032145700 0.241545089402 0.154375959007
0.691032145700 0.241545089402 0.154375959007
0.691032145700 0.241545089402 0.154375959007
0.691032145700 0.241545089402 0.154375959007
0.691032145700 0.241545089402 0.154375959007
0.691032145700 0.241545089402 0.154375959007
0.691032145700 0.241545089402 0.154375959007
0.691032145700 0.241545089402 0.154375959007
0.691032145700 0.241545089402 0.154375959007
0.691032145700 0.241545089402 0.154375959007
0.691032145700 0.241545089402 0.154375959007
0.691032145700 0.241545089402 0.154375959007
0.691032145700 0.241545089402 0.154375959007
0.691032145700 0.241545089402 0.154375959007
0.691032145700 0.241545089402 0.154375959007
0.691032145700 0.241545089402 0.154375959007
0.691032145700 0.241545089402 0.154375959007
0.691032145700 0.241545089402 0.154375959007
0.691032145700 0.241545089402 0.154375959007
0.691032145700 0.241545089402 0.154375959007
0.691032145700 0.241545089402 0.154375959007
0.737844955706 0.270207030563 0.147499011976
0.737844955706 0.270207030563 0.147499011976
0.669806731436 0.247392896219 0.111466798281
0.669806731436 0.247392896219 0.111466798281
0.669806731436 0.247392896219 0.111466798281
0.669806731436 0.247392896219 0.111466798281
0.669806731436 0.247392896219 0.111466798281
0.203670605542 0.169239783325 0.576087130349
0.203670605542 0.169239783325 0.576087130349
0.122007151186 0.498092945396 0.522209345819
0.122007151186 0.498092945396 0.522209345819
0.000000000000 0.729111355748 0.429804678032
0.000000000000 0.729111355748 0.429804678032
0.000000000000 0.729111355748 0.429804678032
0.000000000000 0.729111355748 0.429804678032
0.000000000000 0.729111355748 0.429804678032
0.000000000000 0.729111355748 0.429804678032
0.000000000000 0.729111355748 0.429804678032
0.000000000000 0.729111355748 0.429804678032
0.000000000000 0.729111355748 0.429804678032
0.000000000000 0.729111355748 0.429804678032
0.000000000000 0.729111355748 0.429804678032
0.000000000000 0.729111355748 0.429804678032
0.000000000000 0.729111355748 0.429804678032
0.000000000000 0.729111355748 0.429804678032
0.000000000000 0.729111355748 0.429804678032
0.000000000000 0.729111355748 0.429804678032
0.000000000000 0.729111355748 0.429804678032
0.000000000000 0.729111355748 0.429804678032
0.000000000000 0.729111355748 0.429804678032
0.000000000000 0.729111355748 0.429804678032
0.000000000000 0.729111355748 0.429804678032
0.000000000000 0.729111355748 0.429804678032
0.000000000000 0.729111355748 0.429804678032
0.000000000000 0.729111355748 0.429804678032
0.000000000000 0.729111355748 0.429804678032
0.000000000000 0.729111355748 0.429804678032
0.000000000000 0.729111355748 0.429804678032
0.000000000000 0.729111355748 0.429804678032
0.000000000000 0.729111355748 0.429804678032
0.000000000000 0.729111355748 0.429804678032
0.000000000000 0.729111355748 0.429804678032
0.000000000000 0.729111355748 0.429804678032
0.000000000000 0.729111355748 0.429804678032
0.000000000000 0.729111355748 0.429804678032
0.000000000000 0.729111355748 0.429804678032
0.000000000000 0.729111355748 0.429804678032
0.000000000000 0.729111355748 0.429804678032
0.000000000000 0.729111355748 0.429804678032
0.599333316667 0.298321961795 0.611243010907
0.749139007956 0.306684454165 0.282336342824
0.749139007956 0.306684454165 0.282336342824
0.685907984994 0.288580504661 0.263101931796
0.722953977549 0.253362909102 0.201035992342
0.722953977549 0.253362909102 0.201035992342
0.722953977549 0.253362909102 0.201035992342
0.722953977549 0.253362909102 0.201035992342
0.722953977549 0.253362909102 0.201035992342
0.722953977549 0.253362909102 0.201035992342
0.722953977549 0.253362909102 0.201035992342
0.722953977549 0.253362909102 0.201035992342
0.722953977549 0.253362909102 0.201035992342
0.722953977549 0.253362909102 0.201035992342
0.713872465412 0.251781740902 0.171556049228
0.713872465412 0.251781740902 0.171556049228
0.713872465412 0.251781740902 0.171556049228
0.713872465412 0.251781740902 0.171556049228
0.713872465412 0.251781740902 0.171556049228
0.713872465412 0.251781740902 0.171556049228
0.713872465412 0.251781740902 0.171556049228
0.713872465412 0.251781740902 0.171556049228
0.713872465412 0.251781740902 0.171556049228
0.713872465412 0.251781740902 0.171556049228
0.713872465412 0.251781740902 0.171556049228
0.713872465412 0.251781740902 0.171556049228
0.713872465412 0.251781740902 0.171556049228
0.713872465412 0.251781740902 0.171556049228
0.713872465412 0.251781740902 0.171556049228
0.713872465412 0.251781740902 0.171556049228
0.713872465412 0.251781740902 0.171556049228
0.713872465412 0.251781740902 0.171556049228
0.713872465412 0.251781740902 0.171556049228
0.713872465412 0.251781740902 0.171556049228
0.713872465412 0.251781740902 0.171556049228
0.713872465412 0.251781740902 0.171556049228
0.713872465412 0.251781740902 0.171556049228
0.713872465412 0.251781740902 0.171556049228
0.713872465412 0.251781740902 0.171556049228
0.713872465412 0.251781740902 0.171556049228
0.713872465412 0.251781740902 0.171556049228
0.713872465412 0.251781740902 0.171556049228
0.713872465412 0.251781740902 0.171556049228
0.713872465412 0.251781740902 0.171556049228
0.084293807882 0.104269199050 0.398358723032
0.084293807882 0.104269199050 0.398358723032
0.084293807882 0.104269199050 0.398358723032
0.084293807882 0.104269199050 0.398358723032
0.084293807882 0.104269199050 0.398358723032
0.084293807882 0.104269199050 0.398358723032
0.084293807882 0.104269199050 0.398358723032
0.084293807882 0.104269199050 0.398358723032
0.000000000000 0.120022272665 0.379038323077
0.000000000000 0.120022272665 0.379038323077
0.000000000000 0.120022272665 0.379038323077
0.000000000000 0.120022272665 0.379038323077
0.000000000000 0.120022272665 0.379038323077
0.000000000000 0.120022272665 0.379038323077
0.000000000000 0.120022272665 0.379038323077
0.000000000000 0.120022272665 0.379038323077
0.000000000000 0.120022272665 0.379038323077
0.000000000000 0.120022272665 0.379038323077
0.000000000000 0.120022272665 0.379038323077
0.000000000000 0.120022272665 0.379038323077
0.000000000000 0.120022272665 0.379038323077
0.000000000000 0.120022272665 0.379038323077
0.742335318539 0.262550357061 0.206272971155
0.742335318539 0.262550357061 0.206272971155
0.742335318539 0.262550357061 0.206272971155
0.703280230727 0.257174087602 0.135620496991
0.703280230727 0.257174087602 0.135620496991
0.703280230727 0.257174087602 0.135620496991
0.703280230727 0.257174087602 0.135620496991
0.703280230727 0.257174087602 0.135620496991
0.703280230727 0.257174087602 0.135620496991
0.703280230727 0.257174087602 0.135620496991
0.703280230727 0.257174087602 0.135620496991
0.703280230727 0.257174087602 0.135620496991
0.703280230727 0.257174087602 0.135620496991
0.703280230727 0.257174087602 0.135620496991
0.703280230727 0.257174087602 0.135620496991
0.703280230727 0.257174087602 0.135620496991
0.703280230727 0.257174087602 0.135620496991
0.703280230727 0.257174087602 0.135620496991
0.458710101858 0.167068069730 0.131909356009
0.458710101858 0.167068069730 0.131909356009
0.458710101858 0.167068069730 0.131909356009
0.458710101858 0.167068069730 0.131909356009
0.458710101858 0.167068069730 0.131909356009
0.707740185967 0.269638107334 0.232544302988
0.707740185967 0.269638107334 0.232544302988
0.707740185967 0.269638107334 0.232544302988
0.707740185967 0.269638107334 0.232544302988
0.707740185967 0.269638107334 0.232544302988
0.707740185967 0.269638107334 0.232544302988
0.707740185967 0.269638107334 0.232544302988
0.707740185967 0.269638107334 0.232544302988
0.709237851787 0.269864000844 0.228011154201
0.709237851787 0.269864000844 0.228011154201
0.709237851787 0.269864000844 0.228011154201
0.709237851787 0.269864000844 0.228011154201
0.709237851787 0.269864000844 0.228011154201
0.709237851787 0.269864000844 0.228011154201
0.709237851787 0.269864000844 0.228011154201
0.709237851787 0.269864000844 0.228011154201
0.709237851787 0.269864000844 0.228011154201
0.711425786488 0.268665914431 0.213539829867
0.711425786488 0.268665914431 0.213539829867
0.711425786488 0.268665914431 0.213539829867
0.711425786488 0.268665914431 0.213539829867
0.711425786488 0.268665914431 0.213539829867
0.711425786488 0.268665914431 0.213539829867
0.715278745502 0.268773247526 0.206782976427
0.715278745502 0.268773247526 0.206782976427
0.715278745502 0.268773247526 0.206782976427
0.715278745502 0.268773247526 0.206782976427
0.715278745502 0.268773247526 0.206782976427
0.715278745502 0.268773247526 0.206782976427
0.715278745502 0.268773247526 0.206782976427
0.715278745502 0.268773247526 0.206782976427
0.715278745502 0.268773247526 0.206782976427
0.715278745502 0.268773247526 0.206782976427
0.715278745502 0.268773247526 0.206782976427
0.715278745502 0.268773247526 0.206782976427
0.715278745502 0.268773247526 0.206782976427
0.715278745502 0.268773247526 0.206782976427
0.715278745502 0.268773247526 0.206782976427
0.705777339927 0.251457784458 0.139818911997
0.705777339927 0.251457784458 0.139818911997
0.705777339927 0.251457784458 0.139818911997
0.705777339927 0.251457784458 0.139818911997
0.705777339927 0.251457784458 0.139818911997
0.705777339927 0.251457784458 0.139818911997
0.705777339927 0.251457784458 0.139818911997
0.705777339927 0.251457784458 0.139818911997
0.657949170422 0.692955770099 0.643657699499
0.416920221777 0.747963185248 0.640862742757
0.416920221777 0.747963185248 0.640862742757
0.403788600109 0.792570985398 0.598245555441
0.391551282346 0.636329083249 0.590777842829
0.391551282346 0.636329083249 0.590777842829
