0.882007290407 0.033946984767 0.508644458681
0.882007290407 0.033946984767 0.508644458681
0.882007290407 0.033946984767 0.508644458681
0.982257609445 0.211055339781 0.476893862398
0.955832701404 0.215220596330 0.468740256994
0.955832701404 0.215220596330 0.468740256994
0.955832701404 0.215220596330 0.468740256994
0.955832701404 0.215220596330 0.468740256994
0.955832701404 0.215220596330 0.468740256994
0.955832701404 0.215220596330 0.468740256994
0.955832701404 0.215220596330 0.468740256994
0.955832701404 0.215220596330 0.468740256994
0.955832701404 0.215220596330 0.468740256994
0.568112683397 0.181133158918 0.181731423985
0.568112683397 0.181133158918 0.181731423985
0.568112683397 0.181133158918 0.181731423985
0.568112683397 0.181133158918 0.181731423985
0.568112683397 0.181133158918 0.181731423985
0.568112683397 0.181133158918 0.181731423985
0.568112683397 0.181133158918 0.181731423985
0.568112683397 0.181133158918 0.181731423985
0.568112683397 0.181133158918 0.181731423985
0.568112683397 0.181133158918 0.181731423985
0.568112683397 0.181133158918 0.181731423985
0.568112683397 0.181133158918 0.181731423985
0.568112683397 0.181133158918 0.181731423985
0.568112683397 0.181133158918 0.181731423985
0.568112683397 0.181133158918 0.181731423985
0.568112683397 0.181133158918 0.181731423985
0.568112683397 0.181133158918 0.181731423985
0.568112683397 0.181133158918 0.181731423985
0.568112683397 0.181133158918 0.181731423985
0.568112683397 0.181133158918 0.181731423985
0.568112683397 0.181133158918 0.181731423985
0.568112683397 0.181133158918 0.181731423985
0.568112683397 0.181133158918 0.181731423985
0.568112683397 0.181133158918 0.181731423985
0.568112683397 0.181133158918 0.181731423985
0.568112683397 0.181133158918 0.181731423985
0.568112683397 0.181133158918 0.181731423985
0.568112683397 0.181133158918 0.181731423985
0.568112683397 0.181133158918 0.181731423985
0.568112683397 0.181133158918 0.181731423985
0.568112683397 0.181133158918 0.181731423985
0.568112683397 0.181133158918 0.181731423985
0.568112683397 0.181133158918 0.181731423985
0.568112683397 0.181133158918 0.181731423985
0.568112683397 0.181133158918 0.181731423985
0.568112683397 0.181133158918 0.181731423985
0.568112683397 0.181133158918 0.181731423985
0.574532957477 0.183527917054 0.182898999687
0.574532957477 0.183527917054 0.182898999687
0.574532957477 0.183527917054 0.182898999687
0.574532957477 0.183527917054 0.182898999687
0.572003310499 0.186895495243 0.133046131656
0.572003310499 0.186895495243 0.133046131656
0.572003310499 0.186895495243 0.133046131656
0.572003310499 0.186895495243 0.133046131656
0.572003310499 0.186895495243 0.133046131656
0.572003310499 0.186895495243 0.133046131656
0.547828965205 0.181776140871 0.112335647313
0.547828965205 0.181776140871 0.112335647313
0.547828965205 0.181776140871 0.112335647313
0.422016195379 0.160602203303 0.051582708883
0.422016195379 0.160602203303 0.051582708883
0.412823130398 0.156999921066 0.043642412572
0.412823130398 0.156999921066 0.043642412572
0.412823130398 0.156999921066 0.043642412572
0.412823130398 0.156999921066 0.043642412572
0.412823130398 0.156999921066 0.043642412572
0.412823130398 0.156999921066 0.043642412572
0.412823130398 0.156999921066 0.043642412572
0.412823130398 0.156999921066 0.043642412572
0.407015940984 0.158619627634 0.030843150019
0.407015940984 0.158619627634 0.030843150019
0.407015940984 0.158619627634 0.030843150019
0.407015940984 0.158619627634 0.030843150019
0.407015940984 0.158619627634 0.030843150019
0.407015940984 0.158619627634 0.030843150019
0.407015940984 0.158619627634 0.030843150019
0.407015940984 0.158619627634 0.030843150019
0.407015940984 0.158619627634 0.030843150019
0.407015940984 0.158619627634 0.030843150019
0.407015940984 0.158619627634 0.030843150019
0.407015940984 0.158619627634 0.030843150019
0.407015940984 0.158619627634 0.030843150019
0.407015940984 0.158619627634 0.030843150019
0.407015940984 0.158619627634 0.030843150019
0.407015940984 0.158619627634 0.030843150019
0.407015940984 0.158619627634 0.030843150019
0.407015940984 0.158619627634 0.030843150019
0.407015940984 0.158619627634 0.030843150019
0.407015940984 0.158619627634 0.030843150019
0.407015940984 0.158619627634 0.030843150019
0.407015940984 0.158619627634 0.030843150019
0.407015940984 0.158619627634 0.030843150019
0.407015940984 0.158619627634 0.030843150019
0.407015940984 0.158619627634 0.030843150019
0.848936602635 0.605453990509 0.605249881807
0.848936602635 0.605453990509 0.605249881807
0.848936602635 0.605453990509 0.605249881807
0.848936602635 0.605453990509 0.605249881807
0.859464715898 0.447782933599 0.441244404763
0.861089980299 0.369292206175 0.140029076188
0.861089980299 0.369292206175 0.140029076188
0.861089980299 0.369292206175 0.140029076188
0.861089980299 0.369292206175 0.140029076188
0.861089980299 0.369292206175 0.140029076188
0.861089980299 0.369292206175 0.140029076188
0.932683971149 0.447548068761 0.130411796642
0.932683971149 0.447548068761 0.130411796642
0.932683971149 0.447548068761 0.130411796642
0.932683971149 0.447548068761 0.130411796642
0.932683971149 0.447548068761 0.130411796642
0.932683971149 0.447548068761 0.130411796642
0.932683971149 0.447548068761 0.130411796642
0.932683971149 0.447548068761 0.130411796642
0.932683971149 0.447548068761 0.130411796642
0.932683971149 0.447548068761 0.130411796642
0.932683971149 0.447548068761 0.130411796642
0.932683971149 0.447548068761 0.130411796642
0.932683971149 0.447548068761 0.130411796642
0.932683971149 0.447548068761 0.130411796642
0.932683971149 0.447548068761 0.130411796642
0.819189357610 0.341988827680 0.130036632099
0.819189357610 0.341988827680 0.130036632099
0.819189357610 0.341988827680 0.130036632099
0.819189357610 0.341988827680 0.130036632099
0.819189357610 0.341988827680 0.130036632099
0.819189357610 0.341988827680 0.130036632099
0.819189357610 0.341988827680 0.130036632099
0.819189357610 0.341988827680 0.130036632099
0.819189357610 0.341988827680 0.130036632099
0.819189357610 0.341988827680 0.130036632099
0.819189357610 0.341988827680 0.130036632099
0.819189357610 0.341988827680 0.130036632099
0.819189357610 0.341988827680 0.130036632099
0.819189357610 0.341988827680 0.130036632099
0.819189357610 0.341988827680 0.130036632099
0.819189357610 0.341988827680 0.130036632099
0.819189357610 0.341988827680 0.130036632099
0.819189357610 0.341988827680 0.130036632099
0.505656322609 0.938675647163 0.782042329791
0.505656322609 0.938675647163 0.782042329791
0.540940053971 0.939252079076 0.602076626992
0.325598222166 0.924857825160 0.552740311182
0.325598222166 0.924857825160 0.552740311182
0.274928173196 0.916396381861 0.540191113125
0.274928173196 0.916396381861 0.540191113125
0.274928173196 0.916396381861 0.540191113125
0.274928173196 0.916396381861 0.540191113125
0.274928173196 0.916396381861 0.540191113125
0.274928173196 0.916396381861 0.540191113125
0.274928173196 0.916396381861 0.540191113125
0.274928173196 0.916396381861 0.540191113125
0.274928173196 0.916396381861 0.540191113125
0.274928173196 0.916396381861 0.540191113125
0.274928173196 0.916396381861 0.540191113125
0.274928173196 0.916396381861 0.540191113125
0.274928173196 0.916396381861 0.540191113125
0.274928173196 0.916396381861 0.540191113125
0.274928173196 0.916396381861 0.540191113125
0.171770404825 0.800548706695 0.528355804712
0.000000000000 0.585765137637 0.527577872837
0.000000000000 0.357989859424 0.521606472573
0.000000000000 0.357989859424 0.521606472573
0.000000000000 0.352786081622 0.492670740423
0.000000000000 0.352786081622 0.492670740423
0.000000000000 0.352786081622 0.492670740423
0.000000000000 0.339414759794 0.455854734303
0.000000000000 0.339414759794 0.455854734303
0.000000000000 0.339414759794 0.455854734303
0.000000000000 0.339414759794 0.455854734303
0.000000000000 0.339414759794 0.455854734303
0.000000000000 0.339414759794 0.455854734303
0.000000000000 0.339414759794 0.455854734303
0.000000000000 0.339414759794 0.455854734303
0.000000000000 0.339414759794 0.455854734303
0.000000000000 0.339414759794 0.455854734303
0.000000000000 0.339414759794 0.455854734303
0.000000000000 0.339414759794 0.455854734303
0.000000000000 0.339414759794 0.455854734303
0.000000000000 0.339414759794 0.455854734303
0.000000000000 0.339414759794 0.455854734303
0.000000000000 0.339414759794 0.455854734303
0.000000000000 0.339414759794 0.455854734303
0.000000000000 0.339414759794 0.455854734303
0.000000000000 0.339414759794 0.455854734303
0.000000000000 0.339414759794 0.455854734303
0.000000000000 0.339414759794 0.455854734303
0.879955050548 0.452768357753 0.374306924469
0.879955050548 0.452768357753 0.374306924469
0.879955050548 0.452768357753 0.374306924469
0.879955050548 0.452768357753 0.374306924469
0.879955050548 0.452768357753 0.374306924469
0.879955050548 0.452768357753 0.374306924469
0.879955050548 0.452768357753 0.374306924469
0.879955050548 0.452768357753 0.374306924469
0.879955050548 0.452768357753 0.374306924469
0.971310162483 0.456335435889 0.361889181462
0.971310162483 0.456335435889 0.361889181462
0.971310162483 0.456335435889 0.361889181462
0.971310162483 0.456335435889 0.361889181462
0.971310162483 0.456335435889 0.361889181462
0.971310162483 0.456335435889 0.361889181462
0.971310162483 0.456335435889 0.361889181462
0.971310162483 0.456335435889 0.361889181462
0.985761195870 0.467282355648 0.360140166019
0.985761195870 0.467282355648 0.360140166019
0.985761195870 0.467282355648 0.360140166019
0.985761195870 0.467282355648 0.360140166019
0.969021539233 0.471140761377 0.273065416647
0.969021539233 0.471140761377 0.273065416647
0.969021539233 0.471140761377 0.273065416647
0.954971879036 0.456463123653 0.256649943377
0.954971879036 0.456463123653 0.256649943377
0.954971879036 0.456463123653 0.256649943377
0.954971879036 0.456463123653 0.256649943377
0.954971879036 0.456463123653 0.256649943377
0.954971879036 0.456463123653 0.256649943377
0.954971879036 0.456463123653 0.256649943377
0.954971879036 0.456463123653 0.256649943377
0.954971879036 0.456463123653 0.256649943377
0.954971879036 0.456463123653 0.256649943377
0.954971879036 0.456463123653 0.256649943377
0.954971879036 0.456463123653 0.256649943377
0.954971879036 0.456463123653 0.256649943377
0.954971879036 0.456463123653 0.256649943377
0.954971879036 0.456463123653 0.256649943377
0.954971879036 0.456463123653 0.256649943377
0.951490665306 0.454765821665 0.243100795144
0.951490665306 0.454765821665 0.243100795144
0.951490665306 0.454765821665 0.243100795144
0.951490665306 0.454765821665 0.243100795144
0.836563399496 0.317703026262 0.225679272374
0.826861222668 0.339948968358 0.082219142036
0.826861222668 0.339948968358 0.082219142036
0.446117593342 0.188364332862 0.393371934615
0.446117593342 0.188364332862 0.393371934615
0.446117593342 0.188364332862 0.393371934615
0.446117593342 0.188364332862 0.393371934615
0.446117593342 0.188364332862 0.393371934615
0.446117593342 0.188364332862 0.393371934615
0.446117593342 0.188364332862 0.393371934615
0.446117593342 0.188364332862 0.393371934615
0.446117593342 0.188364332862 0.393371934615
0.446117593342 0.188364332862 0.393371934615
0.446117593342 0.188364332862 0.393371934615
0.446117593342 0.188364332862 0.393371934615
0.446117593342 0.188364332862 0.393371934615
0.446117593342 0.188364332862 0.393371934615
0.436064137745 0.157678619499 0.082964373829
0.436064137745 0.157678619499 0.082964373829
0.436064137745 0.157678619499 0.082964373829
0.436064137745 0.157678619499 0.082964373829
0.436064137745 0.157678619499 0.082964373829
0.436064137745 0.157678619499 0.082964373829
0.436064137745 0.157678619499 0.082964373829
0.436064137745 0.157678619499 0.082964373829
0.436064137745 0.157678619499 0.082964373829
0.436064137745 0.157678619499 0.082964373829
0.436064137745 0.157678619499 0.082964373829
0.436064137745 0.157678619499 0.082964373829
0.436064137745 0.157678619499 0.082964373829
0.436064137745 0.157678619499 0.082964373829
0.436064137745 0.157678619499 0.082964373829
0.436064137745 0.157678619499 0.082964373829
0.436064137745 0.157678619499 0.082964373829
0.436064137745 0.157678619499 0.082964373829
0.436064137745 0.157678619499 0.082964373829
0.436064137745 0.157678619499 0.082964373829
0.436064137745 0.157678619499 0.082964373829
0.436064137745 0.157678619499 0.082964373829
0.436064137745 0.157678619499 0.082964373829
0.436064137745 0.157678619499 0.082964373829
0.436064137745 0.157678619499 0.082964373829
0.436064137745 0.157678619499 0.082964373829
0.436064137745 0.157678619499 0.082964373829
0.436064137745 0.157678619499 0.082964373829
0.976403382888 0.704056295188 0.545836788956
0.976403382888 0.704056295188 0.545836788956
0.976403382888 0.704056295188 0.545836788956
0.976403382888 0.704056295188 0.545836788956
0.976403382888 0.704056295188 0.545836788956
0.976403382888 0.704056295188 0.545836788956
0.974433461711 0.641688255823 0.529613582549
0.974433461711 0.641688255823 0.529613582549
0.974433461711 0.641688255823 0.529613582549
0.974433461711 0.641688255823 0.529613582549
0.857646756666 0.393325219521 0.196441933651
0.857646756666 0.393325219521 0.196441933651
0.857646756666 0.393325219521 0.196441933651
0.857646756666 0.393325219521 0.196441933651
0.857646756666 0.393325219521 0.196441933651
0.857646756666 0.393325219521 0.196441933651
0.857646756666 0.393325219521 0.196441933651
0.857646756666 0.393325219521 0.196441933651
0.857646756666 0.393325219521 0.196441933651
0.857646756666 0.393325219521 0.196441933651
0.857646756666 0.393325219521 0.196441933651
0.857646756666 0.393325219521 0.196441933651
0.857646756666 0.393325219521 0.196441933651
0.857646756666 0.393325219521 0.196441933651
0.857646756666 0.393325219521 0.196441933651
0.857646756666 0.393325219521 0.196441933651
0.857646756666 0.393325219521 0.196441933651
0.857646756666 0.393325219521 0.196441933651
0.857646756666 0.393325219521 0.196441933651
0.857646756666 0.393325219521 0.196441933651
0.857646756666 0.393325219521 0.196441933651
0.857646756666 0.393325219521 0.196441933651
0.820392937497 0.325737214433 0.134356141261
0.820392937497 0.325737214433 0.134356141261
0.820392937497 0.325737214433 0.134356141261
0.820392937497 0.325737214433 0.134356141261
0.820392937497 0.325737214433 0.134356141261
0.820392937497 0.325737214433 0.134356141261
0.820392937497 0.325737214433 0.134356141261
0.820392937497 0.325737214433 0.134356141261
0.820392937497 0.325737214433 0.134356141261
0.820392937497 0.325737214433 0.134356141261
0.820392937497 0.325737214433 0.134356141261
0.049536682514 0.844164288172 0.518887328363
0.049536682514 0.844164288172 0.518887328363
0.048870642861 0.832269151683 0.486747562059
0.048870642861 0.832269151683 0.486747562059
0.048870642861 0.832269151683 0.486747562059
0.048870642861 0.832269151683 0.486747562059
0.048870642861 0.832269151683 0.486747562059
0.048870642861 0.832269151683 0.486747562059
0.048870642861 0.832269151683 0.486747562059
0.048870642861 0.832269151683 0.486747562059
0.048870642861 0.832269151683 0.486747562059
0.048870642861 0.832269151683 0.486747562059
0.048870642861 0.832269151683 0.486747562059
0.048870642861 0.832269151683 0.486747562059
0.048870642861 0.832269151683 0.486747562059
0.048870642861 0.832269151683 0.486747562059
0.048870642861 0.832269151683 0.486747562059
0.048870642861 0.832269151683 0.486747562059
0.048870642861 0.832269151683 0.486747562059
0.048870642861 0.832269151683 0.486747562059
0.048870642861 0.832269151683 0.486747562059
0.048870642861 0.832269151683 0.486747562059
0.048870642861 0.832269151683 0.486747562059
0.048870642861 0.832269151683 0.486747562059
0.048870642861 0.832269151683 0.486747562059
0.048870642861 0.832269151683 0.486747562059
0.023869331179 0.761277639063 0.480519975052
0.023869331179 0.761277639063 0.480519975052
0.023869331179 0.761277639063 0.480519975052
0.023869331179 0.761277639063 0.480519975052
0.023869331179 0.761277639063 0.480519975052
0.023869331179 0.761277639063 0.480519975052
0.023869331179 0.761277639063 0.480519975052
0.023869331179 0.761277639063 0.480519975052
0.023869331179 0.761277639063 0.480519975052
0.023869331179 0.761277639063 0.480519975052
0.023869331179 0.761277639063 0.480519975052
0.055834519170 0.913163541041 0.473260344148
0.055834519170 0.913163541041 0.473260344148
0.055834519170 0.913163541041 0.473260344148
0.055834519170 0.913163541041 0.473260344148
0.055834519170 0.913163541041 0.473260344148
0.055834519170 0.913163541041 0.473260344148
0.055834519170 0.913163541041 0.473260344148
0.055834519170 0.913163541041 0.473260344148
0.257340035992 0.238022007218 0.585737702533
0.257575699768 0.480360015251 0.535479543180
0.257575699768 0.480360015251 0.535479543180
0.257575699768 0.480360015251 0.535479543180
0.257575699768 0.480360015251 0.535479543180
0.257575699768 0.480360015251 0.535479543180
0.257575699768 0.480360015251 0.535479543180
0.257575699768 0.480360015251 0.535479543180
0.257575699768 0.480360015251 0.535479543180
0.308173663918 0.125045252792 0.183903997510
0.308173663918 0.125045252792 0.183903997510
0.308173663918 0.125045252792 0.183903997510
0.308173663918 0.125045252792 0.183903997510
0.308173663918 0.125045252792 0.183903997510
0.308173663918 0.125045252792 0.183903997510
0.290997784667 0.133262833657 0.131719549997
0.290997784667 0.133262833657 0.131719549997
0.290997784667 0.133262833657 0.131719549997
0.290997784667 0.133262833657 0.131719549997
0.290997784667 0.133262833657 0.131719549997
0.290997784667 0.133262833657 0.131719549997
0.290997784667 0.133262833657 0.131719549997
0.290997784667 0.133262833657 0.131719549997
0.290997784667 0.133262833657 0.131719549997
0.290997784667 0.133262833657 0.131719549997
0.290997784667 0.133262833657 0.131719549997
0.290997784667 0.133262833657 0.131719549997
0.290997784667 0.133262833657 0.131719549997
0.290997784667 0.133262833657 0.131719549997
0.290997784667 0.133262833657 0.131719549997
0.290997784667 0.133262833657 0.131719549997
0.290997784667 0.133262833657 0.131719549997
0.290997784667 0.133262833657 0.131719549997
0.290997784667 0.133262833657 0.131719549997
0.290997784667 0.133262833657 0.131719549997
0.290997784667 0.133262833657 0.131719549997
0.290997784667 0.133262833657 0.131719549997
0.290997784667 0.133262833657 0.131719549997
0.290997784667 0.133262833657 0.131719549997
0.290997784667 0.133262833657 0.131719549997
0.290997784667 0.133262833657 0.131719549997
0.290997784667 0.133262833657 0.131719549997
0.290997784667 0.133262833657 0.131719549997
0.454140796865 0.076519619300 0.491637265580
0.454140796865 0.076519619300 0.491637265580
0.327071486367 0.199233771300 0.479313220425
0.327071486367 0.199233771300 0.479313220425
0.327071486367 0.199233771300 0.479313220425
0.253262369750 0.142440200215 0.417910110286
0.253262369750 0.142440200215 0.417910110286
0.253262369750 0.142440200215 0.417910110286
0.253262369750 0.142440200215 0.417910110286
0.253262369750 0.142440200215 0.417910110286
0.252291034689 0.120480630665 0.267059708737
0.252291034689 0.120480630665 0.267059708737
0.252291034689 0.120480630665 0.267059708737
0.252291034689 0.120480630665 0.267059708737
0.252291034689 0.120480630665 0.267059708737
0.252291034689 0.120480630665 0.267059708737
0.252291034689 0.120480630665 0.267059708737
0.252291034689 0.120480630665 0.267059708737
0.252291034689 0.120480630665 0.267059708737
0.252291034689 0.120480630665 0.267059708737
0.252291034689 0.120480630665 0.267059708737
0.252291034689 0.120480630665 0.267059708737
0.252291034689 0.120480630665 0.267059708737
0.252291034689 0.120480630665 0.267059708737
0.252291034689 0.120480630665 0.267059708737
0.259904487682 0.117628211472 0.210023135192
0.259904487682 0.117628211472 0.210023135192
0.259904487682 0.117628211472 0.210023135192
0.259904487682 0.117628211472 0.210023135192
0.259904487682 0.117628211472 0.210023135192
0.259904487682 0.117628211472 0.210023135192
0.259904487682 0.117628211472 0.210023135192
0.259904487682 0.117628211472 0.210023135192
0.259904487682 0.117628211472 0.210023135192
0.259904487682 0.117628211472 0.210023135192
0.259904487682 0.117628211472 0.210023135192
0.259904487682 0.117628211472 0.210023135192
0.259904487682 0.117628211472 0.210023135192
0.259904487682 0.117628211472 0.210023135192
0.259904487682 0.117628211472 0.210023135192
0.259904487682 0.117628211472 0.210023135192
0.265520360566 0.117631671977 0.193407268646
0.265520360566 0.117631671977 0.193407268646
0.265520360566 0.117631671977 0.193407268646
0.265520360566 0.117631671977 0.193407268646
0.316287267092 0.716261735137 0.556981432025
0.316287267092 0.716261735137 0.556981432025
0.316287267092 0.716261735137 0.556981432025
0.316287267092 0.716261735137 0.556981432025
0.000000000000 0.497974714448 0.503901142999
0.000000000000 0.497974714448 0.503901142999
0.000000000000 0.497974714448 0.503901142999
0.000000000000 0.497974714448 0.503901142999
0.000000000000 0.497974714448 0.503901142999
0.000000000000 0.497974714448 0.503901142999
0.000000000000 0.506259314006 0.481641363360
0.000000000000 0.506259314006 0.481641363360
0.000000000000 0.506259314006 0.481641363360
0.000000000000 0.506259314006 0.481641363360
0.000000000000 0.506259314006 0.481641363360
0.000000000000 0.506259314006 0.481641363360
0.000000000000 0.506259314006 0.481641363360
0.000000000000 0.506259314006 0.481641363360
0.000000000000 0.506259314006 0.481641363360
0.000000000000 0.506259314006 0.481641363360
0.000000000000 0.506259314006 0.481641363360
0.000000000000 0.506259314006 0.481641363360
0.000000000000 0.506259314006 0.481641363360
0.000000000000 0.506259314006 0.481641363360
0.000000000000 0.506259314006 0.481641363360
0.000000000000 0.344697834199 0.461222805879
0.000000000000 0.344697834199 0.461222805879
0.000000000000 0.344697834199 0.461222805879
0.000000000000 0.344697834199 0.461222805879
0.010309581901 0.400818134579 0.445471840196
0.010309581901 0.400818134579 0.445471840196
0.010309581901 0.400818134579 0.445471840196
0.010309581901 0.400818134579 0.445471840196
0.010309581901 0.400818134579 0.445471840196
0.010309581901 0.400818134579 0.445471840196
0.010309581901 0.400818134579 0.445471840196
0.010309581901 0.400818134579 0.445471840196
0.010309581901 0.400818134579 0.445471840196
0.010309581901 0.400818134579 0.445471840196
0.010309581901 0.400818134579 0.445471840196
0.010309581901 0.400818134579 0.445471840196
0.010309581901 0.400818134579 0.445471840196
0.010309581901 0.400818134579 0.445471840196
0.010309581901 0.400818134579 0.445471840196
0.691733395281 0.600430109115 0.666905352948
0.691733395281 0.600430109115 0.666905352948
