0.100000000000 0.100000000000 0.466544429660
0.087708034858 0.113429190047 0.467849785633
0.094338401927 0.115336774870 0.495499059807
0.102710981464 0.117993502363 0.535592790504
0.113032740702 0.116817999378 0.518090904559
0.127992918314 0.120617960497 0.634073373028
0.140163344728 0.119250734165 0.649814680364
0.149820608239 0.125488497098 0.658653925881
0.139228850976 0.127266867839 0.624873616734
0.126254550010 0.128784549559 0.624656529583
0.116303640078 0.127147038847 0.622842992334
0.114137907137 0.131595965679 0.605662570677
0.113232781139 0.131817110542 0.605502120479
0.112849799256 0.131916830397 0.605502120479
0.112466817372 0.132016550251 0.605483912528
0.112603184350 0.131947093780 0.605483912528
0.112739551328 0.131877637309 0.605483912528
0.112875918306 0.131808180838 0.605502120479
0.112492936422 0.131907900693 0.605483912528
0.112629303400 0.131838444222 0.605483912528
0.112765670378 0.131768987751 0.605483912528
0.112902037356 0.131699531280 0.605502120479
0.112519055472 0.131799251134 0.605483912528
0.112655422450 0.131729794663 0.605483912528
0.112791789428 0.131660338192 0.605483912528
0.112928156406 0.131590881721 0.605502120479
0.112545174522 0.131690601576 0.605483912528
0.112681541500 0.131621145105 0.605483912528
0.112817908478 0.131551688634 0.605483912528
0.112954275456 0.131482232163 0.605502120479
0.112571293572 0.131581952017 0.605483912528
0.112707660550 0.131512495546 0.605483912528
0.112844027528 0.131443039075 0.605502120479
0.112461045644 0.131542758930 0.605483912528
0.112597412622 0.131473302459 0.605483912528
0.112733779600 0.131403845988 0.605483912528
0.112870146578 0.131334389517 0.605502120479
0.112487164694 0.131434109371 0.605483912528
0.112623531672 0.131364652900 0.605483912528
0.112759898650 0.131295196429 0.605762607875
0.112131578360 0.131801847263 0.605483912528
0.112267945338 0.131732390792 0.605483912528
0.112404312316 0.131662934321 0.605483912528
0.112540679294 0.131593477849 0.605483912528
0.112677046272 0.131524021378 0.605483912528
0.112813413249 0.131454564907 0.605483912528
0.112949780227 0.131385108436 0.605502120479
0.112566798344 0.131484828291 0.605483912528
0.112703165322 0.131415371820 0.605483912528
0.112839532299 0.131345915349 0.605483912528
0.112975899277 0.131276458878 0.606348381002
0.111706101521 0.131965233645 0.605649279520
0.112356569732 0.131690062834 0.605483912528
0.112492936710 0.131620606363 0.605483912528
0.112629303688 0.131551149892 0.605483912528
0.112765670666 0.131481693421 0.605483912528
0.112902037644 0.131412236950 0.605502120479
0.112519055760 0.131511956804 0.605483912528
0.112655422738 0.131442500333 0.605483912528
0.112791789716 0.131373043862 0.605483912528
0.112928156694 0.131303587391 0.606348381002
0.111658358937 0.131992362158 0.605649279520
0.112308827148 0.131717191347 0.605483912528
0.112445194126 0.131647734876 0.605483912528
0.112581561104 0.131578278405 0.605483912528
0.112717928082 0.131508821934 0.605483912528
0.112854295060 0.131439365463 0.605502120479
0.112471313176 0.131539085318 0.605483912528
0.112607680154 0.131469628847 0.605483912528
0.112744047132 0.131400172376 0.605483912528
0.112880414110 0.131330715904 0.605502120479
0.112497432226 0.131430435759 0.605483912528
0.112633799204 0.131360979288 0.605483912528
0.112770166182 0.131291522817 0.605762607875
0.112141845892 0.131798173650 0.605483912528
0.112278212870 0.131728717179 0.605483912528
0.112414579848 0.131659260708 0.605483912528
0.112550946826 0.131589804237 0.605483912528
0.112687313804 0.131520347766 0.605483912528
0.112823680781 0.131450891295 0.605483912528
0.112960047759 0.131381434824 0.605502120479
0.112577065876 0.131481154679 0.605483912528
0.112713432854 0.131411698208 0.605483912528
0.112849799831 0.131342241737 0.605502120479
0.112466817948 0.131441961591 0.605483912528
0.112603184926 0.131372505120 0.605483912528
0.112739551904 0.131303048649 0.605762607875
0.112111231614 0.131809699483 0.605483912528
0.112247598591 0.131740243012 0.605483912528
0.112383965569 0.131670786540 0.605483912528
0.112520332547 0.131601330069 0.605483912528
0.112656699525 0.131531873598 0.605483912528
0.112793066503 0.131462417127 0.605483912528
0.112929433481 0.131392960656 0.605502120479
0.112546451597 0.131492680511 0.605483912528
0.112682818575 0.131423224040 0.605483912528
0.112819185553 0.131353767569 0.605483912528
0.112955552531 0.131284311098 0.606348381002
0.111685754775 0.131973085864 0.605649279520
0.112336222986 0.131697915054 0.605483912528
0.112472589963 0.131628458583 0.605483912528
0.112607606773 0.131559689799 0.605483912528
0.112741299889 0.131491595220 0.605483912528
0.112873695013 0.131424161753 0.605502120479
0.112505443202 0.131520046229 0.605483912528
0.112635316514 0.131453897209 0.605483912528
0.112763964606 0.131388372236 0.605483912528
0.112891410380 0.131323459646 0.605502120479
0.112536797525 0.131415792845 0.605483912528
0.112661904844 0.131352071312 0.605483912528
0.112785874824 0.131288929065 0.605762607875
0.112219820509 0.131745371258 0.605483912528
0.112341576739 0.131683356551 0.605483912528
0.112462255480 0.131621890648 0.605483912528
0.112581875636 0.131560963919 0.605483912528
0.112700455617 0.131500566987 0.605483912528
0.112818013357 0.131440690719 0.605483912528
0.112934566329 0.131381326214 0.605502120479
0.112610005411 0.131465834565 0.605483912528
0.112724599510 0.131407467783 0.605483912528
0.112838238658 0.131349587390 0.605483912528
0.112950938640 0.131292185348 0.606348381002
0.111910120807 0.131856754829 0.605483912528
0.112020988269 0.131800286154 0.605483912528
0.112130961638 0.131744272870 0.605483912528
0.112240055220 0.131688707694 0.605483912528
0.112348282980 0.131633583510 0.605483912528
0.112455658553 0.131578893375 0.605483912528
0.112562195255 0.131524630507 0.605483912528
0.112667906090 0.131470788282 0.605483912528
0.112772803766 0.131417360227 0.605483912528
0.112876900695 0.131364340020 0.605502120479
0.112586762905 0.131439885365 0.605483912528
0.112689294467 0.131387662454 0.605483912528
0.112791060868 0.131335829267 0.605483912528
0.112892073445 0.131284380029 0.606348381002
0.111958398624 0.131790832063 0.605483912528
0.112057936564 0.131740133909 0.605483912528
0.112156753215 0.131689803133 0.605483912528
0.112254858954 0.131639834449 0.605483912528
0.112352263938 0.131590222684 0.605483912528
0.112448978107 0.131540962775 0.605483912528
0.112545011190 0.131492049768 0.605483912528
0.112640372713 0.131443478809 0.605483912528
0.112735072003 0.131395245148 0.605483912528
0.112829118195 0.131347344134 0.605483912528
0.112922520234 0.131299771208 0.606348381002
0.112058712237 0.131768325471 0.605483912528
0.112150852087 0.131721395423 0.605483912528
0.112242373548 0.131674780342 0.605483912528
0.112333284867 0.131628476028 0.605483912528
0.112423594124 0.131582478365 0.605483912528
0.112513309241 0.131536783318 0.605483912528
0.112602437985 0.131491386932 0.605483912528
0.112690987970 0.131446285328 0.605483912528
0.112778966666 0.131401474701 0.605483912528
0.112866381395 0.131356951322 0.605502120479
0.112622443890 0.131420467153 0.605483912528
0.112708752103 0.131376507361 0.605483912528
0.112794517498 0.131332824046 0.605483912528
0.112879746859 0.131289413752 0.606348381002
0.112091052601 0.131717224166 0.605483912528
0.112175229748 0.131674349801 0.605483912528
0.112258890470 0.131631738469 0.605483912528
0.112342041067 0.131589386962 0.605483912528
0.112424687720 0.131547292131 0.605483912528
0.112506836502 0.131505450884 0.605483912528
0.112588493375 0.131463860183 0.605483912528
0.112669664195 0.131422517045 0.605483912528
0.112750354714 0.131381418541 0.605483912528
0.112830570584 0.131340561794 0.605483912528
0.112910317354 0.131299943974 0.606348381002
0.112172062845 0.131700394420 0.605483912528
0.112250887687 0.131660246171 0.605483912528
0.112329259514 0.131620328659 0.605483912528
0.112407183501 0.131580639247 0.605483912528
0.112484664739 0.131541175343 0.605483912528
0.112561708229 0.131501934399 0.605483912528
0.112638318891 0.131462913909 0.605483912528
0.112714501560 0.131424111412 0.605483912528
0.112790260992 0.131385524483 0.605483912528
0.112865601864 0.131347150742 0.605502120479
0.112655172257 0.131401941871 0.605483912528
0.112729689732 0.131363987515 0.605483912528
0.112803802220 0.131326239433 0.605483912528
0.112877514100 0.131288695395 0.606348381002
0.112194827134 0.131659004409 0.605483912528
0.112267750651 0.131621861911 0.605483912528
0.112340286278 0.131584916980 0.605483912528
0.112412438118 0.131548167524 0.605483912528
0.112484210212 0.131511611487 0.605483912528
0.112555606535 0.131475246843 0.605483912528
0.112626631003 0.131439071597 0.605483912528
0.112697287468 0.131403083788 0.605483912528
0.112767579725 0.131367281484 0.605483912528
0.112837511508 0.131331662781 0.605483912528
0.112907086497 0.131296225805 0.606348381002
0.112262519108 0.131645857667 0.605483912528
0.112331391319 0.131610778641 0.605483912528
0.112399917438 0.131575875892 0.605483912528
