0.100000000000 0.233333333333 0.665484751452
0.102240291531 0.234765918688 0.667922996053
0.101010943500 0.234319779939 0.667985997606
0.101853406347 0.234907753338 0.668233856457
0.101137754726 0.234700380178 0.668355221925
0.101010386099 0.234644582591 0.668355221925
0.100883017471 0.234588785004 0.668355221925
0.100755648844 0.234532987417 0.668355221925
0.100628280216 0.234477189830 0.668355221925
0.100500911589 0.234421392243 0.667985997606
0.101343374436 0.235009365643 0.668233856457
0.100627722815 0.234801992482 0.668355221925
0.100500354188 0.234746194895 0.668355221925
0.100372985560 0.234690397309 0.668355221925
0.100245616933 0.234634599722 0.668355221925
0.100118248305 0.234578802135 0.668367517242
0.100639707215 0.234597773882 0.668355221925
0.100512338587 0.234541976296 0.668355221925
0.100384969960 0.234486178709 0.668355221925
0.100257601332 0.234430381122 0.667985997606
0.101100064179 0.235018354521 0.668355221925
0.100972695552 0.234962556934 0.668355221925
0.100845326924 0.234906759348 0.668355221925
0.100717958296 0.234850961761 0.668355221925
0.100590589669 0.234795164174 0.668355221925
0.100463221041 0.234739366587 0.668355221925
0.100335852414 0.234683569000 0.668355221925
0.100208483786 0.234627771413 0.668355221925
0.100081115159 0.234571973826 0.668367517242
0.100602574068 0.234590945574 0.668355221925
0.100475205441 0.234535147987 0.668355221925
0.100347836813 0.234479350400 0.668355221925
0.100220468186 0.234423552813 0.667985997606
0.101062931033 0.235011526213 0.668355221925
0.100935562405 0.234955728626 0.668355221925
0.100808193778 0.234899931039 0.668355221925
0.100680825150 0.234844133452 0.668355221925
0.100553456523 0.234788335865 0.668355221925
0.100426087895 0.234732538278 0.668355221925
0.100298719267 0.234676740691 0.668355221925
0.100171350640 0.234620943104 0.668367517242
0.100692809550 0.234639914852 0.668355221925
0.100565440922 0.234584117265 0.668355221925
0.100438072294 0.234528319678 0.668355221925
0.100310703667 0.234472522091 0.668355221925
0.100183335039 0.234416724504 0.667346145200
0.101713546598 0.235128106659 0.668233856457
0.100997894977 0.234920733499 0.668355221925
0.100870526350 0.234864935912 0.668355221925
0.100743157722 0.234809138325 0.668355221925
0.100615789095 0.234753340738 0.668355221925
0.100488420467 0.234697543151 0.668355221925
0.100361051840 0.234641745564 0.668355221925
0.100233683212 0.234585947977 0.668355221925
0.100106314584 0.234530150390 0.668367517242
0.100627773494 0.234549122138 0.668355221925
0.100500404866 0.234493324551 0.668355221925
0.100373036239 0.234437526964 0.668355221925
0.100245667611 0.234381729377 0.667985997606
0.101088130458 0.234969702777 0.668355221925
0.100960761831 0.234913905190 0.668355221925
0.100833393203 0.234858107603 0.668355221925
0.100706024576 0.234802310016 0.668355221925
0.100578655948 0.234746512429 0.668355221925
0.100451287321 0.234690714842 0.668355221925
0.100323918693 0.234634917256 0.668355221925
0.100196550066 0.234579119669 0.668355221925
0.100069181438 0.234523322082 0.668367517242
0.100590640348 0.234542293829 0.668355221925
0.100463271720 0.234486496243 0.668355221925
0.100335903093 0.234430698656 0.667985997606
0.101178365940 0.235018672055 0.668233856457
0.100462714319 0.234811298895 0.668355221925
0.100335345692 0.234755501308 0.668355221925
0.100207977064 0.234699703721 0.668355221925
0.100080608437 0.234643906134 0.668367517242
0.100602067346 0.234662877882 0.668355221925
0.100474698719 0.234607080295 0.668355221925
0.100347330091 0.234551282708 0.668355221925
0.100219961463 0.234495485121 0.668355221925
0.100092592836 0.234439687534 0.668367517242
0.100614051746 0.234458659282 0.668355221925
0.100486683118 0.234402861695 0.667985997606
0.101329145965 0.234990835094 0.668233856457
0.100613494344 0.234783461934 0.668355221925
0.100486125717 0.234727664347 0.668355221925
0.100358757089 0.234671866760 0.668355221925
0.100231388462 0.234616069173 0.668355221925
0.100104019834 0.234560271586 0.668367517242
0.100625478744 0.234579243334 0.668355221925
0.100498110116 0.234523445747 0.668355221925
0.100370741489 0.234467648160 0.668355221925
0.100243372861 0.234411850573 0.667985997606
0.101085835708 0.234999823973 0.668355221925
0.100958467081 0.234944026386 0.668355221925
0.100831098453 0.234888228799 0.668355221925
0.100703729826 0.234832431212 0.668355221925
0.100576361198 0.234776633625 0.668355221925
0.100448992571 0.234720836038 0.668355221925
0.100321623943 0.234665038451 0.668355221925
0.100194255316 0.234609240864 0.668367517242
0.100710551266 0.234628024773 0.668355221925
0.100585680062 0.234573321256 0.668355221925
0.100462021200 0.234519148842 0.668355221925
0.100339551366 0.234465497316 0.668355221925
0.100218247911 0.234412356757 0.667985997606
0.101013024182 0.234967048644 0.668355221925
0.100893988082 0.234914901366 0.668355221925
0.100776054167 0.234863236934 0.668355221925
0.100659202215 0.234812046487 0.668355221925
0.100543412554 0.234761321408 0.668355221925
0.100428666043 0.234711053312 0.668355221925
0.100314944054 0.234661234038 0.668355221925
0.100202228454 0.234611855642 0.668355221925
0.100090501588 0.234562910391 0.668367517242
0.100543944118 0.234579407562 0.668355221925
0.100434143577 0.234531306194 0.668355221925
0.100325281502 0.234483615949 0.668355221925
0.100217341987 0.234436329859 0.668355221925
0.100110309527 0.234389441130 0.667346145200
0.101385485826 0.234982259593 0.668233856457
0.100794038206 0.234810876815 0.668355221925
0.100689637691 0.234765141088 0.668355221925
0.100586085962 0.234719777197 0.668355221925
0.100483369326 0.234674779143 0.668355221925
0.100381474424 0.234630141073 0.668355221925
0.100280388212 0.234585857274 0.668355221925
0.100180097954 0.234541922166 0.668367517242
0.100587487727 0.234556743844 0.668355221925
0.100488752357 0.234513489901 0.668355221925
0.100390776490 0.234470568680 0.668355221925
0.100293548530 0.234427975102 0.667985997606
0.100931777959 0.234873409496 0.668355221925
0.100836012074 0.234831456423 0.668355221925
0.100740960859 0.234789816433 0.668355221925
0.100646613728 0.234748484887 0.668355221925
0.100552960325 0.234707457249 0.668355221925
0.100459990524 0.234666729084 0.668355221925
0.100367694417 0.234626296050 0.668355221925
0.100276062311 0.234586153901 0.668355221925
0.100185084720 0.234546298482 0.668367517242
0.100554913734 0.234559753622 0.668355221925
0.100465217517 0.234520459547 0.668355221925
0.100376148547 0.234481440255 0.668355221925
0.100287698111 0.234442691931 0.668355221925
0.100199857679 0.234404210836 0.667985997606
0.100776887026 0.234806932343 0.668355221925
0.100690241701 0.234768974801 0.668355221925
0.100604181817 0.234731273729 0.668355221925
0.100518699517 0.234693825684 0.668355221925
0.100433787099 0.234656627292 0.668355221925
0.100349437014 0.234619675248 0.668355221925
0.100265641865 0.234582966309 0.668355221925
0.100182394396 0.234546497298 0.668367517242
0.100521004077 0.234558816615 0.668355221925
0.100438830769 0.234522818172 0.668355221925
0.100357184213 0.234487050488 0.668355221925
0.100276057699 0.234451510624 0.668355221925
0.100195444643 0.234416195695 0.667985997606
0.100725295490 0.234785990286 0.668355221925
0.100645690098 0.234751116794 0.668355221925
0.100566579149 0.234716459908 0.668355221925
0.100487956540 0.234682016953 0.668355221925
0.100409816277 0.234647785305 0.668355221925
0.100332152480 0.234613762386 0.668355221925
0.100254959373 0.234579945667 0.668355221925
0.100178231284 0.234546332662 0.668367517242
0.100490482128 0.234557692990 0.668355221925
0.100414667468 0.234524480141 0.668355221925
0.100339301417 0.234491463817 0.668355221925
0.100264378695 0.234458641708 0.668355221925
0.100189894117 0.234426011540 0.667346145200
0.101079552000 0.234839605816 0.668355221925
0.101005928516 0.234807352876 0.668355221925
0.100932728155 0.234775285297 0.668355221925
0.100859946082 0.234743400961 0.668355221925
0.100787577544 0.234711697787 0.668355221925
0.100715617867 0.234680173727 0.668355221925
0.100644062459 0.234648826768 0.668355221925
0.100572906801 0.234617654932 0.668355221925
0.100502146452 0.234586656272 0.668355221925
0.100431777045 0.234555828876 0.668355221925
0.100361794282 0.234525170861 0.668355221925
0.100292193939 0.234494680377 0.668355221925
0.100222971859 0.234464355601 0.668355221925
0.100154123952 0.234434194743 0.667346145200
0.100976818339 0.234816658268 0.668355221925
0.100908706773 0.234786819986 0.668355221925
0.100840957503 0.234757140418 0.668355221925
0.100773566695 0.234727617886 0.668355221925
0.100706530575 0.234698250735 0.668355221925
0.100639845430 0.234669037338 0.668355221925
0.100573507603 0.234639976095 0.668355221925
0.100507513495 0.234611065428 0.668355221925
0.100441859564 0.234582303786 0.668355221925
0.100376542319 0.234553689638 0.668355221925
0.100311558325 0.234525221482 0.668355221925
0.100246904199 0.234496897834 0.668355221925
0.100182576610 0.234468717234 0.668367517242
0.100444616263 0.234478250776 0.668355221925
