0.233333333333 0.500000000000 0.528398066573
0.230208164804 0.499465802088 0.529462632392
0.226964685345 0.498937804941 0.529822728856
0.224735120695 0.500286782402 0.528480076999
0.223440163036 0.502082983063 0.527451425813
0.223590559291 0.504531109935 0.527686581023
0.224624758094 0.506750213218 0.528581973007
0.226378417880 0.508169973950 0.529705248596
0.229129093992 0.508113456304 0.528882253645
0.232581953708 0.505623571037 0.526247678301
0.232173763438 0.505165221234 0.526420898109
0.232088903727 0.503879525631 0.526846437504
0.230074627687 0.503096376946 0.527327126722
0.228561150790 0.501569057990 0.528512117320
0.226345759379 0.501143735342 0.528469982529
0.225027264252 0.501862167405 0.528263942440
0.224127350634 0.503262727829 0.527901286576
0.224578854669 0.504802163892 0.528039488168
0.225540534373 0.506190913018 0.528765052861
0.227422600500 0.506645680361 0.528578885648
0.229438899848 0.505307332128 0.527557657758
0.230286168330 0.503149061268 0.527327126722
0.228772691433 0.501621742313 0.528392189086
0.226158891162 0.500845704408 0.528768606271
0.224441720174 0.502009284022 0.527864348105
0.224372113037 0.503783424568 0.527901286576
0.224823617071 0.505322860630 0.528442983263
0.226228984868 0.505733395320 0.528433824439
0.227582544919 0.505241936122 0.528259582300
0.228828031650 0.503971566087 0.527494090104
0.228636676111 0.502105799958 0.527939233178
0.226639066943 0.500958778204 0.528768606271
0.224921895955 0.502122357819 0.528137807167
0.224543471319 0.503151514364 0.527901286576
0.224994975354 0.504690950426 0.528223949500
0.225827427985 0.505195163701 0.528433824439
0.227180988036 0.504703704503 0.528098203389
0.227587825722 0.503636088996 0.528100596904
0.227164111805 0.502883650288 0.528257850786
0.225992499399 0.502528453367 0.528265816790
0.225237688749 0.502822188687 0.528137807167
0.224859264114 0.503851345232 0.528121445842
0.225077502511 0.504570565715 0.528223949500
0.225909955142 0.505074778990 0.528433824439
0.227263515193 0.504583319793 0.528098203389
0.227670352879 0.503515704286 0.527902015219
0.226875557445 0.502263770504 0.528257850786
0.225703945040 0.501908573583 0.528469982529
0.224385449912 0.502627005646 0.527864348105
0.224315842775 0.504401146191 0.528039488168
0.225277522478 0.505789895318 0.528442983263
0.226682890275 0.506200430009 0.528578885648
0.228699189624 0.504862081776 0.527494090104
0.228507834085 0.502996315647 0.527902015219
0.227713038651 0.501744381864 0.528512117320
0.225497647240 0.501319059216 0.528263942440
0.224597733623 0.502719619640 0.527864348105
0.224528126486 0.504493760185 0.528039488168
0.225489806189 0.505882509312 0.528765052861
0.227371872316 0.506337276654 0.528578885648
0.229388171665 0.504998928421 0.527557657758
0.230235440147 0.502840657562 0.527705534165
0.227897234844 0.501626665595 0.528512117320
0.225681843433 0.501201342946 0.528469982529
0.224363348305 0.501919775009 0.527925720040
0.223813771907 0.503983398892 0.528039488168
0.224775451610 0.505372148019 0.528442983263
0.226180819407 0.505782682709 0.528433824439
0.227534379458 0.505291223511 0.528259582300
0.228779866189 0.504020853476 0.527494090104
0.228588510650 0.502155087347 0.528137405466
0.226991259391 0.501303383747 0.528547191862
0.225221172645 0.501392253966 0.528263942440
0.224321259027 0.502792814390 0.527864348105
0.224251651890 0.504566954936 0.528039488168
0.225213331594 0.505955704063 0.528765052861
0.227095397721 0.506410471405 0.528578885648
0.229111697069 0.505072123172 0.527557657758
0.229958965551 0.502913852313 0.527705534165
0.227620760248 0.501699860345 0.528547191862
0.225850673502 0.501788730565 0.528469982529
0.224532178374 0.502507162628 0.527864348105
0.224462571237 0.504281303173 0.528039488168
0.225424250941 0.505670052300 0.528442983263
0.226829618738 0.506080586991 0.528578885648
0.228845918086 0.504742238758 0.527494090104
0.228654562547 0.502876472628 0.527939233178
0.226656953380 0.501729450875 0.528547191862
0.224886866634 0.501818321095 0.528263942440
0.223986953016 0.503218881519 0.527901286576
0.224438457051 0.504758317581 0.528039488168
0.225400136755 0.506147066708 0.528765052861
0.227282202882 0.506601834050 0.528578885648
0.229298502230 0.505263485817 0.527557657758
0.230145770712 0.503105214958 0.527327126722
0.228632293815 0.501577896002 0.528392189086
0.226018493544 0.500801858098 0.528768606271
0.224301322556 0.501965437712 0.527864348105
0.224231715419 0.503739578257 0.527901286576
0.224683219453 0.505279014319 0.528271848715
0.226093713525 0.506623478418 0.528760011566
0.228051379305 0.506132232120 0.528251390608
0.229993285792 0.504184845767 0.527127190262
0.229490533212 0.502385072926 0.527939233178
0.227569755167 0.501282167394 0.528547191862
0.225883958266 0.501366805698 0.528469982529
0.224640094937 0.502044571796 0.527864348105
0.224575041538 0.503702647072 0.527901286576
0.224993100830 0.505128050833 0.528442983263
0.226282429084 0.505504688164 0.528433824439
0.227512938221 0.505057907075 0.528259582300
0.228634998339 0.503913429566 0.527494090104
0.228464145179 0.502247566950 0.528137405466
0.227050648489 0.501493846950 0.528547191862
0.225497940817 0.501571803283 0.528263942440
0.224715407237 0.502789681913 0.528137807167
0.224389179103 0.503676885831 0.527901286576
0.224775079987 0.504992643149 0.528442983263
0.225966069646 0.505340553904 0.528433824439
0.227103515067 0.504927562981 0.528259582300
0.228141420676 0.503868921285 0.527902015219
0.227484564946 0.502834265267 0.528257850786
0.226524226908 0.502543120250 0.528265816790
0.225910559713 0.502781929454 0.528265816790
0.225301841447 0.503018812777 0.528121445842
0.225476432165 0.503594189163 0.528121445842
0.225649637242 0.504164999070 0.528223949500
0.226305111754 0.504562017397 0.528238268285
0.226809963821 0.504293632429 0.528098203389
0.227125341872 0.503466023509 0.528100596904
0.226799408089 0.502887224502 0.528257850786
0.225905047475 0.502616081814 0.528265816790
0.225333221225 0.502838608572 0.528137807167
0.225048691423 0.503612410486 0.528121445842
0.225211555899 0.504149142190 0.528223949500
0.225828187477 0.504522633504 0.528238268285
0.226303342363 0.504270035887 0.528238268285
0.226775028965 0.504019282048 0.528098203389
0.227069838883 0.503245647623 0.528100596904
0.226765008726 0.502704324811 0.528257850786
0.225928142722 0.502450612724 0.528265816790
0.225392816020 0.502658935647 0.528137807167
0.225126319798 0.503383693777 0.528121445842
0.225278934062 0.503886645164 0.528121445842
0.225430488504 0.504386103832 0.528223949500
0.226004593767 0.504733837126 0.528238268285
0.226447203798 0.504498540715 0.528238268285
0.226886802876 0.504264844960 0.528098203389
0.227161693204 0.503543483131 0.528100596904
0.226877321448 0.503038490709 0.528100596904
0.226594845503 0.502536864903 0.528265816790
0.226094970900 0.502731391606 0.528265816790
0.225598384946 0.502924638527 0.528121445842
0.225741024421 0.503394717274 0.528183297194
0.225689736435 0.503347903862 0.528183297194
0.225638779339 0.503301392471 0.528121445842
0.225778675748 0.503762431242 0.528183297194
0.225728367787 0.503716512353 0.528183297194
0.225678378231 0.503670884090 0.528121445842
0.225815635084 0.504123224016 0.528238268285
0.226219516737 0.503908516041 0.528238268285
0.226620889809 0.503695141657 0.528183297194
0.226572134563 0.503650640017 0.528183297194
0.226523678429 0.503606411394 0.528183297194
0.226475517759 0.503562452458 0.528183297194
0.226427648972 0.503518759939 0.528183297194
0.226380068551 0.503475330629 0.528183297194
0.226332773043 0.503432161374 0.528183297194
0.226285759055 0.503389249079 0.528183297194
0.226239023257 0.503346590703 0.528183297194
0.226192562376 0.503304183258 0.528183297194
0.226146373195 0.503262023810 0.528183297194
0.226100452556 0.503220109476 0.528183297194
0.226054797355 0.503178437420 0.528183297194
0.226009404539 0.503137004860 0.528183297194
0.225964271112 0.503095809056 0.528183297194
0.225919394124 0.503054847320 0.528183297194
0.225874770678 0.503014117006 0.528183297194
0.225830397926 0.502973615514 0.528183297194
0.225786273066 0.502933340288 0.528183297194
0.225742393345 0.502893288812 0.528265816790
0.225325370886 0.503055573520 0.528121445842
0.225445282094 0.503450749609 0.528121445842
0.225564538048 0.503843766267 0.528121445842
0.225683145873 0.504234646964 0.528238268285
0.226032448924 0.504048953580 0.528238268285
0.226379874002 0.503864258548 0.528183297194
0.226337636837 0.503825706326 0.528183297194
0.226295624338 0.503787359169 0.528183297194
0.226253834127 0.503749214907 0.528183297194
0.226212263865 0.503711271404 0.528183297194
0.226170911248 0.503673526558 0.528183297194
0.226129774009 0.503635978300 0.528183297194
0.226088849916 0.503598624592 0.528183297194
0.226048136772 0.503561463429 0.528183297194
0.226007632414 0.503524492837 0.528183297194
0.225967334711 0.503487710869 0.528183297194
0.225927241564 0.503451115613 0.528183297194
0.225887350908 0.503414705181 0.528183297194
0.225847660708 0.503378477715 0.528183297194
