0.233333333333 0.633333333333 0.544300378824
0.233484289194 0.633847752733 0.544667631635
0.233636863986 0.634089302723 0.544667631635
0.233789438777 0.634330852712 0.544727293458
0.233757765449 0.634571513520 0.544727293458
0.233726092120 0.634812174327 0.544727293458
0.233694418792 0.635052835135 0.544727293458
0.233662745463 0.635293495942 0.544604771066
0.233443223114 0.635550232447 0.544209547938
0.233196878826 0.636105571637 0.544209547938
0.232950534538 0.636660910827 0.543875987524
0.232514695444 0.637248061885 0.543368689804
0.231913659397 0.637872502066 0.542625187853
0.231281703655 0.638771818737 0.540936853936
0.230516953948 0.639915672658 0.538970069854
0.229707762773 0.641203820063 0.537371282661
0.228905710971 0.642391930785 0.535492831978
0.228230376579 0.643563013231 0.533807930934
0.227710440784 0.644645967819 0.533345622847
0.227282712403 0.645667237212 0.532060769534
0.226988089509 0.646562788387 0.531810620595
0.226768346374 0.647430602581 0.531631071439
0.226618092385 0.648293536237 0.530737410910
0.226515811876 0.649008467912 0.530658338493
0.226455195180 0.649731189857 0.530658338493
0.226394578484 0.650453911801 0.530618760446
0.226373797439 0.651189798619 0.530618145253
0.226393722097 0.651937214950 0.530658902438
0.226458483145 0.652687500751 0.530658902438
0.226523244192 0.653437786552 0.530746676726
0.226640262559 0.654175901212 0.530890098014
0.226819704789 0.654881682242 0.531871866936
0.227004254897 0.655807418040 0.532078038798
0.227245160598 0.656646086575 0.532344915504
0.227554382338 0.657363495875 0.532344915504
0.227863604079 0.658080905175 0.533323395777
0.228072645417 0.658820694748 0.533555025053
0.228341614776 0.659354639978 0.533555025053
0.228610584134 0.659888585209 0.534188044474
0.228697528447 0.660273444323 0.534188044474
0.228784472759 0.660658303437 0.534303583149
0.228937587544 0.660772546881 0.534303583149
0.229090702329 0.660886790325 0.534303583149
0.229243817114 0.661001033769 0.534303583149
0.229396931899 0.661115277213 0.534303583149
0.229550046684 0.661229520657 0.534303583149
0.229703161470 0.661343764101 0.534438430209
0.229575884620 0.661503929931 0.534349998723
0.229525571288 0.661380568435 0.534303583149
0.229678686073 0.661494811879 0.534349998723
0.229628372741 0.661371450383 0.534438430209
0.229501095891 0.661531616214 0.534490606896
0.229733818175 0.661367451186 0.534438430209
0.229606541326 0.661527617016 0.534349998723
0.229556227994 0.661404255520 0.534303583149
0.229709342779 0.661518498964 0.534349998723
0.229659029446 0.661395137469 0.534438430209
0.229531752597 0.661555303299 0.534490606896
0.229764474881 0.661391138271 0.534438430209
0.229637198032 0.661551304101 0.534349998723
0.229586884699 0.661427942605 0.534438430209
0.229459607850 0.661588108436 0.534490606896
0.229692330134 0.661423943408 0.534438430209
0.229565053285 0.661584109238 0.534490606896
0.229797775569 0.661419944210 0.534438430209
0.229670498719 0.661580110040 0.534349998723
0.229620185387 0.661456748545 0.534438430209
0.229492908538 0.661616914375 0.534490606896
0.229725630822 0.661452749347 0.534438430209
0.229598353972 0.661612915177 0.534349998723
0.229548040640 0.661489553681 0.534490606896
0.229780762924 0.661325388653 0.534438430209
0.229653486075 0.661485554484 0.534349998723
0.229603172742 0.661362192988 0.534438430209
0.229475895893 0.661522358818 0.534490606896
0.229708618177 0.661358193790 0.534438430209
0.229581341328 0.661518359621 0.534349998723
0.229531027995 0.661394998125 0.534303583149
0.229684142780 0.661509241569 0.534349998723
0.229633829448 0.661385880073 0.534438430209
0.229506552599 0.661546045903 0.534490606896
0.229739274882 0.661381880875 0.534438430209
0.229611998033 0.661542046706 0.534349998723
0.229561684701 0.661418685210 0.534303583149
0.229714799486 0.661532928654 0.534349998723
0.229664486153 0.661409567158 0.534438430209
0.229537209304 0.661569732988 0.534490606896
0.229769931588 0.661405567961 0.534438430209
0.229642654739 0.661565733791 0.534349998723
0.229592341406 0.661442372295 0.534438430209
0.229465064557 0.661602538125 0.534490606896
0.229697786841 0.661438373097 0.534438430209
0.229570509992 0.661598538928 0.534490606896
0.229803232276 0.661434373900 0.534438430209
0.229675955427 0.661594539730 0.534349998723
0.229625642094 0.661471178234 0.534438430209
0.229498365245 0.661631344064 0.534490606896
0.229731087529 0.661467179037 0.534438430209
0.229603810680 0.661627344867 0.534349998723
0.229553497347 0.661503983371 0.534490606896
0.229786219631 0.661339818343 0.534438430209
0.229660202949 0.661498398373 0.534349998723
0.229610876152 0.661377455730 0.534438430209
0.229487306396 0.661532956536 0.534490606896
0.229711077822 0.661375105548 0.534438430209
0.229589861776 0.661527644434 0.534349998723
0.229542396367 0.661411265664 0.534303583149
0.229685494298 0.661518035238 0.534349998723
0.229638907879 0.661403811631 0.534438430209
0.229522140127 0.661550752760 0.534490606896
0.229733705840 0.661401511825 0.534438430209
0.229619042012 0.661545805366 0.534349998723
0.229574119393 0.661435661173 0.534438430209
0.229461485014 0.661577400846 0.534490606896
0.229665627368 0.661433396436 0.534438430209
0.229554951847 0.661572671071 0.534490606896
0.229755574505 0.661431149495 0.534438430209
0.229646790873 0.661568043367 0.534349998723
0.229604152456 0.661463499726 0.534438430209
0.229497197121 0.661598092861 0.534490606896
0.229691132357 0.661461288671 0.534438430209
0.229585944878 0.661593657126 0.534349998723
0.229544704442 0.661492541146 0.534490606896
0.229733909551 0.661359073643 0.534438430209
0.229631266930 0.661488239636 0.534349998723
0.229591016264 0.661389550439 0.534438430209
0.229490002892 0.661516666177 0.534490606896
0.229673248785 0.661387402376 0.534438430209
0.229573813747 0.661512531931 0.534349998723
0.229534811163 0.661416902864 0.534303583149
0.229652591767 0.661504782437 0.534349998723
0.229614184643 0.661410613356 0.534438430209
0.229517762788 0.661531951106 0.534490606896
0.229692741948 0.661408518754 0.534438430209
0.229597759225 0.661528045493 0.534349998723
0.229560490090 0.661436666607 0.534303583149
0.229673074491 0.661520669140 0.534349998723
0.229636349431 0.661430624252 0.534438430209
0.229544119830 0.661546686448 0.534490606896
0.229711545933 0.661428582112 0.534438430209
0.229620633898 0.661542986276 0.534349998723
0.229584950684 0.661455495854 0.534438430209
0.229495319100 0.661568288692 0.534490606896
0.229658061955 0.661453487973 0.534438430209
0.229569675255 0.661564714244 0.534490606896
0.229730173381 0.661451496983 0.534438430209
0.229642997457 0.661561199607 0.534349998723
0.229608770701 0.661477280222 0.534438430209
0.229522772830 0.661585500377 0.534490606896
0.229678962282 0.661475322506 0.534438430209
0.229594111049 0.661582099727 0.534349998723
0.229560790961 0.661500403372 0.534490606896
0.229713897727 0.661392400064 0.534438430209
0.229630710244 0.661497083613 0.534349998723
0.229598039249 0.661416978746 0.534438430209
0.229515925152 0.661520311539 0.534490606896
0.229665106104 0.661415077547 0.534438430209
0.229584038047 0.661517094000 0.534349998723
0.229552194166 0.661439017104 0.534303583149
0.229648492773 0.661510868326 0.534349998723
0.229617046940 0.661433767391 0.534438430209
0.229537992996 0.661533249274 0.534490606896
0.229681648727 0.661431912837 0.534438430209
0.229603564770 0.661530174082 0.534349998723
0.229572885909 0.661454953658 0.534438430209
0.229495748425 0.661552023858 0.534490606896
0.229635942572 0.661453129263 0.534438430209
0.229559728890 0.661549036946 0.534490606896
0.229698254058 0.661451319667 0.534438430209
0.229622942313 0.661546092348 0.534349998723
0.229593346235 0.661473526762 0.534438430209
0.229518915330 0.661567190990 0.534490606896
0.229654218983 0.661471746207 0.534438430209
0.229580648550 0.661564327611 0.534349998723
0.229551732842 0.661493430200 0.534490606896
0.229684717004 0.661399621613 0.534438430209
0.229612400612 0.661490624925 0.534349998723
0.229583975001 0.661420929165 0.534438430209
0.229512471153 0.661510909968 0.534490606896
0.229642483602 0.661419197662 0.534438430209
0.229571774241 0.661508178679 0.534490606896
0.229700350088 0.661417479769 0.534438430209
0.229630417754 0.661505482972 0.534349998723
0.229602924129 0.661438072319 0.534438430209
0.229533751929 0.661525118966 0.534490606896
0.229659547758 0.661436381113 0.534438430209
0.229591119344 0.661522491774 0.534349998723
0.229564213819 0.661456523060 0.534303583149
0.229645657854 0.661517290849 0.534349998723
0.229619037043 0.661452020217 0.534438430209
0.229552049228 0.661536318022 0.534490606896
0.229673893355 0.661450367746 0.534438430209
0.229607603330 0.661533787449 0.534349998723
0.229581534245 0.661469869575 0.534438430209
0.229515927622 0.661552429282 0.534490606896
0.229635272383 0.661468242088 0.534438430209
0.229570335215 0.661549959348 0.534490606896
0.229688468354 0.661466626847 0.534438430209
0.229624187117 0.661547518680 0.534349998723
0.229598904035 0.661485527979 0.534349998723
