0.233333333333 0.766666666667 0.538126318570
0.232760079026 0.767551844414 0.537651230824
0.232360418072 0.768499153130 0.536450858384
0.232176546880 0.769376789556 0.536450858384
0.231992675688 0.770254425982 0.536379266522
0.232025740515 0.771051515138 0.536505027761
0.232244374228 0.771730476419 0.536789933216
0.232602209227 0.772263845457 0.537425889666
0.232826226338 0.773031863702 0.537682301322
0.233120988419 0.773680665598 0.537984175316
0.233438170838 0.774201178398 0.537984175316
0.233755353258 0.774721691198 0.538827950643
0.233941820972 0.775437008170 0.538986073583
0.234075348728 0.776066037523 0.538986073583
0.234208876484 0.776695066875 0.539080088170
0.234265217199 0.777249942830 0.539091274132
0.234230497184 0.777747950948 0.539091274132
0.234195777170 0.778245959067 0.539011794491
0.234067910758 0.778706695927 0.539011794491
0.233940044347 0.779167432787 0.539011794491
0.233812177936 0.779628169647 0.538845492859
0.233601077282 0.780070566608 0.538845492859
0.233389976628 0.780512963569 0.538354947974
0.233105965854 0.780588514753 0.538354947974
0.232821955081 0.780664065936 0.538354947974
0.232537944307 0.780739617120 0.538354947974
0.232253933534 0.780815168303 0.538461850344
0.231943750368 0.780522246683 0.538461850344
0.231633567202 0.780229325063 0.538461850344
0.231323384036 0.779936403443 0.539198037348
0.231101568353 0.779273121577 0.539198037348
0.230879752670 0.778609839710 0.539334949642
0.230825123208 0.777947339100 0.539298439943
0.230956043141 0.777323923657 0.539298439943
0.231086963074 0.776700508215 0.539081027630
0.231400244199 0.776156006479 0.538696423908
0.231871080700 0.775728508663 0.538444564599
0.232212317906 0.775645064396 0.538444564599
0.232553555111 0.775561620128 0.538540456367
0.232780359713 0.775842344238 0.538540456367
0.233007164315 0.776123068348 0.538540456367
0.233233968916 0.776403792458 0.538716285759
0.233364202884 0.776591174786 0.538716285759
0.233494436852 0.776778557115 0.539080088170
0.233550777566 0.777333433069 0.539091274132
0.233516057552 0.777831441188 0.539091274132
0.233481337537 0.778329449307 0.539011794491
0.233353471126 0.778790186166 0.538746616543
0.233252573045 0.778869938800 0.538746616543
0.233151674964 0.778949691434 0.538746616543
0.233050776884 0.779029444067 0.538746616543
0.232949878803 0.779109196701 0.538746616543
0.232848980722 0.779188949335 0.538595866365
0.232643501964 0.779255375640 0.538595866365
0.232438023205 0.779321801946 0.538717801946
0.232229004540 0.779007183213 0.538858536423
0.232152957554 0.778699696410 0.538858536423
0.232076910568 0.778392209608 0.538858536423
0.232000863581 0.778084722805 0.538860925214
0.232073047830 0.777817736458 0.538860925214
0.232145232078 0.777550750111 0.538860925214
0.232217416326 0.777283763764 0.538860925214
0.232289600574 0.777016777417 0.538718955001
0.232506962969 0.776825107846 0.538716285759
0.232637196937 0.777012490175 0.538716285759
0.232767430905 0.777199872503 0.538716285759
0.232897664873 0.777387254832 0.538788334795
0.232913694530 0.777506945106 0.538788334795
0.232929724187 0.777626635380 0.538788334795
0.232945753843 0.777746325654 0.538788334795
0.232961783500 0.777866015928 0.538788334795
0.232977813157 0.777985706202 0.538788334795
0.232993842814 0.778105396476 0.538788334795
0.233009872471 0.778225086750 0.538746616543
0.232908974390 0.778304839384 0.538746616543
0.232808076309 0.778384592018 0.538746616543
0.232707178229 0.778464344651 0.538746616543
0.232606280148 0.778544097285 0.538746616543
0.232505382067 0.778623849919 0.538746616543
0.232404483986 0.778703602552 0.538858536423
0.232328437000 0.778396115750 0.538858536423
0.232252390014 0.778088628948 0.538860925214
0.232324574262 0.777821642600 0.538860925214
0.232396758510 0.777554656253 0.538860925214
0.232468942759 0.777287669906 0.538860925214
0.232541127007 0.777020683559 0.538716285759
0.232671360975 0.777208065887 0.538716285759
0.232801594942 0.777395448216 0.538788334795
0.232817624599 0.777515138490 0.538788334795
0.232833654256 0.777634828764 0.538788334795
0.232849683913 0.777754519038 0.538788334795
0.232865713570 0.777874209312 0.538788334795
0.232881743227 0.777993899586 0.538788334795
0.232897772884 0.778113589860 0.538788334795
0.232913802541 0.778233280134 0.538746616543
0.232812904460 0.778313032768 0.538746616543
0.232712006379 0.778392785402 0.538746616543
0.232611108298 0.778472538035 0.538746616543
0.232510210217 0.778552290669 0.538746616543
0.232409312137 0.778632043303 0.538858536423
0.232333265151 0.778324556500 0.538858536423
0.232257971105 0.778020114122 0.538860925214
0.232328739976 0.777758362801 0.538860925214
0.232398821770 0.777499152755 0.538860925214
0.232468229701 0.777242435114 0.538860925214
0.232536976604 0.776988162402 0.538716285759
0.232659838838 0.777164938184 0.538716285759
0.232781552826 0.777340061855 0.538788334795
0.232796395101 0.777450886183 0.538788334795
0.232811101209 0.777560693774 0.538788334795
0.232825673624 0.777669503114 0.538788334795
0.232840114756 0.777777332190 0.538788334795
0.232854426950 0.777884198506 0.538788334795
0.232868612487 0.777990119102 0.538788334795
0.232882673589 0.778095110571 0.538788334795
0.232896612422 0.778199189070 0.538788334795
0.232910431091 0.778302370341 0.538746616543
0.232824193415 0.778370534985 0.538746616543
0.232738686567 0.778438121963 0.538746616543
0.232653898264 0.778505140982 0.538746616543
0.232569816530 0.778571601511 0.538746616543
0.232486429686 0.778637512778 0.538858536423
0.232424096091 0.778385474415 0.538858536423
0.232362269273 0.778135485145 0.538860925214
0.232420482377 0.777920173575 0.538860925214
0.232478229775 0.777706584497 0.538860925214
0.232535518861 0.777494690571 0.538788334795
0.232548140638 0.777588934881 0.538788334795
0.232560663808 0.777682442908 0.538788334795
0.232573089898 0.777775226066 0.538788334795
0.232585420403 0.777867295507 0.538788334795
0.232597656783 0.777958662129 0.538788334795
0.232609800462 0.778049336579 0.538788334795
0.232621852836 0.778139329266 0.538788334795
0.232633815266 0.778228650366 0.538746616543
0.232559075947 0.778287726391 0.538746616543
0.232484886182 0.778346368033 0.538858536423
0.232429377433 0.778121925112 0.538860925214
0.232481684859 0.777928456744 0.538860925214
0.232533615973 0.777736380236 0.538788334795
0.232545065728 0.777821873289 0.538788334795
0.232556434279 0.777906760008 0.538788334795
0.232567722770 0.777991048933 0.538788334795
0.232578932320 0.778074748425 0.538788334795
0.232590064026 0.778157866671 0.538788334795
0.232601118962 0.778240411688 0.538746616543
0.232532010687 0.778295036779 0.538746616543
0.232463372537 0.778349290272 0.538858536423
0.232411989438 0.778141528919 0.538860925214
0.232460435243 0.777962343451 0.538860925214
0.232508558075 0.777784352553 0.538788334795
0.232519173741 0.777863617635 0.538788334795
0.232529719568 0.777942361236 0.538788334795
0.232540196468 0.778020590173 0.538788334795
0.232550605336 0.778098311131 0.538788334795
0.232560947051 0.778175530662 0.538788334795
0.232571222472 0.778252255197 0.538746616543
0.232506956178 0.778303053053 0.538746616543
0.232443096633 0.778353529403 0.538858536423
0.232395268340 0.778160141477 0.538860925214
0.232440383495 0.777993275010 0.538860925214
0.232485218432 0.777827444981 0.538860925214
0.232529776610 0.777662638594 0.538788334795
0.232539610755 0.777736068210 0.538788334795
0.232549384936 0.777809050084 0.538788334795
0.232559099880 0.777881589644 0.538788334795
0.232568756300 0.777953692219 0.538788334795
0.232578354897 0.778025363042 0.538788334795
0.232587896359 0.778096607252 0.538788334795
0.232597381363 0.778167429900 0.538788334795
0.232606810573 0.778237835943 0.538746616543
0.232547805847 0.778284474910 0.538746616543
0.232489144173 0.778330842721 0.538858536423
0.232445186377 0.778153104685 0.538860925214
0.232486671577 0.777999664255 0.538860925214
0.232527919719 0.777847100628 0.538788334795
0.232537027479 0.777915106466 0.538788334795
0.232546083782 0.777982728089 0.538788334795
0.232555089207 0.778049969816 0.538788334795
0.232564044323 0.778116835891 0.538788334795
0.232572949688 0.778183330488 0.538788334795
0.232581805852 0.778249457711 0.538746616543
0.232526367346 0.778293277840 0.538746616543
0.232471231782 0.778336858514 0.538858536423
0.232429901899 0.778169746121 0.538860925214
0.232468920411 0.778025429177 0.538860925214
0.232507729147 0.777881888130 0.538788334795
0.232516301156 0.777945893624 0.538788334795
0.232524827569 0.778009558663 0.538788334795
0.232533308869 0.778072886851 0.538788334795
0.232541745531 0.778135881732 0.538788334795
0.232550138021 0.778198546797 0.538788334795
0.232558486801 0.778260885481 0.538746616543
0.232506208002 0.778302208089 0.538746616543
0.232454198682 0.778343317694 0.538858536423
0.232415200228 0.778185632155 0.538860925214
0.232452028926 0.778049414631 0.538860925214
0.232488670676 0.777913888566 0.538860925214
0.232525127367 0.777779046976 0.538788334795
0.232533182471 0.777839192843 0.538788334795
