0.233333333333 0.900000000000 0.548397758385
0.232706550044 0.900452992232 0.548397758385
0.232079766756 0.900905984463 0.547947375633
0.230382726839 0.902609208831 0.546609368007
0.228386498155 0.905597569547 0.544505159721
0.227013429283 0.907366455875 0.543997302398
0.227145909784 0.908202074565 0.544097784500
0.228071854792 0.908759429342 0.544428565066
0.229760355455 0.909013656407 0.544487830506
0.230877436321 0.909084675074 0.544496388996
0.231597604782 0.909105179686 0.544496967017
0.231871674047 0.909092864233 0.544496967017
0.232145743312 0.909080548781 0.544496967017
0.232419812577 0.909068233328 0.544496967017
0.232693881842 0.909055917875 0.544492190901
0.232496041226 0.909020009210 0.544492190901
0.232298200610 0.908984100545 0.544496967017
0.232572269875 0.908971785092 0.544492190901
0.232374429259 0.908935876427 0.544496967017
0.232648498524 0.908923560974 0.544492190901
0.232450657908 0.908887652309 0.544496967017
0.232724727173 0.908875336856 0.544492190901
0.232526886557 0.908839428191 0.544492190901
0.232329045941 0.908803519526 0.544496967017
0.232603115206 0.908791204073 0.544492190901
0.232405274590 0.908755295408 0.544496967017
0.232679343855 0.908742979955 0.544492190901
0.232481503239 0.908707071290 0.544496967017
0.232755572504 0.908694755837 0.544492190901
0.232557731888 0.908658847172 0.544492190901
0.232359891272 0.908622938507 0.544496967017
0.232633960537 0.908610623054 0.544492190901
0.232436119921 0.908574714389 0.544496967017
0.232710189186 0.908562398936 0.544492190901
0.232512348571 0.908526490271 0.544630482543
0.231304280805 0.908917032299 0.544496388996
0.232024449265 0.908937536912 0.544496967017
0.232298518530 0.908925221459 0.544496967017
0.232572587795 0.908912906006 0.544492190901
0.232374747179 0.908876997341 0.544496967017
0.232648816444 0.908864681888 0.544492190901
0.232450975829 0.908828773223 0.544496967017
0.232725045094 0.908816457770 0.544492190901
0.232527204478 0.908780549105 0.544492190901
0.232329363862 0.908744640440 0.544496967017
0.232603433127 0.908732324987 0.544492190901
0.232405592511 0.908696416322 0.544496967017
0.232679661776 0.908684100869 0.544492190901
0.232481821160 0.908648192204 0.544496967017
0.232755890425 0.908635876751 0.544492190901
0.232558049809 0.908599968086 0.544492190901
0.232360209193 0.908564059421 0.544496967017
0.232634278458 0.908551743968 0.544630482543
0.231426210692 0.908942285997 0.544496388996
0.232146379153 0.908962790609 0.544496967017
0.232420448418 0.908950475156 0.544496967017
0.232694517683 0.908938159703 0.544492190901
0.232496677067 0.908902251038 0.544492190901
0.232298836451 0.908866342373 0.544496967017
0.232572905716 0.908854026920 0.544492190901
0.232375065100 0.908818118255 0.544496967017
0.232649134365 0.908805802802 0.544492190901
0.232451293749 0.908769894137 0.544496967017
0.232725363014 0.908757578684 0.544492190901
0.232527522398 0.908721670019 0.544492190901
0.232329681782 0.908685761354 0.544496967017
0.232603751047 0.908673445901 0.544492190901
0.232405910431 0.908637537236 0.544496967017
0.232679979696 0.908625221783 0.544492190901
0.232482139080 0.908589313118 0.544496967017
0.232756208345 0.908576997665 0.544492190901
0.232558367729 0.908541089000 0.544630482543
0.231350299964 0.908931631029 0.544496388996
0.232070468424 0.908952135641 0.544496967017
0.232344537689 0.908939820188 0.544496967017
0.232618606954 0.908927504735 0.544492190901
0.232420766338 0.908891596070 0.544496967017
0.232694835603 0.908879280617 0.544492190901
0.232496994988 0.908843371952 0.544492190901
0.232299154372 0.908807463287 0.544496967017
0.232573223637 0.908795147834 0.544492190901
0.232375383021 0.908759239169 0.544496967017
0.232649452286 0.908746923716 0.544492190901
0.232451611670 0.908711015051 0.544496967017
0.232725680935 0.908698699598 0.544492190901
0.232527840319 0.908662790933 0.544492190901
0.232329999703 0.908626882268 0.544496967017
0.232604068968 0.908614566815 0.544492190901
0.232406228352 0.908578658150 0.544496967017
0.232680297617 0.908566342697 0.544492190901
0.232482457001 0.908530434032 0.544551215706
0.231663525600 0.908950869453 0.544496967017
0.231937594865 0.908938554001 0.544496967017
0.232211664130 0.908926238548 0.544496967017
0.232485733395 0.908913923095 0.544496967017
0.232759802660 0.908901607642 0.544492190901
0.232561962044 0.908865698977 0.544492190901
0.232364121428 0.908829790312 0.544496967017
0.232638190694 0.908817474859 0.544492190901
0.232440350078 0.908781566194 0.544496967017
0.232714419343 0.908769250741 0.544492190901
0.232518537545 0.908733697607 0.544492190901
0.232324576156 0.908698493034 0.544496967017
0.232590662822 0.908686536284 0.544492190901
0.232400431460 0.908652008721 0.544496967017
0.232661449808 0.908640279718 0.544492190901
0.232474807717 0.908606403619 0.544496967017
0.232730947217 0.908594893850 0.544492190901
0.232547761462 0.908561645086 0.544492190901
0.232366256309 0.908528701356 0.544551215706
0.231621773218 0.908910915376 0.544496967017
0.231868682466 0.908899820373 0.544496967017
0.232113387167 0.908888824433 0.544496967017
0.232355926339 0.908877925803 0.544496967017
0.232596337975 0.908867122774 0.544492190901
0.232424302657 0.908835897848 0.544496967017
0.232660569265 0.908825281078 0.544492190901
0.232491474721 0.908794589911 0.544492190901
0.232323813182 0.908764158839 0.544496967017
0.232554123489 0.908753809719 0.544492190901
0.232389256309 0.908723885831 0.544496967017
0.232615759834 0.908713707771 0.544492190901
0.232453595395 0.908684274439 0.544496967017
0.232676415935 0.908674261876 0.544492190901
0.232516867051 0.908645303275 0.544492190901
0.232358594559 0.908616576343 0.544496967017
0.232576109848 0.908606802174 0.544492190901
0.232420329836 0.908578527634 0.544496967017
0.232634446449 0.908568906187 0.544492190901
0.232481081630 0.908541070012 0.544551215706
0.231851134399 0.908864481875 0.544496967017
0.232060347579 0.908855080766 0.544496967017
0.232267975810 0.908845750877 0.544496967017
0.232474042926 0.908836491139 0.544496967017
0.232678572228 0.908827300502 0.544492190901
0.232532023624 0.908800701491 0.544492190901
0.232386552583 0.908774298061 0.544496967017
0.232586603141 0.908765308679 0.544492190901
0.232443240376 0.908739287907 0.544496967017
0.232640412509 0.908730427869 0.544492190901
0.232499097784 0.908704778823 0.544492190901
0.232358785290 0.908679311684 0.544496967017
0.232551791815 0.908670638830 0.544492190901
0.232413441734 0.908645527876 0.544496967017
0.232603767612 0.908636975478 0.544492190901
0.232467325808 0.908612210881 0.544496967017
0.232655044483 0.908603775640 0.544492190901
0.232520459030 0.908579347976 0.544492190901
0.232386782938 0.908555085365 0.544551215706
0.231837164548 0.908837256788 0.544496967017
0.232019877391 0.908829046486 0.544496967017
0.232201380216 0.908820890557 0.544496967017
0.232381688943 0.908812788286 0.544496967017
0.232560819181 0.908804738970 0.544492190901
0.232432351249 0.908781421655 0.544496967017
0.232609170130 0.908773476202 0.544492190901
0.232482349222 0.908750457827 0.544496967017
0.232656915633 0.908742613589 0.544492190901
0.232531700053 0.908719886586 0.544492190901
0.232407271993 0.908697302520 0.544496967017
0.232578565283 0.908689605362 0.544492190901
0.232455682913 0.908667301843 0.544496967017
0.232624861472 0.908659699712 0.544492190901
0.232503486861 0.908637669856 0.544492190901
0.232382852339 0.908615774328 0.544496967017
0.232548954924 0.908608310418 0.544492190901
0.232429773830 0.908586678692 0.544496967017
0.232593887162 0.908579304169 0.544492190901
0.232476124891 0.908557929963 0.544551215706
0.231991550098 0.908806708319 0.544496967017
0.232152767312 0.908799463935 0.544496967017
0.232313041736 0.908792261916 0.544496967017
0.232472384332 0.908785101769 0.544496967017
0.232630805873 0.908777983010 0.544492190901
0.232517104369 0.908757345846 0.544492190901
0.232404052589 0.908736826609 0.544496967017
0.232559773762 0.908729829193 0.544492190901
0.232447999403 0.908709541811 0.544496967017
0.232601970900 0.908702623018 0.544492190901
0.232491445416 0.908682562311 0.544492190901
0.232381533963 0.908662613052 0.544496967017
0.232532953446 0.908655808935 0.544492190901
0.232424249811 0.908636078899 0.544496967017
0.232574014437 0.908629349144 0.544492190901
0.232466492363 0.908609833565 0.544496967017
0.232614637912 0.908603176563 0.544492190901
0.232508271989 0.908583870829 0.544492190901
0.232402474868 0.908564668334 0.544496967017
0.232548256392 0.908558117562 0.544630482543
0.231909067098 0.908764753555 0.544496967017
0.232053314080 0.908758271738 0.544496967017
0.232196805842 0.908751823857 0.544496967017
0.232339550251 0.908745409559 0.544496967017
0.232481555051 0.908739028495 0.544496967017
0.232622827868 0.908732680324 0.544492190901
0.232521371142 0.908714265624 0.544492190901
0.232420432052 0.908695944876 0.544496967017
0.232559553507 0.908689693377 0.544492190901
0.232459634004 0.908671557688 0.544496967017
0.232597357252 0.908665369018 0.544492190901
