0.366666666667 0.100000000000 0.441087937547
0.363096459459 0.097666715012 0.455513305930
0.359927450657 0.094849179491 0.471152375586
0.357485274627 0.092625903104 0.481125475180
0.355293134143 0.091037600146 0.488405171141
0.352715531898 0.089834042468 0.494151721877
0.349960555057 0.088852923227 0.499630754640
0.347074282663 0.087949308031 0.505080342172
0.344266148682 0.087023014104 0.510457337466
0.341713706497 0.086069088679 0.514659020504
0.339312436240 0.085192519818 0.519205135745
0.337086438237 0.084530672283 0.522387845827
0.334838619304 0.084170128099 0.522747003350
0.332656873242 0.084172324293 0.521953157063
0.330659005114 0.084675587845 0.519232337426
0.329221645077 0.085189164564 0.518743817762
0.327897574374 0.085668784950 0.517322634284
0.327075308129 0.085966847334 0.517082912801
0.326322357169 0.086155049405 0.516966092162
0.325588838732 0.086202801017 0.516995232284
0.324811096805 0.086093813259 0.517178251041
0.323913236654 0.085828380940 0.517506370198
0.322809842249 0.085424260231 0.519465558582
0.321105780644 0.084591045196 0.522461535350
0.318830352882 0.083257079026 0.530222890781
0.315409614425 0.081293224279 0.543183786291
0.312004676822 0.079377881931 0.552430377939
0.310089660245 0.079511101684 0.550962077748
0.307972071769 0.080858410433 0.540594078561
0.303443885622 0.083366654622 0.517189172715
0.298171368834 0.085708198155 0.496966656418
0.294029498964 0.086336431966 0.493621958461
0.289936214753 0.087531225791 0.483145217923
0.285324810718 0.089402539615 0.466601624767
0.280310395638 0.090055916887 0.462503318195
0.274726087501 0.089372078995 0.468097433723
0.269547450688 0.090341606696 0.450537229602
0.261171351323 0.093606264964 0.387793647072
0.250598161905 0.094246822342 0.388119673714
0.241133140236 0.094900726517 0.366906961439
0.227736285904 0.095919316311 0.355873415029
0.217528604816 0.093159590958 0.430063811195
0.211744168980 0.086649433606 0.499345073702
0.205255529598 0.081316827786 0.575526209729
0.193130978761 0.080714020684 0.548251208451
0.188002488047 0.081843154850 0.542136709002
0.182660029701 0.079562547559 0.582849827476
0.177932591665 0.073781821610 0.630529429465
0.174786599446 0.068737334317 0.663493803690
0.169456090140 0.065092018804 0.703104259318
0.163474740418 0.061368196940 0.743075645316
0.159920979720 0.057148709889 0.757867615301
0.160553317852 0.057077511451 0.757356215715
0.161094560512 0.056132355279 0.756642957897
0.161998988140 0.055274309696 0.754545071105
0.163130349007 0.053921214500 0.751933129063
0.164396874129 0.052375596378 0.747978083208
0.165613663351 0.050999870715 0.744862087060
0.166412880305 0.050267018652 0.743806635331
0.166763215781 0.049997470884 0.743806635331
0.167113551257 0.049727923115 0.743806635331
0.167463886732 0.049458375346 0.743660925697
0.167281687049 0.049586838484 0.743651051214
0.167231695746 0.049457751634 0.743651051214
0.167181704443 0.049328664783 0.743651051214
0.167131713140 0.049199577933 0.743651051214
0.167081721837 0.049070491082 0.743651051214
0.167031730534 0.048941404232 0.743651051214
0.166981739231 0.048812317381 0.743651051214
0.166931747928 0.048683230530 0.743651051214
0.166881756625 0.048554143680 0.743936240432
0.166332178038 0.048524510072 0.744140087488
0.165858139777 0.048124214759 0.744140087488
0.165384101515 0.047723919447 0.744140087488
0.164910063254 0.047323624135 0.745412210221
0.163903279851 0.046581760677 0.747525962143
0.162370898087 0.045550174274 0.751558109669
0.160635297760 0.044188313923 0.754588704349
0.158772364701 0.042987835754 0.758295122804
0.157302348076 0.042087136502 0.761034508828
0.156255043907 0.041354745530 0.762709032980
0.155374856083 0.040519864264 0.764497315785
0.154589915787 0.039279363677 0.766782126860
0.153805908262 0.037334708796 0.768250127891
0.153034808790 0.035256662281 0.772454330185
0.152050874057 0.032160832739 0.779439833228
0.150604919679 0.028212314513 0.795129408759
0.148539752645 0.023135115901 0.821738259782
0.145402422949 0.016686519835 0.855703797262
0.144124274634 0.011762470321 0.854200896144
0.147652473122 0.008780696854 0.828531872176
0.151559543040 0.003162480012 0.803044536207
0.151707450866 0.002626707866 0.802927915154
0.151800387801 0.002564595784 0.803081520950
0.151517800039 0.002942525266 0.803044536207
0.151665707864 0.002406753120 0.802927915154
0.151758644800 0.002344641039 0.803081520950
0.151476057037 0.002722570521 0.802927915154
0.151568993972 0.002660458440 0.802927915154
0.151661930908 0.002598346358 0.802927915154
0.151754867843 0.002536234277 0.803081520950
0.151475077979 0.002910421883 0.802927915154
0.151566192622 0.002849527685 0.802927915154
0.151656422657 0.002789224694 0.802927915154
0.151745785095 0.002729501539 0.802927915154
0.151834296462 0.002670347175 0.803081520950
0.151567704233 0.003026884423 0.803044536207
0.151705935845 0.002526162791 0.802927915154
0.151791988563 0.002468651604 0.803081520950
0.151532733735 0.002815375900 0.802927915154
0.151617221858 0.002758910371 0.802927915154
0.151700948827 0.002702953541 0.802927915154
0.151783928234 0.002647496326 0.803081520950
0.151533850568 0.002981947195 0.803044536207
0.151663594275 0.002511971628 0.802927915154
0.151744409001 0.002457961122 0.802927915154
0.151824527049 0.002404416225 0.803081520950
0.151582999047 0.002727432876 0.802927915154
0.151661759161 0.002674795519 0.802927915154
0.151739857427 0.002622600493 0.802927915154
0.151817304873 0.002570840425 0.803081520950
0.151583761267 0.002883178840 0.802927915154
0.151659939083 0.002832267298 0.802927915154
0.151735497567 0.002781769670 0.802927915154
0.151810446709 0.002731679282 0.803081520950
0.151584376499 0.003034022868 0.803044536207
0.151701763662 0.002608806879 0.802927915154
0.151774942351 0.002559899728 0.803081520950
0.151554170662 0.002855157136 0.802927915154
0.151626214798 0.002807008236 0.802927915154
0.151697704748 0.002759229712 0.802927915154
0.151768648974 0.002711815909 0.803081520950
0.151554567335 0.002998126123 0.803044536207
0.151665776227 0.002595289923 0.802927915154
0.151735132149 0.002548937623 0.802927915154
0.151803974323 0.002502928674 0.803081520950
0.151596189204 0.002780817999 0.802927915154
0.151664026383 0.002735480713 0.802927915154
0.151731371988 0.002690471959 0.802927915154
0.151798233093 0.002645787008 0.803081520950
0.151596384691 0.002915736638 0.802927915154
0.151662297411 0.002871685517 0.802927915154
0.151727745957 0.002827944614 0.802927915154
0.151792736821 0.002784509592 0.803081520950
0.151596495319 0.003046960621 0.803044536207
0.151698500716 0.002677462590 0.802927915154
0.151762156152 0.002634920068 0.803081520950
0.151569919578 0.002892014954 0.802927915154
0.151632714805 0.002850047331 0.802927915154
0.151695088587 0.002808361371 0.802927915154
0.151757046544 0.002766953316 0.803081520950
0.151569902330 0.003017237742 0.803044536207
0.151667210110 0.002664756067 0.802927915154
0.151727953206 0.002624159935 0.802927915154
0.151788301865 0.002583827415 0.803081520950
0.151605987179 0.002827652887 0.802927915154
0.151665562138 0.002787837450 0.802927915154
0.151724757638 0.002748275615 0.802927915154
0.151783578484 0.002708964171 0.803081520950
0.151605850331 0.002946655669 0.803044536207
0.151698292722 0.002611798078 0.802927915154
0.151756017527 0.002573219145 0.803081520950
0.151581580636 0.002806508949 0.802927915154
0.151638597161 0.002768403378 0.802927915154
0.151695266024 0.002730530157 0.802927915154
0.151751591439 0.002692886471 0.803081520950
0.151581357847 0.002920554834 0.803044536207
0.151669925408 0.002599733190 0.802927915154
0.151725245012 0.002562761713 0.802927915154
0.151780237282 0.002526009002 0.803081520950
0.151614009186 0.002748320462 0.802927915154
0.151668358271 0.002711997607 0.802927915154
0.151722391373 0.002675885932 0.802927915154
0.151776112145 0.002639982995 0.803081520950
0.151613705385 0.002857183847 0.802927915154
0.151666812205 0.002821691229 0.802927915154
0.151719617282 0.002786400273 0.802927915154
0.151772124025 0.002751308702 0.803081520950
0.151613366855 0.002963628636 0.803044536207
0.151695996925 0.002664314588 0.802927915154
0.151747628556 0.002629807876 0.802927915154
0.151798974929 0.002595491809 0.803081520950
0.151643706928 0.002803145370 0.802927915154
0.151694492139 0.002769204342 0.802927915154
0.151745001343 0.002735447776 0.802927915154
0.151795237524 0.002701873678 0.803081520950
0.151643308619 0.002905061572 0.802927915154
0.151693007515 0.002871846555 0.802927915154
0.151742442056 0.002838808214 0.802927915154
0.151791615037 0.002805944679 0.803081520950
0.151642884636 0.003004854932 0.803044536207
0.151720323288 0.002724345955 0.802927915154
0.151768727942 0.002691995913 0.803081520950
0.151622309412 0.002887814298 0.802927915154
0.151670215049 0.002855797761 0.802927915154
0.151717875016 0.002823945411 0.802927915154
0.151765291820 0.002792255574 0.803081520950
0.151621846255 0.002984097951 0.803044536207
0.151696547177 0.002713505958 0.802927915154
0.151743249154 0.002682293856 0.802927915154
