0.366666666667 0.233333333333 0.586631303744
0.373322152283 0.237550264896 0.648280529044
0.380591055288 0.240537118880 0.664759111246
0.385653383465 0.236737007653 0.658732624383
0.379367380871 0.238295515373 0.655599842439
0.383326887534 0.238066273901 0.653187847464
0.381012315371 0.237806779350 0.654697084361
0.382701265591 0.237196099903 0.655154726240
0.380373663663 0.238096533654 0.654697084361
0.382062613883 0.237485854207 0.654094547109
0.382461419933 0.236879970914 0.655154726240
0.380133818005 0.237780404666 0.655241485374
0.383018957646 0.237294949892 0.655154726240
0.380691355718 0.238195383643 0.654697084361
0.382380305937 0.237584704196 0.653555893598
0.381430567900 0.237102601008 0.654358275538
0.380487557874 0.237849408692 0.654697084361
0.382176508094 0.237238729245 0.654358275538
0.381233498068 0.237985536929 0.654697084361
0.382922448288 0.237374857482 0.653555893598
0.381972710250 0.236892754294 0.654358275538
0.381029700225 0.237639561979 0.654697084361
0.382718650445 0.237028882531 0.655154726240
0.380391048516 0.237929316283 0.654697084361
0.382079998736 0.237318636836 0.654358275538
0.381136988710 0.238065444520 0.654697084361
0.382825938930 0.237454765073 0.653555893598
0.381876200893 0.236972661885 0.654358275538
0.380933190867 0.237719469569 0.654697084361
0.382622141087 0.237108790122 0.655154726240
0.380294539159 0.238009223873 0.655241485374
0.383179678799 0.237523769099 0.653555893598
0.382229940761 0.237041665911 0.654358275538
0.381286930736 0.237788473595 0.654697084361
0.382975880956 0.237177794148 0.655154726240
0.380648279027 0.238078227900 0.654697084361
0.382337229247 0.237467548453 0.653555893598
0.381387491210 0.236985445265 0.654358275538
0.380444481184 0.237732252949 0.654697084361
0.382133431404 0.237121573502 0.654358275538
0.381190421378 0.237868381186 0.654697084361
0.382879371598 0.237257701739 0.655154726240
0.380551769670 0.238158135490 0.654697084361
0.382240719890 0.237547456043 0.654094547109
0.382639525940 0.236941572750 0.655154726240
0.380311924012 0.237842006502 0.655241485374
0.383197063653 0.237356551727 0.653555893598
0.382247325615 0.236874448540 0.654358275538
0.381304315589 0.237621256224 0.654697084361
0.382993265809 0.237010576777 0.655154726240
0.380665663881 0.237911010528 0.654697084361
0.382354614101 0.237300331081 0.655154726240
0.380027012173 0.238200764832 0.655241485374
0.382912151813 0.237715310058 0.653555893598
0.381962413776 0.237233206870 0.654358275538
0.381019403750 0.237980014555 0.654697084361
0.382708353970 0.237369335107 0.653555893598
0.381758615932 0.236887231920 0.654358275538
0.380815605906 0.237634039604 0.654697084361
0.382504556126 0.237023360157 0.655154726240
0.380176954198 0.237923793908 0.655241485374
0.383062093839 0.237438339134 0.653555893598
0.382112355801 0.236956235946 0.654358275538
0.381169345775 0.237703043630 0.654697084361
0.382858295995 0.237092364183 0.655154726240
0.380530694067 0.237992797935 0.654697084361
0.382219644287 0.237382118487 0.654094547109
0.382618450337 0.236776235195 0.655154726240
0.380290848409 0.237676668946 0.655241485374
0.383175988050 0.237191214172 0.655154726240
0.380848386122 0.238091647923 0.654697084361
0.382537336342 0.237480968476 0.653555893598
0.381587598304 0.236998865288 0.654358275538
0.380644588278 0.237745672972 0.654697084361
0.382333538498 0.237134993525 0.655154726240
0.380005936570 0.238035427277 0.655241485374
0.382891076210 0.237549972503 0.653555893598
0.381941338173 0.237067869315 0.654358275538
0.380998328147 0.237814676999 0.654697084361
0.382687278367 0.237203997552 0.655154726240
0.380359676439 0.238104431303 0.654697084361
0.382048626659 0.237493751856 0.654094547109
0.382447432709 0.236887868563 0.655154726240
0.380119830781 0.237788302315 0.655241485374
0.383004970422 0.237302847540 0.655154726240
0.380677368493 0.238203281292 0.654697084361
0.382366318713 0.237592601845 0.653555893598
0.381416580676 0.237110498657 0.654358275538
0.380473570650 0.237857306341 0.654697084361
0.382162520870 0.237246626894 0.654358275538
0.381219510844 0.237993434578 0.654697084361
0.382908461064 0.237382755131 0.653555893598
0.381958723026 0.236900651943 0.654358275538
0.381015713001 0.237647459627 0.654697084361
0.382704663220 0.237036780180 0.655154726240
0.380377061292 0.237937213932 0.654697084361
0.382066011512 0.237326534484 0.654358275538
0.381123001486 0.238073342169 0.654697084361
0.382811951706 0.237462662721 0.653555893598
0.381862213669 0.236980559534 0.654358275538
0.380919203643 0.237727367218 0.654697084361
0.382591431583 0.237122734102 0.655154726240
0.380309468909 0.238005512289 0.655241485374
0.383110575356 0.237534196975 0.653555893598
0.382197365704 0.237070636217 0.654358275538
0.381299260918 0.237781881631 0.654697084361
0.382892610182 0.237205768945 0.655154726240
0.380717281277 0.238047295815 0.654697084361
0.382281124073 0.237481851883 0.654094547109
0.382647001184 0.236925995651 0.655154726240
0.380530999431 0.237744571788 0.654697084361
0.382052576206 0.237194410124 0.654358275538
0.381210602968 0.237861202699 0.654697084361
0.382705249181 0.237320778410 0.655154726240
0.380663493103 0.238110632578 0.654697084361
0.382132145468 0.237579606972 0.654094547109
0.382475943788 0.237057293788 0.655154726240
0.380486540431 0.237826895285 0.654697084361
0.381917854176 0.237309370330 0.654358275538
0.381125408777 0.237936939812 0.654697084361
0.382532867293 0.237428040273 0.653555893598
0.381747959824 0.237029607886 0.654358275538
0.380975000786 0.237641745332 0.654697084361
0.382348131047 0.237145257977 0.655154726240
0.380471032717 0.237871414228 0.654697084361
0.381822192893 0.237382870670 0.654094547109
0.382138705632 0.236902010914 0.654358275538
0.381396178053 0.237490048461 0.654094547109
0.381707745280 0.237016702138 0.654358275538
0.380976729756 0.237595622823 0.654697084361
0.382275922233 0.237125869403 0.654358275538
0.381556067251 0.237695951604 0.654094547109
0.381858193047 0.237236949110 0.654358275538
0.381149162953 0.237798458647 0.654697084361
0.382409573565 0.237342727716 0.655154726240
0.380685423988 0.238009715680 0.654697084361
0.381927299150 0.237560686675 0.654094547109
0.382218398457 0.237118436096 0.654358275538
0.381535057859 0.237659601084 0.654094547109
0.381821968687 0.237223713823 0.654358275538
0.381148390097 0.237757147883 0.654697084361
0.382346227132 0.237324041892 0.655154726240
0.380707070845 0.237958150168 0.654697084361
0.381888154915 0.237531101604 0.654094547109
0.382165103561 0.237110349317 0.654358275538
0.381514751819 0.237625389099 0.654094547109
0.381787906648 0.237210400542 0.654358275538
0.381146403229 0.237718432981 0.654697084361
0.382287585810 0.237305811732 0.654358275538
0.381654693176 0.237807024943 0.654094547109
0.381920563876 0.237403102748 0.654094547109
0.382184673844 0.237001855534 0.654358275538
0.381564272511 0.237493176379 0.654094547109
0.381824930060 0.237097174227 0.654358275538
0.381212585888 0.237582114282 0.654697084361
0.382302231191 0.237188127541 0.655154726240
0.380810178673 0.237765328664 0.654697084361
0.381885943144 0.237376360863 0.654094547109
0.382138352037 0.236992890425 0.654358275538
0.381545263971 0.237462580792 0.654094547109
0.381794517752 0.237083903734 0.654358275538
0.381208797239 0.237547759439 0.654697084361
0.382251359104 0.237170796817 0.654358275538
0.381672825345 0.237628961040 0.654094547109
0.381915999767 0.237259520008 0.654358275538
0.381344478539 0.237712130726 0.654094547109
0.381584723148 0.237347140790 0.654358275538
0.381020046486 0.237794331020 0.654697084361
0.382025373997 0.237430831349 0.654094547109
0.382261353909 0.237072320525 0.654358275538
0.381706642129 0.237511619163 0.654094547109
0.381939862042 0.237157301448 0.654358275538
0.381391600399 0.237591491962 0.654094547109
0.381622124128 0.237241270405 0.654358275538
0.381080164343 0.237670470224 0.654697084361
0.382045278754 0.237321510540 0.654358275538
0.381509477603 0.237745833087 0.654094547109
0.381734791756 0.237403526142 0.654094547109
0.381958840099 0.237063142270 0.654358275538
0.381432018856 0.237480353267 0.654094547109
0.381653577773 0.237143751437 0.654358275538
0.381132577759 0.237556352368 0.654697084361
0.382060572385 0.237220814210 0.654358275538
0.381545266360 0.237628905841 0.654094547109
0.381762008779 0.237299621442 0.654358275538
0.381252273630 0.237703301272 0.654697084361
0.382160311383 0.237374978988 0.654094547109
0.382373576650 0.237050977227 0.655154726240
0.381135490518 0.237529931350 0.654697084361
0.382029114973 0.237206820532 0.654358275538
0.381532793907 0.237599877208 0.654094547109
0.381741592887 0.237282660824 0.654358275538
0.381250441832 0.237671623159 0.654697084361
0.382125545573 0.237355208938 0.654094547109
0.382331115702 0.237042897962 0.655154726240
0.381137473687 0.237504658860 0.654697084361
0.381999182983 0.237193087714 0.654358275538
0.381520497691 0.237572177909 0.654094547109
0.381721914888 0.237266176246 0.654358275538
0.381248040503 0.237641456489 0.654697084361
