0.366666666667 0.500000000000 0.594513600829
0.367953376636 0.500999116595 0.596743576484
0.368629037434 0.501361473649 0.596743576484
0.369304698232 0.501723830702 0.596984696577
0.370033669428 0.501870917425 0.597059555602
0.370837879315 0.501893431375 0.597059752215
0.371733823123 0.501887209314 0.597077174384
0.372729732050 0.501943560120 0.597194786796
0.373823367991 0.502140162152 0.598373261012
0.374480361969 0.502620909510 0.598373261012
0.375137355947 0.503101656869 0.599420185702
0.375386497901 0.503868752557 0.599420185702
0.375635639854 0.504635848246 0.600359983544
0.375535982982 0.505655112580 0.600068678724
0.375048243946 0.506798480910 0.598246994739
0.374108337575 0.507948146833 0.594776397519
0.372768036668 0.509153160019 0.592345623031
0.371429641405 0.510221965720 0.589360771843
0.370275798055 0.510967389762 0.587731382201
0.369458030437 0.511586919961 0.587163592447
0.368663123329 0.512141089702 0.586067627277
0.368261889949 0.512645734797 0.586067627277
0.367860656569 0.513150379892 0.585853669850
0.367817842459 0.513632231581 0.585970393908
0.368090958425 0.514099174041 0.585970393908
0.368364074391 0.514566116501 0.585970393908
0.368637190357 0.515033058961 0.586363285922
0.369157934308 0.515497173886 0.586824172807
0.369684605303 0.515984553364 0.587948529649
0.370421664114 0.516545767889 0.588729409919
0.371273078714 0.517151140802 0.589358894956
0.372182409081 0.517843278709 0.591068671172
0.373225824165 0.518707626903 0.593058883777
0.374353379405 0.519746208773 0.595245901228
0.375492791653 0.520904376058 0.598557326066
0.376519738494 0.521977974023 0.600381129299
0.377301606738 0.522798774404 0.601047491280
0.377878489811 0.523516807750 0.601953438861
0.378120590216 0.523826155852 0.601953438861
0.378362690622 0.524135503954 0.601953438861
0.378604791027 0.524444852056 0.602122443161
0.378535926443 0.524326147616 0.602122443161
0.378467061858 0.524207443176 0.602093244449
0.378591150870 0.524189230202 0.602093244449
0.378715239882 0.524171017229 0.602093244449
0.378839328894 0.524152804255 0.602093244449
0.378963417906 0.524134591282 0.602093244449
0.379087506917 0.524116378309 0.602093244449
0.379211595929 0.524098165335 0.602093244449
0.379335684941 0.524079952362 0.602093244449
0.379459773953 0.524061739388 0.601930294896
0.379432718060 0.523753894188 0.601930294896
0.379405662167 0.523446048988 0.601930294896
0.379378606274 0.523138203788 0.601913917934
0.379434122122 0.523038314305 0.601913917934
0.379489637970 0.522938424822 0.601913917934
0.379545153817 0.522838535338 0.601913917934
0.379600669665 0.522738645855 0.601913917934
0.379656185513 0.522638756372 0.601913917934
0.379711701360 0.522538866888 0.601913917934
0.379767217208 0.522438977405 0.601913917934
0.379822733056 0.522339087922 0.601832701973
0.379928500320 0.522525635818 0.601913917934
0.379984016167 0.522425746335 0.601913917934
0.380039532015 0.522325856851 0.601832701973
0.380145299279 0.522512404747 0.601913917934
0.380200815126 0.522412515264 0.601913917934
0.380256330974 0.522312625781 0.601832701973
0.380362098238 0.522499173677 0.601714646072
0.380150531111 0.522200514356 0.601832701973
0.380256298375 0.522387062252 0.601913917934
0.380311814222 0.522287172769 0.601832701973
0.380417581486 0.522473720665 0.601714646072
0.380206014360 0.522175061344 0.601832701973
0.380311781623 0.522361609240 0.601832701973
0.380417548887 0.522548157136 0.601714646072
0.380205981760 0.522249497815 0.601832701973
0.380311749024 0.522436045712 0.601913917934
0.380367264872 0.522336156228 0.601932372029
0.380129180704 0.522362380203 0.601832701973
0.380234947968 0.522548928099 0.601913917934
0.380290463816 0.522449038615 0.601913917934
0.380345979663 0.522349149132 0.601832701973
0.380451746927 0.522535697028 0.601714646072
0.380240179800 0.522237037707 0.601832701973
0.380345947064 0.522423585603 0.601913917934
0.380401462912 0.522323696120 0.601932372029
0.380163378744 0.522349920094 0.601832701973
0.380269146008 0.522536467991 0.601913917934
0.380324661856 0.522436578507 0.601913917934
0.380380177703 0.522336689024 0.601932372029
0.380142093536 0.522362912998 0.601832701973
0.380247860800 0.522549460894 0.601913917934
0.380303376647 0.522449571411 0.601913917934
0.380358892495 0.522349681928 0.601932372029
0.380120808327 0.522375905902 0.601913917934
0.380176324175 0.522276016419 0.601832701973
0.380282091439 0.522462564315 0.601913917934
0.380337607286 0.522362674832 0.601832701973
0.380443374550 0.522549222728 0.601714646072
0.380231807423 0.522250563407 0.601832701973
0.380336527487 0.522435264294 0.601913917934
0.380390954788 0.522337333428 0.601932372029
0.380159805111 0.522362793597 0.601832701973
0.380261504403 0.522542166574 0.601913917934
0.380314376639 0.522447033733 0.601913917934
0.380366750080 0.522352798372 0.601932372029
0.380144241512 0.522377306759 0.601913917934
0.380195645075 0.522284816496 0.601832701973
0.380292679262 0.522455961355 0.601913917934
0.380343148214 0.522365152734 0.601832701973
0.380438434037 0.522533213902 0.601714646072
0.380249534817 0.522266553794 0.601832701973
0.380343134166 0.522431640427 0.601913917934
0.380391832278 0.522344018074 0.601932372029
0.380184802567 0.522366821530 0.601832701973
0.380275981242 0.522527638681 0.601913917934
0.380323430685 0.522442263055 0.601913917934
0.380370478013 0.522357610950 0.601932372029
0.380170407284 0.522379647903 0.601913917934
0.380216670491 0.522296406667 0.601832701973
0.380304081453 0.522450578482 0.601913917934
0.380349586246 0.522368701857 0.601832701973
0.380435575891 0.522520366813 0.601714646072
0.380264957241 0.522279512522 0.601832701973
0.380349571052 0.522428750839 0.601913917934
0.380393631248 0.522349473471 0.601932372029
0.380206163400 0.522370122270 0.601832701973
0.380288794074 0.522515862813 0.601913917934
0.380331829615 0.522438429106 0.601913917934
0.380374534113 0.522361591041 0.601932372029
0.380192790474 0.522381609342 0.601913917934
0.380234847934 0.522305935491 0.601832701973
0.380314372193 0.522446197067 0.601913917934
0.380355801930 0.522371652677 0.601932372029
0.380179443287 0.522391077843 0.601913917934
0.380220263764 0.522317629694 0.601832701973
0.380297466146 0.522453796041 0.601913917934
0.380337695021 0.522381412358 0.601913917934
0.380377634480 0.522309549420 0.601932372029
0.380207574360 0.522328280830 0.601832701973
0.380282586604 0.522460584303 0.601913917934
0.380321682271 0.522390239596 0.601913917934
0.380360504542 0.522320386811 0.601932372029
0.380195168315 0.522338597904 0.601832701973
0.380268111255 0.522467251625 0.601913917934
0.380306135809 0.522398834171 0.601913917934
0.380343901691 0.522330882141 0.601832701973
0.380415366059 0.522456928017 0.601714646072
0.380273374699 0.522256485520 0.601832701973
0.380343886208 0.522380850784 0.601913917934
0.380380651670 0.522314698808 0.601932372029
0.380224017349 0.522331951423 0.601832701973
0.380293146280 0.522453878153 0.601913917934
0.380329195531 0.522389014852 0.601913917934
0.380365012207 0.522324570024 0.601932372029
0.380212394151 0.522341380264 0.601832701973
0.380279761835 0.522460200580 0.601913917934
0.380314898447 0.522396979388 0.601913917934
0.380349814075 0.522334155813 0.601832701973
0.380415918615 0.522450748248 0.601714646072
0.380284510462 0.522265245565 0.601832701973
0.380349798896 0.522380398587 0.601913917934
0.380383857698 0.522319116695 0.601932372029
0.380238684425 0.522335106924 0.601832701973
0.380302785797 0.522448166255 0.601913917934
0.380336229079 0.522387991867 0.601913917934
0.380369472102 0.522328177805 0.601932372029
0.380227755335 0.522343787314 0.601832701973
0.380290339515 0.522454170684 0.601913917934
0.380322995896 0.522395412165 0.601913917934
0.380355461304 0.522336997262 0.601932372029
0.380217040276 0.522352243759 0.601832701973
0.380278177423 0.522460074913 0.601913917934
0.380310083082 0.522402667164 0.601913917934
0.380341806424 0.522345587459 0.601832701973
0.380401901460 0.522451580582 0.601714646072
0.380282372010 0.522282846502 0.601832701973
0.380341791821 0.522387648691 0.601913917934
0.380372806261 0.522331844510 0.601932372029
0.380240537279 0.522346413385 0.601832701973
0.380298972232 0.522449478521 0.601913917934
0.380329475445 0.522394594189 0.601913917934
0.380359811973 0.522340009772 0.601932372029
0.380230418404 0.522354261932 0.601832701973
0.380287589898 0.522455098633 0.601913917934
0.380317437128 0.522401394609 0.601913917934
0.380347124747 0.522347977773 0.601832701973
0.380403383930 0.522447205378 0.601714646072
0.380291443651 0.522289184573 0.601832701973
0.380347110632 0.522387367676 0.601913917934
0.380376176521 0.522335069518 0.601932372029
0.380252174350 0.522348727837 0.601832701973
0.380306976041 0.522445384778 0.601913917934
0.380335592458 0.522393895354 0.601913917934
0.380364062123 0.522342669978 0.601932372029
0.380242590609 0.522356049557 0.601832701973
0.380296279575 0.522450743920 0.601913917934
0.380324317882 0.522400294686 0.601913917934
0.380352215293 0.522350098966 0.601932372029
