0.366666666667 0.633333333333 0.584724860897
0.371571291510 0.629564290145 0.579362055132
0.369476397860 0.631062928515 0.575481507835
0.368595889014 0.631759596127 0.575230166910
0.369271696454 0.631204553280 0.575481507835
0.368391187609 0.631901220892 0.575230166910
0.369066995048 0.631346178044 0.574890966029
0.368754291953 0.631210094538 0.575481507835
0.367873783107 0.631906762150 0.575230166910
0.368549590547 0.631351719302 0.575230166910
0.369225397987 0.630796676455 0.575481507835
0.368344889142 0.631493344067 0.575230166910
0.369020696581 0.630938301219 0.575481507835
0.368140187736 0.631634968831 0.575230166910
0.368815995176 0.631079925983 0.575481507835
0.367935486330 0.631776593595 0.575230166910
0.368611293770 0.631221550747 0.574937702616
0.368551649665 0.631641587277 0.575230166910
0.369227457104 0.631086544430 0.575481507835
0.368346948259 0.631783212042 0.575230166910
0.369022755699 0.631228169194 0.575481507835
0.368142246853 0.631924836806 0.575230166910
0.368818054293 0.631369793958 0.574890966029
0.368505351198 0.631233710452 0.574937702616
0.368445707092 0.631653746982 0.575230166910
0.369121514532 0.631098704135 0.575481507835
0.368241005686 0.631795371747 0.575230166910
0.368916813126 0.631240328899 0.575481507835
0.368036304281 0.631936996511 0.575230166910
0.368712111720 0.631381953663 0.574890966029
0.368399408625 0.631245870157 0.574937702616
0.368339764519 0.631665906687 0.575230166910
0.369015571959 0.631110863839 0.575481507835
0.368135063114 0.631807531451 0.575230166910
0.368810870554 0.631252488604 0.575481507835
0.367930361708 0.631949156216 0.575230166910
0.368606169148 0.631394113368 0.575230166910
0.369281976588 0.630839070520 0.575481507835
0.368401467742 0.631535738132 0.575230166910
0.369077275182 0.630980695285 0.575481507835
0.368196766337 0.631677362897 0.575230166910
0.368872573776 0.631122320049 0.575481507835
0.367992064931 0.631818987661 0.575230166910
0.368667872371 0.631263944813 0.574937702616
0.368608228265 0.631683981343 0.575230166910
0.369284035705 0.631128938495 0.575481507835
0.368403526859 0.631825606107 0.575230166910
0.369079334299 0.631270563260 0.575481507835
0.368198825454 0.631967230872 0.575230166910
0.368874632894 0.631412188024 0.574890966029
0.368561929798 0.631276104518 0.574937702616
0.368502285693 0.631696141048 0.575230166910
0.369178093132 0.631141098200 0.575481507835
0.368297584287 0.631837765812 0.575230166910
0.368973391727 0.631282722965 0.575481507835
0.368092882881 0.631979390577 0.575230166910
0.368768690321 0.631424347729 0.574890966029
0.368455987226 0.631288264223 0.574937702616
0.368396343120 0.631708300753 0.575230166910
0.369072150560 0.631153257905 0.575481507835
0.368191641714 0.631849925517 0.575230166910
0.368867449154 0.631294882669 0.575481507835
0.367986940309 0.631991550281 0.575230166910
0.368662747749 0.631436507434 0.575230166910
0.369338555188 0.630881464586 0.575481507835
0.368458046343 0.631578132198 0.575230166910
0.369133853783 0.631023089350 0.575481507835
0.368253344937 0.631719756962 0.575230166910
0.368929152377 0.631164714115 0.575481507835
0.368048643531 0.631861381727 0.575230166910
0.368724450971 0.631306338879 0.575481507835
0.367843942126 0.632003006491 0.575230166910
0.368519749566 0.631447963643 0.575230166910
0.369195557005 0.630892920796 0.575481507835
0.368315048160 0.631589588408 0.575230166910
0.368990855600 0.631034545560 0.575481507835
0.368110346754 0.631731213172 0.575230166910
0.368786154194 0.631176170324 0.575481507835
0.367905645349 0.631872837936 0.575230166910
0.368581452788 0.631317795088 0.574937702616
0.368521808683 0.631737831618 0.575230166910
0.369197616123 0.631182788771 0.575481507835
0.368317107277 0.631879456383 0.575230166910
0.368992914717 0.631324413535 0.574890966029
0.368680211622 0.631188330029 0.575481507835
0.367799702776 0.631884997641 0.575230166910
0.368475510216 0.631329954793 0.575230166910
0.369151317656 0.630774911946 0.575481507835
0.368270808810 0.631471579558 0.575230166910
0.368946616250 0.630916536710 0.575481507835
0.368066107404 0.631613204322 0.575230166910
0.368741914844 0.631058161474 0.575481507835
0.367861405999 0.631754829086 0.575230166910
0.368537213439 0.631199786239 0.574937702616
0.368477569333 0.631619822768 0.575230166910
0.369153376773 0.631064779921 0.575481507835
0.368272867927 0.631761447533 0.575230166910
0.368948675367 0.631206404685 0.575481507835
0.368068166522 0.631903072297 0.575230166910
0.368743973961 0.631348029449 0.574890966029
0.368431270866 0.631211945943 0.574937702616
0.368372217296 0.631627823696 0.575230166910
0.369034773610 0.631083664041 0.575481507835
0.368179910653 0.631760040364 0.575230166910
0.368829725499 0.631226345318 0.575481507835
0.367991145646 0.631889838281 0.575230166910
0.368628699835 0.631366212953 0.575230166910
0.369260295573 0.630847481320 0.575481507835
0.368445009605 0.631492543924 0.575230166910
0.369065016430 0.630983330302 0.575481507835
0.368264553843 0.631616664495 0.575230166910
0.368873389375 0.631116625893 0.575481507835
0.368087220763 0.631738650547 0.575230166910
0.368685280444 0.631247462186 0.575481507835
0.367912904264 0.631858574126 0.575230166910
0.368500562907 0.631375928172 0.575230166910
0.369083155528 0.630897442958 0.575481507835
0.368330583865 0.631492885362 0.575230166910
0.368903302034 0.631022510067 0.575481507835
0.368163378634 0.631607945035 0.575230166910
0.368726551501 0.631145409329 0.575481507835
0.367998858240 0.631721167686 0.575230166910
0.368552798765 0.631266214532 0.574937702616
0.368504307622 0.631607707646 0.575230166910
0.369049313622 0.631160092446 0.575481507835
0.368344906545 0.631717426536 0.575230166910
0.368881261656 0.631276916339 0.575481507835
0.368187947605 0.631825473514 0.575230166910
0.368715922167 0.631391846289 0.574890966029
0.368473516667 0.631286355199 0.574937702616
0.368427636586 0.631609460222 0.575230166910
0.368943520127 0.631185763392 0.575481507835
0.368276467972 0.631713541886 0.575230166910
0.368784593866 0.631296216436 0.575481507835
0.368127497713 0.631816117639 0.575230166910
0.368628095817 0.631404974789 0.575230166910
0.369125013052 0.630996855048 0.575481507835
0.368482305865 0.631505371553 0.575230166910
0.368972021401 0.631103166591 0.575481507835
0.368338561800 0.631604366312 0.575230166910
0.368821281400 0.631207907135 0.575481507835
0.368196807042 0.631701997640 0.575230166910
0.368672727774 0.631311122395 0.574937702616
0.368631018609 0.631604854234 0.575230166910
0.369100329331 0.631219407812 0.575481507835
0.368493081852 0.631699868234 0.575230166910
0.368955963660 0.631319701900 0.575481507835
0.368356978050 0.631793625446 0.575230166910
0.368813604699 0.631418596495 0.574890966029
0.368603736850 0.631327265283 0.575230166910
0.369054275143 0.630957236718 0.575481507835
0.368471156702 0.631418605997 0.575230166910
0.368915766860 0.631053446229 0.575481507835
0.368340270883 0.631508784537 0.575230166910
0.368779106882 0.631148367104 0.575481507835
0.368211036660 0.631597830079 0.575230166910
0.368644246557 0.631242033382 0.574937702616
0.368606256681 0.631509572573 0.575230166910
0.369033982908 0.631158279632 0.575481507835
0.368480203760 0.631596435362 0.575230166910
0.368902583410 0.631249533583 0.575481507835
0.368355683506 0.631682246385 0.575230166910
0.368772848592 0.631339627343 0.574890966029
0.368581006203 0.631256140530 0.574937702616
0.368544637846 0.631512260365 0.575230166910
0.368954218112 0.631175870760 0.575481507835
0.368423791097 0.631595550045 0.575230166910
0.368828466210 0.631263189058 0.575481507835
0.368304353802 0.631677872160 0.575230166910
0.368704239861 0.631349444440 0.574890966029
0.368520296864 0.631269395319 0.574937702616
0.368485417270 0.631515030716 0.575230166910
0.368878328573 0.631192331386 0.575481507835
0.368369363922 0.631595029428 0.575230166910
0.368757759002 0.631276039286 0.575481507835
0.368254611091 0.631674135064 0.575230166910
0.368638592590 0.631358769810 0.575230166910
0.369020404703 0.631045186280 0.575481507835
0.368525736813 0.631436572579 0.575230166910
0.368903282868 0.631126492775 0.575481507835
0.368414111288 0.631513530338 0.575230166910
0.368787485564 0.631206876831 0.575481507835
0.368303689495 0.631589661233 0.575230166910
0.368672983178 0.631286359130 0.574937702616
0.368640567903 0.631514639853 0.575230166910
0.369005869222 0.631214616692 0.575481507835
0.368532477369 0.631589169172 0.575230166910
0.368893871722 0.631292354815 0.575481507835
0.368425515953 0.631662922693 0.575230166910
0.368783086027 0.631369249229 0.574890966029
0.368618505451 0.631297626331 0.574937702616
0.368587278170 0.631517540745 0.575230166910
0.368939261212 0.631228455928 0.575481507835
0.368483039012 0.631589423603 0.575230166910
0.368831393363 0.631303319042 0.575481507835
0.368379850365 0.631660584484 0.575230166910
0.368724650079 0.631377399358 0.574890966029
0.368565917543 0.631308321436 0.574937702616
0.368535794258 0.631520461098 0.575230166910
0.368875395986 0.631241545094 0.575481507835
