0.366666666667 0.766666666667 0.579453814751
0.366635148647 0.766187974709 0.579466743062
0.366636992613 0.765943671709 0.579466743062
0.366638836579 0.765699368708 0.579466743062
0.366640680544 0.765455065707 0.579457395333
0.366653862884 0.765469983488 0.579457395333
0.366667045224 0.765484901268 0.579457395333
0.366680227564 0.765499819049 0.579457395333
0.366693409904 0.765514736830 0.579457395333
0.366706592243 0.765529654610 0.579457395333
0.366719774583 0.765544572391 0.579457395333
0.366732956923 0.765559490172 0.579576989667
0.366463704114 0.765798326012 0.579466743062
0.366465548080 0.765554023011 0.579457395333
0.366478730419 0.765568940792 0.579466743062
0.366480574385 0.765324637791 0.579457395333
0.366493756725 0.765339555572 0.579457395333
0.366506939065 0.765354473353 0.579457395333
0.366520121404 0.765369391133 0.579457395333
0.366533303744 0.765384308914 0.579457395333
0.366546486084 0.765399226695 0.579457395333
0.366559668424 0.765414144475 0.579457395333
0.366572850763 0.765429062256 0.579457395333
0.366586033103 0.765443980037 0.579457395333
0.366599215443 0.765458897817 0.579457395333
0.366612397783 0.765473815598 0.579457395333
0.366625580123 0.765488733379 0.579457395333
0.366638762462 0.765503651159 0.579457395333
0.366651944802 0.765518568940 0.579457395333
0.366665127142 0.765533486721 0.579457395333
0.366678309482 0.765548404501 0.579457395333
0.366691491821 0.765563322282 0.579457395333
0.366704674161 0.765578240063 0.579466743062
0.366706518127 0.765333937062 0.579457395333
0.366719700467 0.765348854843 0.579457395333
0.366732882807 0.765363772623 0.579576989667
0.366463629997 0.765602608464 0.579466743062
0.366465473963 0.765358305463 0.579457395333
0.366478656303 0.765373223244 0.579457395333
0.366491838643 0.765388141024 0.579457395333
0.366505020983 0.765403058805 0.579457395333
0.366518203322 0.765417976586 0.579457395333
0.366531385662 0.765432894366 0.579457395333
0.366544568002 0.765447812147 0.579457395333
0.366557750342 0.765462729928 0.579457395333
0.366570932681 0.765477647708 0.579457395333
0.366584115021 0.765492565489 0.579457395333
0.366597297361 0.765507483270 0.579457395333
0.366610479701 0.765522401050 0.579457395333
0.366623662040 0.765537318831 0.579457395333
0.366636844380 0.765552236612 0.579457395333
0.366650026720 0.765567154392 0.579466743062
0.366651870686 0.765322851392 0.579457395333
0.366665053026 0.765337769172 0.579457395333
0.366678235365 0.765352686953 0.579457395333
0.366691417705 0.765367604734 0.579457395333
0.366704600045 0.765382522514 0.579457395333
0.366717782385 0.765397440295 0.579457395333
0.366730964724 0.765412358076 0.579457395333
0.366744147064 0.765427275856 0.579576989667
0.366474894255 0.765666111697 0.579466743062
0.366476738221 0.765421808696 0.579457395333
0.366489920561 0.765436726477 0.579457395333
0.366503102900 0.765451644257 0.579457395333
0.366516285240 0.765466562038 0.579457395333
0.366529467580 0.765481479819 0.579457395333
0.366542649920 0.765496397599 0.579457395333
0.366555832259 0.765511315380 0.579457395333
0.366569014599 0.765526233161 0.579457395333
0.366582196939 0.765541150941 0.579457395333
0.366595379279 0.765556068722 0.579457395333
0.366608561619 0.765570986503 0.579466743062
0.366610405584 0.765326683502 0.579457395333
0.366623587924 0.765341601283 0.579457395333
0.366636770264 0.765356519063 0.579457395333
0.366649952604 0.765371436844 0.579457395333
0.366663134943 0.765386354625 0.579457395333
0.366676317283 0.765401272405 0.579457395333
0.366689499623 0.765416190186 0.579457395333
0.366702681963 0.765431107967 0.579457395333
0.366715864303 0.765446025748 0.579457395333
0.366729046642 0.765460943528 0.579457395333
0.366742228982 0.765475861309 0.579576989667
0.366472976173 0.765714697149 0.579466743062
0.366474820139 0.765470394148 0.579457395333
0.366488002479 0.765485311929 0.579457395333
0.366501184818 0.765500229710 0.579457395333
0.366514367158 0.765515147490 0.579457395333
0.366527549498 0.765530065271 0.579457395333
0.366540731838 0.765544983052 0.579457395333
0.366553914177 0.765559900832 0.579457395333
0.366567096517 0.765574818613 0.579466743062
0.366568940483 0.765330515612 0.579457395333
0.366582122823 0.765345433393 0.579457395333
0.366595305162 0.765360351174 0.579457395333
0.366608487502 0.765375268954 0.579457395333
0.366621669842 0.765390186735 0.579457395333
0.366634852182 0.765405104516 0.579457395333
0.366648034522 0.765420022296 0.579457395333
0.366661216861 0.765434940077 0.579457395333
0.366674399201 0.765449857858 0.579457395333
0.366687451023 0.765464627938 0.579457395333
0.366700374885 0.765479253213 0.579457395333
0.366713173273 0.765493736495 0.579457395333
0.366725848600 0.765508080515 0.579457395333
0.366738403209 0.765522287925 0.579576989667
0.366484391125 0.765747604756 0.579466743062
0.366486114458 0.765519284194 0.579457395333
0.366498320328 0.765533096954 0.579457395333
0.366510414218 0.765546782991 0.579457395333
0.366522398163 0.765560344610 0.579457395333
0.366534274145 0.765573784052 0.579466743062
0.366535920543 0.765355656373 0.579457395333
0.366547586330 0.765368857949 0.579457395333
0.366559149786 0.765381943721 0.579457395333
0.366570612690 0.765394915705 0.579457395333
0.366581976776 0.765407775860 0.579457395333
0.366593243733 0.765420526100 0.579457395333
0.366604415208 0.765433168287 0.579457395333
0.366615492804 0.765445704237 0.579457395333
0.366626478087 0.765458135721 0.579457395333
0.366637372583 0.765470464466 0.579457395333
0.366648177779 0.765482692155 0.579457395333
0.366658895129 0.765494820432 0.579457395333
0.366669526048 0.765506850900 0.579457395333
0.366680071920 0.765518785125 0.579457395333
0.366690534094 0.765530624633 0.579457395333
0.366700913889 0.765542370917 0.579457395333
0.366711212592 0.765554025433 0.579457395333
0.366721431460 0.765565589604 0.579466743062
0.366722849896 0.765377664219 0.579457395333
0.366732912750 0.765389051838 0.579576989667
0.366528933349 0.765569988081 0.579466743062
0.366530319790 0.765386301614 0.579457395333
0.366540157357 0.765397434286 0.579457395333
0.366549922053 0.765408484494 0.579457395333
0.366559614950 0.765419453450 0.579457395333
0.366569237096 0.765430342341 0.579457395333
0.366578789516 0.765441152327 0.579457395333
0.366588273214 0.765451884544 0.579457395333
0.366597689171 0.765462540101 0.579457395333
0.366607038348 0.765473120087 0.579457395333
0.366616321686 0.765483625567 0.579457395333
0.366625540105 0.765494057581 0.579457395333
0.366634694508 0.765504417151 0.579457395333
0.366643785776 0.765514705276 0.579457395333
0.366652814776 0.765524922934 0.579457395333
0.366661782354 0.765535071084 0.579457395333
0.366670689341 0.765545150666 0.579457395333
0.366679536549 0.765555162599 0.579457395333
0.366688324775 0.765565107786 0.579466743062
0.366689545944 0.765403317719 0.579457395333
0.366698218536 0.765413132049 0.579457395333
0.366706834445 0.765422882232 0.579457395333
0.366715394406 0.765432569103 0.579457395333
0.366723899141 0.765442193477 0.579457395333
0.366732349359 0.765451756157 0.579576989667
0.366560850754 0.765603880896 0.579466743062
0.366562017821 0.765449258744 0.579457395333
0.366570308601 0.765458640996 0.579457395333
0.366578547563 0.765467964609 0.579457395333
0.366586735352 0.765477230311 0.579457395333
0.366594872599 0.765486438818 0.579457395333
0.366602959924 0.765495590830 0.579457395333
0.366610997936 0.765504687038 0.579457395333
0.366618987233 0.765513728117 0.579457395333
0.366626928401 0.765522714732 0.579457395333
0.366634822018 0.765531647535 0.579457395333
0.366642668649 0.765540527166 0.579457395333
0.366650468850 0.765549354256 0.579457395333
0.366658223167 0.765558129421 0.579457395333
0.366665932138 0.765566853269 0.579466743062
0.366667004211 0.765424816641 0.579457395333
0.366674624061 0.765433439635 0.579457395333
0.366682200118 0.765442013072 0.579457395333
0.366689732883 0.765450537518 0.579457395333
0.366697222849 0.765459013530 0.579457395333
0.366704670499 0.765467441655 0.579457395333
0.366712076308 0.765475822431 0.579457395333
0.366719440743 0.765484156386 0.579457395333
0.366726764265 0.765492444042 0.579457395333
0.366734047326 0.765500685910 0.579576989667
0.366586106222 0.765631914394 0.579466743062
0.366587113854 0.765498415486 0.579457395333
0.366594278169 0.765506522976 0.579457395333
0.366601403758 0.765514586641 0.579457395333
0.366608491037 0.765522606953 0.579457395333
0.366615540417 0.765530584376 0.579457395333
0.366622552300 0.765538519366 0.579457395333
0.366629527083 0.765546412371 0.579457395333
0.366636465156 0.765554263835 0.579457395333
0.366643366905 0.765562074191 0.579457395333
0.366650232707 0.765569843869 0.579466743062
0.366651188129 0.765443262003 0.579457395333
0.366657983150 0.765450951581 0.579457395333
0.366664743324 0.765458601725 0.579457395333
0.366671469008 0.765466212837 0.579457395333
0.366678160551 0.765473785315 0.579457395333
0.366684818298 0.765481319547 0.579457395333
0.366691442589 0.765488815919 0.579457395333
