0.100000000000 0.366666666667 0.562762437482
0.099546911953 0.363780780320 0.561976818044
0.100471163166 0.360223588405 0.554391344946
0.102036089394 0.356493869340 0.546092124944
0.102792131232 0.353371830208 0.542386513166
0.102676934719 0.350540664579 0.543678282867
0.102000367369 0.347145057333 0.550029799812
0.101634627107 0.342955604180 0.548585651440
0.102791500540 0.338978029562 0.539212799929
0.104635134284 0.336867675531 0.535446567113
0.106003790296 0.338506060084 0.538921781310
0.106865388935 0.341686033780 0.541667356262
0.105935649515 0.344006787213 0.539377815184
0.105364486163 0.343508139760 0.539377815184
0.104793322811 0.343009492307 0.540423042811
0.104955305494 0.341776349320 0.540147748243
0.105361263162 0.341081705154 0.540253259346
0.105403675064 0.342517705137 0.539863028970
0.104987851527 0.342625265632 0.540423042811
0.105149834210 0.341392122645 0.540253259346
0.105192246113 0.342828122628 0.539863028970
0.104776422575 0.342935683122 0.540423042811
0.104938405259 0.341702540135 0.540147748243
0.105344362927 0.341007895969 0.540253259346
0.105386774829 0.342443895952 0.539863028970
0.104970951292 0.342551456447 0.540423042811
0.105132933975 0.341318313459 0.540253259346
0.105175345877 0.342754313442 0.539863028970
0.104759522340 0.342861873937 0.540423042811
0.104921505023 0.341628730950 0.540147748243
0.105327462691 0.340934086784 0.540253259346
0.105369874594 0.342370086767 0.540170271408
0.105162618287 0.343133956279 0.539863028970
0.104746794750 0.343241516774 0.540423042811
0.104908777433 0.342008373786 0.540147748243
0.105314735101 0.341313729620 0.540253259346
0.105357147004 0.342749729603 0.539863028970
0.104941323466 0.342857290098 0.540423042811
0.105103306149 0.341624147111 0.540170271408
0.104896049843 0.342388016622 0.540147748243
0.105302007511 0.341693372457 0.540170271408
0.105094751204 0.342457241969 0.539863028970
0.104678927667 0.342564802463 0.540423042811
0.104840910350 0.341331659476 0.539630361073
0.105497296799 0.341196121073 0.540253259346
0.105539708701 0.342632121056 0.539863028970
0.105123885164 0.342739681550 0.539863028970
0.104708061626 0.342847242045 0.540423042811
0.104870044310 0.341614099058 0.540147748243
0.105276001977 0.340919454892 0.540253259346
0.105318413880 0.342355454875 0.540170271408
0.105111157573 0.343119324387 0.539863028970
0.104695334036 0.343226884882 0.540423042811
0.104857316719 0.341993741894 0.540147748243
0.105263274387 0.341299097729 0.540253259346
0.105305686290 0.342735097711 0.539863028970
0.104889862752 0.342842658206 0.540423042811
0.105051845436 0.341609515219 0.540147748243
0.105457803103 0.340914871053 0.540253259346
0.105500215006 0.342350871036 0.540170271408
0.105292958699 0.343114740548 0.539863028970
0.104877135162 0.343222301043 0.540423042811
0.105039117845 0.341989158055 0.540147748243
0.105445075513 0.341294513890 0.540253259346
0.105487487416 0.342730513872 0.539863028970
0.105071663878 0.342838074367 0.539863028970
0.104655840341 0.342945634862 0.540423042811
0.104817823024 0.341712491875 0.540147748243
0.105223780692 0.341017847709 0.540253259346
0.105266192594 0.342453847692 0.539863028970
0.104850369057 0.342561408187 0.540423042811
0.105012351740 0.341328265199 0.539630361073
0.105668738189 0.341192726796 0.540253259346
0.105711150091 0.342628726779 0.539863028970
0.105295326554 0.342736287274 0.539863028970
0.104879503016 0.342843847769 0.540423042811
0.105041485700 0.341610704781 0.540147748243
0.105447443367 0.340916060616 0.540253259346
0.105489855270 0.342352060599 0.540170271408
0.105282598963 0.343115930110 0.539863028970
0.104866775426 0.343223490605 0.540423042811
0.105028758109 0.341990347618 0.540147748243
0.105434715777 0.341295703452 0.540253259346
0.105477127680 0.342731703435 0.539863028970
0.105061304142 0.342839263930 0.539863028970
0.104645480605 0.342946824425 0.540423042811
0.104807463288 0.341713681437 0.540147748243
0.105213420956 0.341019037272 0.540253259346
0.105255832858 0.342455037255 0.539863028970
0.104840009321 0.342562597749 0.540423042811
0.105001992004 0.341329454762 0.539630361073
0.105658378453 0.341193916359 0.540253259346
0.105700790355 0.342629916342 0.539863028970
0.105284966818 0.342737476837 0.539863028970
0.104869143280 0.342845037331 0.540423042811
0.105031125964 0.341611894344 0.540147748243
0.105437083631 0.340917250178 0.540253259346
0.105479495534 0.342353250161 0.540170271408
0.105272239227 0.343117119673 0.539863028970
0.104856415690 0.343224680168 0.540423042811
0.105018398373 0.341991537180 0.540147748243
0.105420336658 0.341303770680 0.540253259346
0.105461916955 0.342711613800 0.539863028970
0.105058204783 0.342816041465 0.540423042811
0.105213957363 0.341630327054 0.540170271408
0.105016570404 0.342357821827 0.540147748243
0.105399549336 0.341702497142 0.540170271408
0.105205851854 0.342416393882 0.539863028970
0.104820830060 0.342515986933 0.540423042811
0.104969438026 0.341384663091 0.539630361073
0.105566152979 0.341261446361 0.540253259346
0.105604361900 0.342555140039 0.539863028970
0.105233090884 0.342651176196 0.539863028970
0.104865105453 0.342746362474 0.540423042811
0.105007195526 0.341664658099 0.540147748243
0.105360202194 0.341060619694 0.540253259346
0.105396764179 0.342298550714 0.540170271408
0.105219622037 0.342951430639 0.539863028970
0.104867229208 0.343042583600 0.540423042811
0.105003349110 0.342006328989 0.540147748243
0.105341647167 0.341427458851 0.540253259346
0.105376698326 0.342614235696 0.539863028970
0.105035859361 0.342702400037 0.540423042811
0.105167552599 0.341699844762 0.540170271408
0.105000410417 0.342315868562 0.540147748243
0.105325176551 0.341760153229 0.540170271408
0.105160687419 0.342366398873 0.540170271408
0.104997493477 0.342967870930 0.540423042811
0.105124042448 0.342004477971 0.540170271408
0.104963378645 0.342596624879 0.540423042811
0.105087980709 0.341648053350 0.540170271408
0.104929769788 0.342231159848 0.540147748243
0.105237313476 0.341704914268 0.540170271408
0.105081481666 0.342279252246 0.540170271408
0.104926812781 0.342849304121 0.540423042811
0.105046799954 0.341935864871 0.540147748243
0.105345298239 0.341425097102 0.540253259346
0.105376255832 0.342473272272 0.539863028970
0.105074934428 0.342551214660 0.539863028970
0.104775780804 0.342628596311 0.540423042811
0.104891482721 0.341747779891 0.540147748243
0.105179395960 0.341255124454 0.540253259346
0.105209263497 0.342266392048 0.540170271408
0.105064329017 0.342800566532 0.539863028970
0.104775562672 0.342875261320 0.540423042811
0.104887274867 0.342024817880 0.540147748243
0.105165328064 0.341549034205 0.540170271408
0.105024337380 0.342068673329 0.540147748243
0.105298633101 0.341599319163 0.540170271408
0.105159534909 0.342111983264 0.540170271408
0.105021364038 0.342621229606 0.540423042811
0.105128637338 0.341804578620 0.540170271408
0.104992284505 0.342307124352 0.540147748243
0.105257616314 0.341853108557 0.540170271408
0.105123034297 0.342349127721 0.540170271408
0.104989320551 0.342841946760 0.540423042811
0.105093155604 0.342051470486 0.540170271408
0.104961145218 0.342538011577 0.540423042811
0.105063665904 0.341757541331 0.540170271408
0.104933316026 0.342237962408 0.540147748243
0.105187039568 0.341803809804 0.540170271408
0.105058308943 0.342278262917 0.540147748243
0.105308900096 0.341849470222 0.540170271408
0.105181748988 0.342318101825 0.540170271408
0.105055373191 0.342783875917 0.540423042811
0.105153544514 0.342036516531 0.540170271408
0.105028691318 0.342496678887 0.540423042811
0.105125686936 0.341758269913 0.540170271408
0.105002320087 0.342212954146 0.540147748243
0.105242531725 0.341801922095 0.540170271408
0.105120616251 0.342251257102 0.540170271408
0.104999413732 0.342697964419 0.540423042811
0.105093589711 0.341981020821 0.540170271408
0.104973788378 0.342422563892 0.540423042811
0.105066881874 0.341713861025 0.540170271408
0.104948449699 0.342150357889 0.540147748243
0.105179107465 0.341755673704 0.540170271408
0.105062013506 0.342187238400 0.540170271408
0.104945577379 0.342616378575 0.540423042811
0.105036070498 0.341927471878 0.540147748243
0.105261602536 0.341541558453 0.540170271408
0.105147096289 0.341963585807 0.540170271408
0.105033219198 0.342383294330 0.540147748243
0.105255053989 0.342003707354 0.540170271408
0.105142414692 0.342418853828 0.539863028970
0.104917645213 0.342476994636 0.540423042811
0.105004732677 0.341814014535 0.540147748243
0.105221822339 0.341442547067 0.540170271408
0.105111579622 0.341848860637 0.540170271408
0.105001920201 0.342253024400 0.540147748243
0.105215582131 0.341887422207 0.540170271408
0.105107070976 0.342287353889 0.540170271408
0.104999124983 0.342685202593 0.540423042811
0.105083053835 0.342046268402 0.540170271408
0.104976220687 0.342440015573 0.540423042811
0.105059288730 0.341807634554 0.540170271408
0.104953545717 0.342197363897 0.540147748243
0.105159615599 0.341844752645 0.540170271408
0.105054940696 0.342230545328 0.540147748243
0.105258939524 0.341881477908 0.540170271408
