0.500000000000 0.100000000000 0.472263512885
0.485247860295 0.102701403814 0.448624817793
0.474112262333 0.100967549067 0.455946084767
0.465136170514 0.105238571741 0.435964136039
0.458235048587 0.110641095355 0.416985912517
0.437456634647 0.118821969596 0.362976869452
0.418713839717 0.121339981835 0.355632068872
0.391641831679 0.123631594620 0.336061676052
0.347881250442 0.127072520399 0.291557181021
0.294700968712 0.148312060600 0.302611768952
0.304124784325 0.147440097889 0.243046520637
0.360547094922 0.102727051428 0.447248966873
0.337698027210 0.086231964165 0.517770346007
0.327721338462 0.083090339126 0.521078139978
0.317870165453 0.084743429901 0.524226242890
0.297109840630 0.080780801082 0.516875942463
0.274035234309 0.084837063691 0.479505657494
0.266035021415 0.084935219847 0.473559965504
0.240223201697 0.091559296532 0.402437666676
0.185196095836 0.090438858394 0.487935000782
0.141188841087 0.090304013044 0.500922899298
0.097224763914 0.097314583143 0.448906367383
0.035854052952 0.170117814541 0.700918619528
-0.013132449423 0.222236271945 1.000000000000
-0.013132449423 0.222236271945 1.000000000000
-0.013132449423 0.222236271945 1.000000000000
-0.013132449423 0.222236271945 1.000000000000
-0.013132449423 0.222236271945 1.000000000000
-0.013132449423 0.222236271945 1.000000000000
-0.013132449423 0.222236271945 1.000000000000
-0.013132449423 0.222236271945 1.000000000000
-0.013132449423 0.222236271945 1.000000000000
-0.013132449423 0.222236271945 1.000000000000
-0.013132449423 0.222236271945 1.000000000000
-0.013132449423 0.222236271945 1.000000000000
-0.013132449423 0.222236271945 1.000000000000
-0.013132449423 0.222236271945 1.000000000000
-0.013132449423 0.222236271945 1.000000000000
-0.013132449423 0.222236271945 1.000000000000
-0.013132449423 0.222236271945 1.000000000000
-0.013132449423 0.222236271945 1.000000000000
-0.013132449423 0.222236271945 1.000000000000
-0.013132449423 0.222236271945 1.000000000000
-0.013132449423 0.222236271945 1.000000000000
-0.013132449423 0.222236271945 1.000000000000
-0.013132449423 0.222236271945 1.000000000000
-0.013132449423 0.222236271945 1.000000000000
-0.013132449423 0.222236271945 1.000000000000
-0.013132449423 0.222236271945 1.000000000000
-0.013132449423 0.222236271945 1.000000000000
-0.013132449423 0.222236271945 1.000000000000
-0.013132449423 0.222236271945 1.000000000000
-0.013132449423 0.222236271945 1.000000000000
-0.013132449423 0.222236271945 1.000000000000
-0.013132449423 0.222236271945 1.000000000000
-0.013132449423 0.222236271945 1.000000000000
-0.013132449423 0.222236271945 1.000000000000
-0.013132449423 0.222236271945 1.000000000000
-0.013132449423 0.222236271945 1.000000000000
-0.013132449423 0.222236271945 1.000000000000
-0.013132449423 0.222236271945 1.000000000000
-0.013132449423 0.222236271945 1.000000000000
-0.013132449423 0.222236271945 1.000000000000
-0.013132449423 0.222236271945 1.000000000000
-0.013132449423 0.222236271945 1.000000000000
-0.013132449423 0.222236271945 1.000000000000
-0.013132449423 0.222236271945 1.000000000000
-0.013132449423 0.222236271945 1.000000000000
-0.013132449423 0.222236271945 1.000000000000
-0.013132449423 0.222236271945 1.000000000000
-0.013132449423 0.222236271945 1.000000000000
-0.013132449423 0.222236271945 1.000000000000
-0.013132449423 0.222236271945 1.000000000000
-0.013132449423 0.222236271945 1.000000000000
-0.013132449423 0.222236271945 1.000000000000
-0.013132449423 0.222236271945 1.000000000000
-0.013132449423 0.222236271945 1.000000000000
-0.013132449423 0.222236271945 1.000000000000
-0.013132449423 0.222236271945 1.000000000000
-0.013132449423 0.222236271945 1.000000000000
-0.013132449423 0.222236271945 1.000000000000
-0.013132449423 0.222236271945 1.000000000000
-0.013132449423 0.222236271945 1.000000000000
-0.013132449423 0.222236271945 1.000000000000
-0.013132449423 0.222236271945 1.000000000000
-0.013132449423 0.222236271945 1.000000000000
-0.013132449423 0.222236271945 1.000000000000
-0.013132449423 0.222236271945 1.000000000000
-0.013132449423 0.222236271945 1.000000000000
-0.013132449423 0.222236271945 1.000000000000
-0.013132449423 0.222236271945 1.000000000000
-0.013132449423 0.222236271945 1.000000000000
-0.013132449423 0.222236271945 1.000000000000
-0.013132449423 0.222236271945 1.000000000000
-0.013132449423 0.222236271945 1.000000000000
-0.013132449423 0.222236271945 1.000000000000
-0.013132449423 0.222236271945 1.000000000000
-0.013132449423 0.222236271945 1.000000000000
-0.013132449423 0.222236271945 1.000000000000
-0.013132449423 0.222236271945 1.000000000000
-0.013132449423 0.222236271945 1.000000000000
-0.013132449423 0.222236271945 1.000000000000
-0.013132449423 0.222236271945 1.000000000000
-0.013132449423 0.222236271945 1.000000000000
-0.013132449423 0.222236271945 1.000000000000
-0.013132449423 0.222236271945 1.000000000000
-0.013132449423 0.222236271945 1.000000000000
-0.013132449423 0.222236271945 1.000000000000
-0.013132449423 0.222236271945 1.000000000000
-0.013132449423 0.222236271945 1.000000000000
-0.013132449423 0.222236271945 1.000000000000
-0.013132449423 0.222236271945 1.000000000000
-0.013132449423 0.222236271945 1.000000000000
-0.013132449423 0.222236271945 1.000000000000
-0.013132449423 0.222236271945 1.000000000000
-0.013132449423 0.222236271945 1.000000000000
-0.013132449423 0.222236271945 1.000000000000
-0.013132449423 0.222236271945 1.000000000000
-0.013132449423 0.222236271945 1.000000000000
-0.013132449423 0.222236271945 1.000000000000
-0.013132449423 0.222236271945 1.000000000000
-0.013132449423 0.222236271945 1.000000000000
-0.013132449423 0.222236271945 1.000000000000
-0.013132449423 0.222236271945 1.000000000000
-0.013132449423 0.222236271945 1.000000000000
-0.013132449423 0.222236271945 1.000000000000
-0.013132449423 0.222236271945 1.000000000000
-0.013132449423 0.222236271945 1.000000000000
-0.013132449423 0.222236271945 1.000000000000
-0.013132449423 0.222236271945 1.000000000000
-0.013132449423 0.222236271945 1.000000000000
-0.013132449423 0.222236271945 1.000000000000
-0.013132449423 0.222236271945 1.000000000000
-0.013132449423 0.222236271945 1.000000000000
-0.013132449423 0.222236271945 1.000000000000
-0.013132449423 0.222236271945 1.000000000000
-0.013132449423 0.222236271945 1.000000000000
-0.013132449423 0.222236271945 1.000000000000
-0.013132449423 0.222236271945 1.000000000000
-0.013132449423 0.222236271945 1.000000000000
-0.013132449423 0.222236271945 1.000000000000
-0.013132449423 0.222236271945 1.000000000000
-0.013132449423 0.222236271945 1.000000000000
-0.013132449423 0.222236271945 1.000000000000
-0.013132449423 0.222236271945 1.000000000000
-0.013132449423 0.222236271945 1.000000000000
-0.013132449423 0.222236271945 1.000000000000
-0.013132449423 0.222236271945 1.000000000000
-0.013132449423 0.222236271945 1.000000000000
-0.013132449423 0.222236271945 1.000000000000
-0.013132449423 0.222236271945 1.000000000000
-0.013132449423 0.222236271945 1.000000000000
-0.013132449423 0.222236271945 1.000000000000
-0.013132449423 0.222236271945 1.000000000000
-0.013132449423 0.222236271945 1.000000000000
-0.013132449423 0.222236271945 1.000000000000
-0.013132449423 0.222236271945 1.000000000000
-0.013132449423 0.222236271945 1.000000000000
-0.013132449423 0.222236271945 1.000000000000
-0.013132449423 0.222236271945 1.000000000000
-0.013132449423 0.222236271945 1.000000000000
-0.013132449423 0.222236271945 1.000000000000
-0.013132449423 0.222236271945 1.000000000000
-0.013132449423 0.222236271945 1.000000000000
-0.013132449423 0.222236271945 1.000000000000
-0.013132449423 0.222236271945 1.000000000000
-0.013132449423 0.222236271945 1.000000000000
-0.013132449423 0.222236271945 1.000000000000
-0.013132449423 0.222236271945 1.000000000000
-0.013132449423 0.222236271945 1.000000000000
-0.013132449423 0.222236271945 1.000000000000
-0.013132449423 0.222236271945 1.000000000000
-0.013132449423 0.222236271945 1.000000000000
-0.013132449423 0.222236271945 1.000000000000
-0.013132449423 0.222236271945 1.000000000000
-0.013132449423 0.222236271945 1.000000000000
-0.013132449423 0.222236271945 1.000000000000
-0.013132449423 0.222236271945 1.000000000000
-0.013132449423 0.222236271945 1.000000000000
-0.013132449423 0.222236271945 1.000000000000
-0.013132449423 0.222236271945 1.000000000000
-0.013132449423 0.222236271945 1.000000000000
-0.013132449423 0.222236271945 1.000000000000
-0.013132449423 0.222236271945 1.000000000000
-0.013132449423 0.222236271945 1.000000000000
-0.013132449423 0.222236271945 1.000000000000
-0.013132449423 0.222236271945 1.000000000000
-0.013132449423 0.222236271945 1.000000000000
-0.013132449423 0.222236271945 1.000000000000
-0.013132449423 0.222236271945 1.000000000000
-0.013132449423 0.222236271945 1.000000000000
-0.013132449423 0.222236271945 1.000000000000
-0.013132449423 0.222236271945 1.000000000000
-0.013132449423 0.222236271945 1.000000000000
-0.013132449423 0.222236271945 1.000000000000
-0.013132449423 0.222236271945 1.000000000000
-0.013132449423 0.222236271945 1.000000000000
-0.013132449423 0.222236271945 1.000000000000
-0.013132449423 0.222236271945 1.000000000000
-0.013132449423 0.222236271945 1.000000000000
