0.500000000000 0.233333333333 0.694195684154
0.506413223228 0.234874982848 0.674567280858
0.508720060398 0.224931971167 0.670617756616
0.504900904561 0.231322307532 0.670180502409
0.508615103266 0.226059918992 0.666865877630
0.504770791045 0.230579507567 0.674889480507
0.509727249295 0.226230656604 0.671512610708
0.503966844304 0.231242671857 0.674889480507
0.508923302554 0.226893820893 0.665920398649
0.503246657731 0.229962485392 0.672684226333
0.509282842674 0.227797629433 0.660549012329
0.503970507756 0.228807349217 0.665386478653
0.508667695875 0.226989364295 0.663210524131
0.505042005870 0.229487408870 0.663394336623
0.508214754941 0.227262603101 0.663210524131
0.504589064936 0.229760647676 0.670073400723
0.509495415231 0.226611441319 0.671512610708
0.503735010239 0.231623456572 0.684218242896
0.509406237130 0.227712686508 0.660549012329
0.504093902213 0.228722406292 0.665386478653
0.508791090331 0.226904421369 0.665920398649
0.503114445508 0.229973085868 0.672684226333
0.509150630452 0.227808229909 0.660549012329
0.503838295534 0.228817949693 0.666842918648
0.509772827707 0.227688795666 0.661855614038
0.502416979403 0.229364889164 0.667506594543
0.509272765359 0.229166691583 0.655653334000
0.504565521345 0.228076669900 0.660964683166
0.508934580805 0.227690783646 0.660549012329
0.503622245887 0.228700503430 0.666842918648
0.509556778061 0.227571349403 0.665920398649
0.503880133238 0.230640013902 0.678539211856
0.509837453577 0.227543725695 0.669176759897
0.502211914120 0.231152963354 0.680831754678
0.508915709783 0.229578086127 0.651443490047
0.505002603723 0.226426498194 0.655977323971
0.506901200372 0.229420029264 0.658942694925
0.506358135792 0.227264688481 0.659355359766
0.506812612527 0.228789660308 0.658942694925
0.506269547947 0.226634319526 0.659109429480
0.506336927447 0.230088893600 0.662749523332
0.508205940218 0.225946364648 0.666865877630
0.504361627998 0.230465953224 0.670073400723
0.509267978292 0.227316746867 0.665920398649
0.503591333470 0.230385411366 0.672684226333
0.509627518413 0.228220555407 0.660549012329
0.504315183495 0.229230275191 0.665386478653
0.509012371614 0.227412290268 0.665920398649
0.503335726791 0.230480954767 0.672684226333
0.509371911734 0.228316098808 0.660549012329
0.504059576816 0.229325818592 0.665386478653
0.508756764935 0.227507833669 0.665920398649
0.503080120112 0.230576498168 0.678539211856
0.509037440451 0.227480209962 0.665920398649
0.503360795628 0.230548874460 0.678539211856
0.509318115968 0.227452586254 0.665920398649
0.503641471145 0.230521250753 0.672684226333
0.509677656088 0.228356394794 0.660549012329
0.504365321170 0.229366114578 0.665386478653
0.509062509289 0.227548129655 0.665920398649
0.503385864466 0.230616794154 0.678539211856
0.509343184806 0.227520505948 0.665920398649
0.503666539983 0.230589170446 0.678539211856
0.509623860322 0.227492882240 0.665920398649
0.503947215499 0.230561546739 0.674889480507
0.508903673749 0.226212695775 0.671512610708
0.503143268757 0.231224711028 0.678539211856
0.509100589097 0.228128422822 0.660549012329
0.503788254179 0.229138142606 0.666842918648
0.509722786352 0.228008988579 0.660549012329
0.504410451435 0.229018708363 0.665386478653
0.509107639553 0.227200723440 0.665920398649
0.503430994730 0.230269387939 0.672684226333
0.509467179673 0.228104531980 0.660549012329
0.504154844756 0.229114251764 0.665386478653
0.508852032874 0.227296266841 0.665920398649
0.503175388051 0.230364931340 0.672684226333
0.509211572995 0.228200075381 0.660549012329
0.503899238077 0.229209795165 0.665386478653
0.508596426195 0.227391810242 0.663210524131
0.504970736190 0.229889854818 0.666653935095
0.508476106971 0.226071338939 0.666865877630
0.504631794751 0.230590927514 0.674889480507
0.509588253000 0.226242076551 0.671512610708
0.503827848009 0.231254091804 0.678539211856
0.509785168348 0.228157803598 0.661855614038
0.502429320044 0.229833897096 0.674205001369
0.509303203469 0.228912328217 0.655653334000
0.504595959455 0.227822306534 0.660964683166
0.508965018916 0.227436420280 0.665920398649
0.503288374093 0.230505084778 0.672684226333
0.509324559036 0.228340228820 0.660549012329
0.504012224118 0.229349948604 0.665386478653
0.508709412237 0.227531963681 0.663210524131
0.505083722232 0.230030008256 0.666653935095
0.508589093013 0.226211492377 0.666865877630
0.504744780792 0.230731080953 0.674889480507
0.509701239042 0.226382229989 0.671512610708
0.503940834050 0.231394245242 0.674889480507
0.508897292300 0.227045394279 0.665920398649
0.503220647477 0.230114058777 0.672684226333
0.509197068213 0.227970637036 0.660549012329
0.503988896725 0.228960558393 0.665386478653
0.508549273539 0.227195524487 0.663210524131
0.505063033150 0.229597490425 0.666653935095
0.508401481512 0.225960808636 0.666865877630
0.504774771870 0.230224571443 0.670073400723
0.509360145978 0.227281387932 0.665920398649
0.504103993364 0.230122743949 0.670073400723
0.508605232166 0.227233563805 0.663210524131
0.505309150344 0.229504513419 0.663394336623
0.508167482840 0.227500183897 0.663210524131
0.504930259622 0.229730580839 0.666653935095
0.508032357658 0.226351363247 0.666865877630
0.504660153955 0.230315914629 0.670073400723
0.508926545516 0.227577474319 0.665920398649
0.504032886186 0.230222874749 0.670073400723
0.508226347976 0.227531245384 0.663210524131
0.505153729328 0.229648232312 0.666653935095
0.508099419060 0.226439395439 0.666865877630
0.504895825543 0.230205719252 0.666653935095
0.507792826188 0.227049921005 0.663210524131
0.504820949135 0.229097498526 0.665386478653
0.508639801264 0.227619462003 0.663210524131
0.505715857711 0.229634014080 0.666653935095
0.508520154336 0.226579201377 0.666865877630
0.505469112891 0.230166176437 0.666653935095
0.508229247364 0.227159471020 0.663210524131
0.505396677048 0.229111068345 0.663394336623
0.507856172452 0.227386412710 0.663210524131
0.505067180140 0.229307985460 0.663394336623
0.507489125996 0.227609660445 0.661043847934
0.506311769249 0.229097228187 0.661150710317
0.507369187468 0.227342308614 0.661043847934
0.506209403209 0.228807673853 0.661150710317
0.507251155973 0.227078753088 0.661043847934
0.506108427366 0.228522568838 0.660019223222
0.506778243983 0.228212493429 0.660019223222
0.507443206858 0.227904664944 0.659745069008
0.506656044954 0.227829348758 0.660019223222
0.507311508358 0.227525917822 0.661043847934
0.506209302042 0.228918534432 0.661150710317
0.507199700796 0.227274842156 0.661043847934
0.506112909952 0.228647981610 0.661150710317
0.507089553168 0.227027118394 0.661043847934
0.506017752543 0.228381317993 0.660019223222
0.506646279096 0.228090356822 0.660019223222
0.507270529957 0.227801374979 0.659745069008
0.506531236007 0.227730638831 0.660019223222
0.507147107662 0.227445535938 0.661043847934
0.506111033725 0.228754595551 0.661150710317
0.507042402089 0.227208871689 0.661043847934
0.506019960704 0.228500706834 0.660019223222
0.506619731139 0.228223057612 0.660019223222
0.507215606962 0.227947211307 0.659745069008
0.506509700480 0.227879669694 0.660019223222
0.507097936869 0.227607359880 0.661043847934
0.506108057311 0.228858053778 0.661150710317
0.506998162520 0.227380811353 0.661043847934
0.506020734277 0.228615773252 0.661150710317
0.506899713171 0.227156996357 0.661043847934
0.505934426894 0.228376617114 0.660019223222
0.506500876750 0.228114392849 0.660019223222
0.507063851453 0.227853777322 0.659745069008
0.506396683742 0.227789942261 0.660019223222
0.506952834510 0.227532485710 0.661043847934
0.506016623121 0.228715370903 0.661150710317
0.506858758588 0.227317740345 0.661043847934
0.505933692572 0.228486543570 0.660019223222
0.506476680008 0.228235180665 0.660019223222
0.507016473400 0.227985296366 0.659745069008
0.506376616648 0.227924074436 0.660019223222
0.506910133372 0.227677095768 0.659745069008
0.506277673808 0.227616581606 0.659355359766
0.506538867334 0.228493002197 0.660019223222
0.507063238058 0.228250257448 0.659745069008
0.506441559054 0.228190774778 0.660019223222
0.506960004685 0.227950772908 0.659745069008
0.506345310838 0.227891958583 0.660019223222
0.506857963780 0.227654638298 0.659745069008
0.506250099866 0.227596477465 0.659355359766
0.506501191984 0.228439003337 0.660019223222
0.507005394603 0.228205594925 0.659745069008
0.506407495671 0.228148387548 0.660019223222
0.506906217826 0.227917516184 0.659745069008
0.506314782666 0.227860927266 0.660019223222
0.506808142218 0.227632538390 0.660019223222
0.507298863483 0.227405370844 0.661043847934
0.506472208746 0.228449833301 0.660019223222
0.506957737194 0.228225069646 0.659745069008
0.506381866117 0.228169969909 0.660019223222
0.506862310497 0.227947559799 0.659745069008
0.506292438077 0.227893034018 0.660019223222
0.506767903759 0.227672928677 0.660019223222
0.507240918587 0.227453957899 0.661043847934
0.506443938635 0.228460926832 0.660019223222
0.506912126782 0.228244190449 0.659745069008
0.506356718128 0.228191048571 0.660019223222
0.506820177101 0.227976501445 0.659745069008
0.506270350445 0.227923893657 0.660019223222
