0.500000000000 0.366666666667 0.654651183760
0.491733902831 0.377156399111 0.624629121141
0.487324905353 0.368236443157 0.641080210910
0.492504060638 0.357837817363 0.655001141619
0.481038179556 0.364036775358 0.646070564421
0.482190847107 0.355162822732 0.655220266071
0.472035417124 0.348835709204 0.664417327313
0.477487663532 0.345005370873 0.659803944504
0.476105851812 0.348288337835 0.661525210068
0.481346664232 0.346067355147 0.665064219586
0.477916264347 0.356238270716 0.661841736816
0.473272119892 0.343174042791 0.662275281217
0.468208189616 0.336294227881 0.689791086272
0.452683703687 0.326895828622 0.637455872436
0.453054468561 0.338322601537 0.639074168020
0.455977302642 0.355598934316 0.636752435770
0.454030355337 0.365469559103 0.631694862030
0.454748370154 0.360815132932 0.632824375470
0.452704942528 0.367906971974 0.634425143047
0.455188690735 0.356020787721 0.635030652268
0.452533543732 0.363821327254 0.632486420974
0.454774361636 0.357511608296 0.634077159755
0.452493860197 0.366017666928 0.633431998564
0.455045304096 0.356382051972 0.634535694945
0.452607156278 0.364676838955 0.632486420974
0.454847974182 0.358367119997 0.633644129938
0.452673848665 0.366754094916 0.633931813992
0.455239844707 0.355822834787 0.635030652268
0.452584697705 0.363623374321 0.632077796054
0.454523492560 0.359163786575 0.633228092656
0.452420831491 0.367078563564 0.633931813992
0.454986827533 0.356147303434 0.634535694945
0.452548679715 0.364442090417 0.632486420974
0.454789497618 0.358132371459 0.633644129938
0.452615372101 0.366519346379 0.633431998564
0.455166816001 0.356883731423 0.634535694945
0.452728668182 0.365178518406 0.632944114656
0.455172234024 0.357111553667 0.634077159755
0.452891732585 0.365617612298 0.632944114656
0.455335298427 0.357550647559 0.635981118835
0.453239566123 0.368582958612 0.634425143047
0.455723314330 0.356696774359 0.636374216889
0.453763556526 0.367269394371 0.632092087495
0.455073514939 0.359418265036 0.633228092656
0.452970853870 0.367333042024 0.633931813992
0.455536849912 0.356401781895 0.636374216889
0.453577092107 0.366974401907 0.632092087495
0.454887050521 0.359123272572 0.633228092656
0.452784389451 0.367038049561 0.633931813992
0.455350385494 0.356106789431 0.636374216889
0.453390627689 0.366679409443 0.631864525069
0.454413368319 0.360328635574 0.632824375470
0.452369940693 0.367420474616 0.633931813992
0.454935936735 0.356489214487 0.634535694945
0.452497788917 0.364784001470 0.632486420974
0.454738606820 0.358474282512 0.633644129938
0.452564481303 0.366861257431 0.633931813992
0.455130477346 0.355929997302 0.635030652268
0.452475330343 0.363730536836 0.632077796054
0.454414125199 0.359270949090 0.633228092656
0.452311464129 0.367185726079 0.636298773130
0.455895865396 0.353955918780 0.637569890333
0.453549371302 0.362017829217 0.631549452765
0.453321185488 0.362780501492 0.631549452765
0.453092999674 0.363543173767 0.632077796054
0.455031794530 0.359083586022 0.633228092656
0.452929133460 0.366998363010 0.633931813992
0.455495129503 0.356067102881 0.636374216889
0.453535371698 0.366639722893 0.631864525069
0.454558112328 0.360288949024 0.632824375470
0.452514684702 0.367380788066 0.633931813992
0.455080680744 0.356449527937 0.634535694945
0.452642532926 0.364744314919 0.632486420974
0.454883350829 0.358434595961 0.633644129938
0.452709225312 0.366821570881 0.633931813992
0.455275221355 0.355890310752 0.636752435770
0.453328274050 0.365760935539 0.631864525069
0.454351014680 0.359410161669 0.633228092656
0.452248353610 0.367324938658 0.636298773130
0.455832754877 0.354095131360 0.637141679613
0.453758013327 0.363098465232 0.631536468736
0.453851082667 0.362091971710 0.631549452765
0.453622896854 0.362854643985 0.631536468736
0.453715966194 0.361848150463 0.631626320055
0.453151441294 0.364223458338 0.632486420974
0.455392259198 0.357913739380 0.635981118835
0.453296526894 0.368946050432 0.634892290167
0.455591452716 0.356492694791 0.636374216889
0.453631694912 0.367065314803 0.632092087495
0.454941653325 0.359214185468 0.633228092656
0.452838992256 0.367128962457 0.633931813992
0.455404988298 0.356197702327 0.636374216889
0.453445230493 0.366770322340 0.632092087495
0.454755188907 0.358919193004 0.633644129938
0.452581063390 0.367306167924 0.633931813992
0.455147059432 0.356374907795 0.634535694945
0.452708911614 0.364669694778 0.632486420974
0.454949729518 0.358359975820 0.633644129938
0.452775604001 0.366746950739 0.633931813992
0.455341600043 0.355815690610 0.636752435770
0.453394652738 0.365686315397 0.631694862030
0.454105558497 0.361077972654 0.631626320055
0.453552102713 0.363406705864 0.631536468736
0.453642461296 0.362429527687 0.631549452765
0.453423051860 0.363162866413 0.631536468736
0.453511689327 0.362204301154 0.631549452765
0.453296419691 0.362923803300 0.632077796054
0.455108377500 0.358755964286 0.633644129938
0.453095298318 0.366521681804 0.633431998564
0.455436072537 0.357681668083 0.635981118835
0.453530861352 0.367711041768 0.632372257614
0.454935122772 0.359523485367 0.633228092656
0.453057746817 0.366590250536 0.633431998564
0.455315661772 0.358063157654 0.635551899224
0.453276382193 0.367879909997 0.634425143047
0.455436163243 0.357544097603 0.635981118835
0.453629497463 0.367054710579 0.632092087495
0.454749120039 0.360344343626 0.632824375470
0.453017401712 0.366354376713 0.633431998564
0.455161472215 0.358257221288 0.633644129938
0.453349700951 0.365246367054 0.631694862030
0.453943101626 0.361399733855 0.631626320055
0.453480376298 0.363346707523 0.631536468736
0.453556042429 0.362528420107 0.631549452765
0.453372021611 0.363143478393 0.631536468736
0.453446477083 0.362338283575 0.631549452765
0.453265377231 0.362943579032 0.632077796054
0.454791987354 0.359432092618 0.633228092656
0.453149283393 0.365615512140 0.632944114656
0.455043520480 0.359362051102 0.633228092656
0.453426088888 0.365450341093 0.631694862030
0.453974191802 0.361897344016 0.631549452765
0.453801323761 0.362475126043 0.631549452765
0.453629755480 0.363048563844 0.631536468736
0.453699210211 0.362297449275 0.631549452765
0.453530183683 0.362862391701 0.631536468736
0.453598617021 0.362122322935 0.631549452765
0.453432058033 0.362679018026 0.631549452765
0.453266705994 0.363231679095 0.632077796054
0.454661522437 0.360023342588 0.632824375470
0.453201931275 0.365088941903 0.632944114656
0.454934956695 0.359367690316 0.633228092656
0.453454209463 0.364941476927 0.631694862030
0.453956317726 0.361686633451 0.631626320055
0.453564286546 0.363336152808 0.631536468736
0.453628472298 0.362642019345 0.631549452765
0.453472180645 0.363164397615 0.631536468736
0.453535493121 0.362479708145 0.631549452765
0.453381313517 0.362995027249 0.631536468736
0.453443776162 0.362319528241 0.631549452765
0.453291652286 0.362827976425 0.631738037568
0.454306845219 0.361094753033 0.632433117654
0.453010652989 0.365005539442 0.632944114656
0.454607754847 0.359733013469 0.633228092656
0.453242390516 0.364872479046 0.632944114656
0.454818884607 0.359667985666 0.633228092656
0.453471024948 0.364741560658 0.631585247250
0.453730378360 0.362930683226 0.631536468736
0.453789283006 0.362293662009 0.631549452765
0.453645769916 0.362773330107 0.631549452765
0.453503153782 0.363250000279 0.631536468736
0.453560960826 0.362624849023 0.631549452765
0.453420105385 0.363095634378 0.631536468736
0.453477203140 0.362478153689 0.631549452765
0.453338065448 0.362943197759 0.631536468736
0.453394471109 0.362333201686 0.631549452765
0.453257009776 0.362792642815 0.631738037568
0.454174938715 0.361225476754 0.631626320055
0.453838911989 0.362639350489 0.631549452765
0.453703890797 0.363090635859 0.631536468736
0.453758637468 0.362498580846 0.631549452765
0.453625195472 0.362944588024 0.631536468736
0.453679305553 0.362359417372 0.631549452765
0.453547406239 0.362800268398 0.631549452765
0.453416264967 0.363238585797 0.631536468736
0.453469447447 0.362663446642 0.631549452765
0.453339796416 0.363096783162 0.631536468736
0.453392377965 0.362528142754 0.631549452765
0.453264183687 0.362956610324 0.632077796054
0.454347309305 0.360465220522 0.632824375470
0.453212071735 0.364405131101 0.632486420974
0.454450092676 0.360919098528 0.632433117654
0.453367558506 0.364185249814 0.631585247250
0.453590063893 0.362631655514 0.631549452765
0.453466049864 0.363046151316 0.631536468736
0.453516357615 0.362502100763 0.631549452765
0.453393677070 0.362912139621 0.631536468736
0.453443446771 0.362373907791 0.631549452765
0.453322071338 0.362779584533 0.631549452765
0.453201338103 0.363183114837 0.632077796054
0.454221756448 0.360835963392 0.631770901468
0.453737424582 0.362800532244 0.631549452765
0.453618577804 0.363197757387 0.631536468736
0.453666800260 0.362676258153 0.631549452765
0.453549178706 0.363069388192 0.631536468736
0.453596906573 0.362553237668 0.631549452765
0.453480485240 0.362942356175 0.631536468736
0.453527728560 0.362431445758 0.631549452765
0.453412483199 0.362816633776 0.631549452765
0.453297816961 0.363199886175 0.632077796054
