0.500000000000 0.500000000000 0.561529517021
0.506840343320 0.496866453668 0.578983528752
0.505548987415 0.506192183787 0.594083129397
0.509260026843 0.505865886719 0.600978087246
0.509442017778 0.509270406361 0.600637049001
0.509168846120 0.511084817895 0.600314411477
0.509206839741 0.512234701405 0.600520077806
0.509613841568 0.513170962389 0.601147688341
0.510514777862 0.513964154866 0.603632586573
0.511947870348 0.515953014100 0.613418987555
0.514554103520 0.519763380891 0.634038580456
0.518107214452 0.523600972115 0.658255746691
0.519871818284 0.526756612096 0.667660636594
0.520546757470 0.529683814862 0.670977950349
0.520266228364 0.532386712468 0.667136335412
0.519661629248 0.534498925310 0.665817595179
0.518926053951 0.536087774566 0.663195690502
0.518317810614 0.537297218990 0.661435460299
0.517747632622 0.538580807965 0.660813401666
0.517033644779 0.539781409924 0.658743884690
0.516177766969 0.541296757502 0.655024220886
0.514905738527 0.543160527954 0.650315305004
0.513353336614 0.545173470269 0.643607966368
0.512191152733 0.547114989556 0.640185029002
0.511542459278 0.548503740296 0.638511196216
0.511336632234 0.549726392596 0.638388092838
0.511431892558 0.550528705400 0.638388092838
0.511527152881 0.551331018205 0.638568241427
0.511804606223 0.552048633761 0.639495511273
0.512320775510 0.552478113715 0.639495511273
0.512836944797 0.552907593669 0.640467122705
0.513739105415 0.553075366083 0.640479508480
0.514650103023 0.552938388369 0.640211454076
0.515476737687 0.552530712495 0.640211454076
0.516303372352 0.552123036621 0.639355066595
0.516364419089 0.551726146798 0.639355066595
0.516425465826 0.551329256975 0.639569109769
0.515932458352 0.551198209062 0.639569109769
0.515439450878 0.551067161148 0.639654254631
0.515198001409 0.551027553363 0.639654254631
0.514956551940 0.550987945577 0.639654254631
0.514715102470 0.550948337791 0.639654254631
0.514473653001 0.550908730006 0.639635989838
0.514436670187 0.550992062422 0.639635989838
0.514399687374 0.551075394839 0.639635989838
0.514362704560 0.551158727256 0.639635989838
0.514325721747 0.551242059672 0.639635989838
0.514288738933 0.551325392089 0.639635989838
0.514251756120 0.551408724506 0.639635989838
0.514214773306 0.551492056922 0.639635989838
0.514177790493 0.551575389339 0.639825710725
0.514608971899 0.551512617803 0.639654254631
0.514367522430 0.551473010018 0.639635989838
0.514330539616 0.551556342434 0.639635989838
0.514293556802 0.551639674851 0.639825710725
0.514724738209 0.551576903315 0.639671458226
0.515007585972 0.551329284138 0.639654254631
0.514766136502 0.551289676353 0.639654254631
0.514524687033 0.551250068567 0.639635989838
0.514487704219 0.551333400984 0.639635989838
0.514450721406 0.551416733400 0.639635989838
0.514413738592 0.551500065817 0.639635989838
0.514376755779 0.551583398234 0.639825710725
0.514807937185 0.551520626698 0.639654254631
0.514566487716 0.551481018912 0.639635989838
0.514529504902 0.551564351329 0.639825710725
0.514960686308 0.551501579793 0.639654254631
0.514719236839 0.551461972008 0.639654254631
0.514477787370 0.551422364222 0.639635989838
0.514440804556 0.551505696639 0.639635989838
0.514403821743 0.551589029055 0.639825710725
0.514835003149 0.551526257520 0.639654254631
0.514593553679 0.551486649734 0.639654254631
0.514352104210 0.551447041948 0.639635989838
0.514315121397 0.551530374365 0.639635989838
0.514278138583 0.551613706782 0.639825710725
0.514709319989 0.551550935246 0.639654254631
0.514467870520 0.551511327460 0.639635989838
0.514430887706 0.551594659877 0.639825710725
0.514862069113 0.551531888341 0.639654254631
0.514620619643 0.551492280555 0.639654254631
0.514379170174 0.551452672770 0.639635989838
0.514342187360 0.551536005186 0.639635989838
0.514305204547 0.551619337603 0.639825710725
0.514736385953 0.551556566067 0.639671458226
0.515019233716 0.551308946890 0.639654254631
0.514777784247 0.551269339105 0.639654254631
0.514536334777 0.551229731319 0.639635989838
0.514499351964 0.551313063736 0.639635989838
0.514462369150 0.551396396152 0.639635989838
0.514425386337 0.551479728569 0.639635989838
0.514388403523 0.551563060986 0.639825710725
0.514819584929 0.551500289450 0.639654254631
0.514578135460 0.551460681664 0.639635989838
0.514541152646 0.551544014081 0.639635989838
0.514504169833 0.551627346498 0.639825710725
0.514935351239 0.551564574962 0.639671458226
0.515218199002 0.551316955785 0.639654254631
0.514976749533 0.551277347999 0.639654254631
0.514735300063 0.551237740213 0.639654254631
0.514493850594 0.551198132428 0.639635989838
0.514457233947 0.551280639771 0.639635989838
0.514420976287 0.551362338219 0.639635989838
0.514385070643 0.551443243478 0.639635989838
0.514349510245 0.551523370801 0.639635989838
0.514314288518 0.551602735008 0.639825710725
0.514721063429 0.551543516578 0.639654254631
0.514495409720 0.551506499956 0.639635989838
0.514461166374 0.551583659601 0.639825710725
0.514856745645 0.551526071036 0.639654254631
0.514637246128 0.551490063958 0.639654254631
0.514419724083 0.551454381268 0.639635989838
0.514386703714 0.551528785212 0.639635989838
0.514353975561 0.551602530713 0.639825710725
0.514732204864 0.551547467963 0.639654254631
0.514522248804 0.551513026410 0.639635989838
0.514490367068 0.551584864700 0.639825710725
0.514858898185 0.551531213815 0.639654254631
0.514654279990 0.551497647895 0.639654254631
0.514451381276 0.551464364041 0.639635989838
0.514420562265 0.551533807722 0.639635989838
0.514389997956 0.551602677488 0.639825710725
0.514743425339 0.551551225409 0.639654254631
0.514547124957 0.551519023957 0.639635989838
0.514517300107 0.551586227519 0.639825710725
0.514862245232 0.551536010291 0.639654254631
0.514670618669 0.551504575540 0.639654254631
0.514480500977 0.551473388307 0.639635989838
0.514451608154 0.551538491758 0.639635989838
0.514422939306 0.551603090530 0.639825710725
0.514754617311 0.551554804734 0.639654254631
0.514570304739 0.551524569783 0.639635989838
0.514542287456 0.551587700402 0.639825710725
0.514866484002 0.551540503758 0.639654254631
0.514686297831 0.551510945709 0.639654254631
0.514507446372 0.551481606609 0.639635989838
0.514480253127 0.551542880444 0.639635989838
0.514453258372 0.551603707026 0.639825710725
0.514765708667 0.551558220406 0.639671458226
0.514969196266 0.551380077113 0.639654254631
0.514796732359 0.551351785838 0.639654254631
0.514625491601 0.551323695209 0.639654254631
0.514455456763 0.551295802403 0.639635989838
0.514429594656 0.551354076820 0.639635989838
0.514403912147 0.551411946554 0.639635989838
0.514378406758 0.551469417186 0.639635989838
0.514353076064 0.551526494184 0.639635989838
0.514327917687 0.551583182902 0.639825710725
0.514619256475 0.551540769703 0.639654254631
0.514457209852 0.551514187296 0.639635989838
0.514432554642 0.551569742241 0.639825710725
0.514718105243 0.551528171687 0.639654254631
0.514559256908 0.551502113933 0.639635989838
0.514535085134 0.551556579565 0.639825710725
0.514815073060 0.551515818828 0.639654254631
0.514659299209 0.551490265418 0.639654254631
0.514504523908 0.551464875811 0.639635989838
0.514480967976 0.551517953784 0.639635989838
0.514457561132 0.551570695820 0.639825710725
0.514728744406 0.551531216866 0.639654254631
0.514577838488 0.551506462000 0.639635989838
0.514554867796 0.551558221265 0.639825710725
0.514821029158 0.551519473404 0.639654254631
0.514672900649 0.551495174149 0.639654254631
0.514525675363 0.551471023060 0.639635989838
0.514503261537 0.551521527555 0.639635989838
0.514480982733 0.551571727806 0.639825710725
0.514739175192 0.551534140060 0.639654254631
0.514595455270 0.551510563997 0.639654254631
0.514452585761 0.551487127438 0.639635989838
0.514430831165 0.551536146506 0.639635989838
0.514409203789 0.551584878914 0.639825710725
0.514659890653 0.551548383835 0.639654254631
0.514520324486 0.551525489161 0.639635989838
0.514499069995 0.551573381354 0.639825710725
0.514745459370 0.551537511905 0.639654254631
0.514608272172 0.551515007482 0.639654254631
0.514471860042 0.551492630202 0.639635989838
0.514451083181 0.551539446166 0.639635989838
0.514430422391 0.551586000589 0.639825710725
0.514669967616 0.551551127513 0.639654254631
0.514536570120 0.551529244759 0.639635989838
0.514516249892 0.551575031801 0.639825710725
0.514751868147 0.551540730415 0.639654254631
0.514620645609 0.551519204445 0.639654254631
0.514490132383 0.551497794831 0.639635989838
0.514470249150 0.551542597206 0.639635989838
0.514450472244 0.551587159995 0.639825710725
0.514679824056 0.551553770881 0.639654254631
0.514552073014 0.551532814380 0.639635989838
0.514532608375 0.551576673547 0.639825710725
0.514758357803 0.551543808869 0.639654254631
0.514632602871 0.551523179813 0.639654254631
0.514507499519 0.551502657645 0.639635989838
0.514488436213 0.551545612499 0.639635989838
0.514469470667 0.551588347071 0.639825710725
0.514689461181 0.551556320778 0.639654254631
0.514566897998 0.551536215303 0.639635989838
0.514548219810 0.551578302382 0.639825710725
0.514764893883 0.551546758897 0.639654254631
