0.500000000000 0.633333333333 0.673027070378
0.520524205008 0.633168515922 0.601120844942
0.511402061608 0.645175191408 0.726861032045
0.558552547914 0.627867951528 0.637641418346
0.545999790567 0.628994363394 0.526548947183
0.525010375866 0.678360887580 0.611025255581
0.514205860706 0.653115615550 0.742482588667
0.499784047319 0.616680636029 0.670527247788
0.482340992621 0.613335472925 0.735842604841
0.509229534212 0.550981723733 0.636586498548
0.510624264052 0.557644617327 0.641188841066
0.512976573333 0.573740649612 0.631491261208
0.502136134165 0.588557912796 0.685215657736
0.541794402325 0.530366974922 0.634466444484
0.536221563893 0.523966535920 0.651867839137
0.528231225541 0.520457242753 0.657498898141
0.545849174903 0.513340112092 0.659853801775
0.541211519723 0.504175455589 0.636286680811
0.550841322419 0.531324643695 0.630824089646
0.544019817966 0.526947246785 0.642553498928
0.530101117572 0.527517488349 0.673283006398
0.537555101159 0.512362858308 0.647139547754
0.560922845791 0.533170335165 0.615613119079
0.561946524939 0.531641431985 0.616646099734
0.555883414298 0.535592757717 0.622471485083
0.556945116050 0.528412831524 0.623881212463
0.548089831536 0.521316835338 0.646721889393
0.545322163575 0.507148436787 0.659017899259
0.552477019026 0.518942890163 0.640817741123
0.547134028677 0.518505145116 0.651054827878
0.543042300693 0.502056090347 0.641631741460
0.553926244376 0.519859584322 0.641248083192
0.546213095052 0.528620927192 0.637816084485
0.534229134817 0.529422968997 0.655858301406
0.537596259229 0.507254758796 0.623120342232
0.558421985643 0.532937519686 0.617193300023
0.558012489568 0.526263879066 0.631624848503
0.538989052003 0.530814705729 0.638151428249
0.536885723065 0.518227344085 0.658717227776
0.537974056564 0.531490419372 0.640958372342
0.538977958113 0.514579094117 0.661008916540
0.552234168548 0.526617740570 0.635142145067
0.547800676103 0.517104415963 0.649772218124
0.541948289028 0.502040459201 0.637841759636
0.549617262249 0.523011522390 0.641143974541
0.547910822188 0.512536886626 0.657686636962
0.539113484652 0.503737132289 0.624269176042
0.542627023200 0.530720453178 0.633493555872
0.535440581147 0.527063615086 0.651042775079
0.534570454054 0.511917931390 0.634690779021
0.559696745617 0.532202538127 0.616135211624
0.558881118297 0.528124757641 0.625042491974
0.542070321998 0.529163626943 0.637160862808
0.530577779691 0.528171322949 0.670063029985
0.537966339376 0.510387469568 0.641844793855
0.562614702680 0.533071062462 0.616769576169
0.559135634604 0.539878707013 0.620277016342
0.560341916061 0.534570883625 0.615985968739
0.562995911452 0.532598974255 0.616769576169
0.559516843376 0.539406618805 0.619301410409
0.560452242720 0.534743583199 0.615985968739
0.563106238111 0.532771673829 0.616769576169
0.559627170036 0.539579318379 0.619301410409
0.560562569380 0.534916282773 0.615985968739
0.563216564771 0.532944373402 0.616769576169
0.559737496695 0.539752017953 0.619301410409
0.560672896039 0.535088982347 0.616589118248
0.564071285960 0.532820538776 0.618487907008
0.559488676030 0.543649628767 0.619336606184
0.560139099120 0.535578992933 0.617260451261
0.563611535224 0.531053123194 0.621813658976
0.550639194092 0.543983274262 0.637297795397
0.560702582242 0.532807610237 0.615645897205
0.559195598122 0.531952984722 0.617511533866
0.556234172853 0.525746009962 0.631094406191
0.544340565521 0.524027328842 0.650494242560
0.531606932566 0.520171117131 0.652357959817
0.542643909859 0.520716138108 0.659718792070
0.530416316552 0.516611403124 0.643421865125
0.547771620960 0.521648804914 0.646175596925
0.544857818439 0.508611928783 0.660213910601
0.550011711894 0.518157647416 0.643784997679
0.544693381071 0.508844827561 0.659372964286
0.551368291890 0.519269512097 0.641398525379
0.546890302032 0.513832716879 0.656548923660
0.539759127193 0.501461356353 0.624575875223
0.534900023080 0.523754605974 0.654020685111
0.533874483224 0.516172299465 0.646658815239
0.548229385194 0.531921197146 0.631831546154
0.539079269612 0.532374367764 0.638050315015
0.540431712454 0.517145488380 0.666112965586
0.539853659352 0.520277688258 0.661970717399
0.529408734721 0.524699917606 0.667315571757
0.541873592439 0.511160346816 0.659022604101
0.553874201325 0.520960901689 0.639750309400
0.546222069414 0.527511947438 0.640149481429
0.534319903251 0.527342711865 0.654629928556
0.536979553194 0.507946360644 0.627483940277
0.560777965389 0.533036639425 0.615645897205
0.559270981269 0.532182013911 0.617193300023
0.558861485194 0.525508373290 0.632823019261
0.536333241407 0.533163591717 0.649277380725
0.537917359077 0.513127879842 0.651417850462
0.557740927106 0.532031978676 0.618945622473
0.555414459071 0.523958092565 0.635430541643
0.545762210089 0.525640419938 0.644567349849
0.535791769609 0.522539150816 0.653699421622
0.531027747959 0.520692610316 0.655133923868
0.543276512727 0.516408301373 0.664494467234
0.542552522662 0.508538655204 0.651246100233
0.555181378735 0.527110558073 0.630049959383
0.547951048387 0.520901350393 0.646721889393
0.545479916279 0.508250994543 0.660213910601
0.550040883939 0.516698533156 0.644969819006
0.544027449348 0.508909904392 0.659372964286
0.549831719626 0.517974847467 0.643784997679
0.545246951675 0.509946554488 0.661527599914
0.546735321191 0.512756755568 0.657951392977
0.540633899254 0.504091925660 0.630885382857
0.547996930031 0.527749485923 0.639502655947
0.540372434015 0.524956292484 0.648192979540
0.527506668223 0.524890017127 0.671839684263
0.538678307195 0.517336068694 0.663324678034
0.540160088181 0.526119057537 0.645261911946
0.528514629632 0.525230175938 0.669789041200
0.539199667701 0.515842084880 0.664572135128
0.543060828697 0.522648731735 0.653815906446
0.532334257828 0.519703904309 0.652703634706
0.538405749847 0.522040380935 0.656416879011
0.528280222446 0.524697350432 0.669789041200
0.538554297513 0.515670339799 0.662532245910
0.543392682122 0.525026963808 0.648203007112
0.532081378395 0.524448291260 0.661703075532
0.538702496861 0.513368520442 0.655004149846
0.552760508437 0.526213657161 0.634243893302
0.549214378223 0.520117943747 0.644529331299
0.547265271107 0.510484858054 0.661528904418
0.544243438633 0.508216869392 0.657950857841
0.549988741825 0.518098514426 0.643784997679
0.546162604542 0.511398644026 0.661393514059
0.544022940855 0.509181749010 0.659372964286
0.548756920159 0.516575142298 0.647068390788
0.544256318102 0.507765197674 0.656286156245
0.550664048330 0.519073923647 0.641398525379
0.547554333151 0.515298371413 0.655197950615
0.542938425147 0.505520430026 0.648256734288
0.550902641513 0.520898733825 0.640080587906
0.549209592304 0.516078947915 0.648455808226
0.543911220344 0.508021755144 0.657950857841
0.549232373636 0.517173882758 0.647068390788
0.544971803689 0.508833801847 0.661037144245
0.547180629957 0.513232595178 0.657951392977
0.542443999770 0.506505950907 0.645982721539
0.550854182366 0.522675727464 0.639271495733
0.549602872311 0.517080111397 0.647068390788
0.545479740104 0.509009065354 0.661037144245
0.547617770658 0.513266871719 0.657951392977
0.543031988566 0.506754451789 0.650520531912
0.550368107065 0.520497769346 0.641798990994
0.549137836751 0.513945151152 0.651975040536
0.542903027695 0.507406884797 0.652758520560
0.549957813963 0.519795940287 0.642249651547
0.548265894666 0.513537282964 0.655929555192
0.542661003257 0.507161573447 0.648564032027
0.550942057907 0.521188035437 0.640080587906
0.549433704975 0.516894044353 0.647068390788
0.545583792372 0.509357826663 0.661037144245
0.547580994567 0.513335178716 0.657951392977
0.543295472016 0.507249167233 0.652758520560
0.550016303905 0.519051758558 0.642890790598
0.547723439784 0.513315215694 0.655929555192
0.542380765516 0.507237784984 0.648564032027
0.550276654834 0.520611853393 0.641798990994
0.549145943967 0.514589504880 0.651975040536
0.543412786214 0.508577305933 0.654930090786
0.549644563376 0.518466120191 0.643784997679
0.546622784499 0.513174745273 0.659853801775
0.544002640329 0.507996973238 0.657950857841
0.548456864153 0.515658023881 0.651029315420
0.544518385106 0.507657978128 0.656286156245
0.549608970787 0.516642132652 0.647068390788
0.546078111714 0.509730463388 0.661840472430
0.545244106866 0.509708300087 0.661037144245
0.547066690289 0.513337905513 0.657951392977
0.543153821874 0.507781112420 0.652758520560
0.549293392626 0.518562939090 0.645136056072
0.547336131425 0.511501825492 0.660553204592
0.544248562651 0.508592309088 0.657950857841
0.548465859675 0.515845857038 0.651029315420
0.544735765763 0.508269094129 0.657950857841
0.548908670187 0.515446288943 0.650110033747
0.544144667527 0.509570875364 0.659372964286
0.547621183579 0.515000398560 0.655197950615
0.544153273421 0.507654276793 0.656286156245
0.548876497249 0.515990090268 0.648455808226
0.544855168787 0.509874887549 0.661527599914
0.545743634264 0.511552405540 0.661393514059
0.544223061085 0.509976947153 0.660550451760
0.546959584433 0.513391496809 0.657951392977
0.543341655847 0.508253557467 0.654930090786
