0.500000000000 0.766666666667 0.797567121174
0.495948562636 0.762938031004 0.819746492682
0.496426080097 0.759599836817 0.807066134037
0.500324909060 0.756025213635 0.783967588883
0.504160649114 0.753599754319 0.762445420622
0.506971370898 0.749340294237 0.735546963530
0.509864044886 0.742486245199 0.695714259330
0.511207382448 0.736012205952 0.704668740539
0.505912864861 0.734291071086 0.722257407467
0.502895667926 0.732534495339 0.729941892113
0.502610804895 0.731234167931 0.731036063997
0.501803643881 0.731395578402 0.730976809096
0.501710206508 0.731357304503 0.730976809096
0.501616769135 0.731319030604 0.730976809096
0.501523331762 0.731280756705 0.730976809096
0.501429894389 0.731242482806 0.730976809096
0.501336457016 0.731204208907 0.730976809096
0.501243019643 0.731165935008 0.730976809096
0.501149582270 0.731127661108 0.730976809096
0.501056144897 0.731089387209 0.730976809096
0.500962707525 0.731051113310 0.731106135401
0.501475239316 0.730826807014 0.730976809096
0.501381801943 0.730788533115 0.730976809096
0.501288364570 0.730750259216 0.730976809096
0.501194927197 0.730711985317 0.730976809096
0.501101489824 0.730673711418 0.730976809096
0.501008052451 0.730635437519 0.730976809096
0.500914615078 0.730597163620 0.731106135401
0.501427146870 0.730372857324 0.731161263945
0.501144360531 0.731002112168 0.730976809096
0.501050923158 0.730963838269 0.730976809096
0.500957485785 0.730925564370 0.731106135401
0.501470017576 0.730701258074 0.730976809096
0.501376580203 0.730662984175 0.730976809096
0.501283142830 0.730624710276 0.730976809096
0.501189705458 0.730586436377 0.730976809096
0.501096268085 0.730548162478 0.730976809096
0.501002830712 0.730509888579 0.731161263945
0.500720044373 0.731139143422 0.731106135401
0.501232576164 0.730914837126 0.730976809096
0.501139138791 0.730876563227 0.730976809096
0.501045701418 0.730838289328 0.730976809096
0.500952264045 0.730800015429 0.731106135401
0.501464795837 0.730575709133 0.730976809096
0.501371358464 0.730537435234 0.731161263945
0.501088572125 0.731166690078 0.730976809096
0.500995134752 0.731128416179 0.730976809096
0.500901697379 0.731090142280 0.731106135401
0.501414229170 0.730865835983 0.730976809096
0.501320791797 0.730827562084 0.730976809096
0.501227354424 0.730789288185 0.730976809096
0.501133917051 0.730751014286 0.730976809096
0.501040479678 0.730712740387 0.730976809096
0.500947042306 0.730674466488 0.731106135401
0.501459574097 0.730450160192 0.731161263945
0.501176787758 0.731079415036 0.730976809096
0.501083350385 0.731041141137 0.730976809096
0.500989913012 0.731002867238 0.730976809096
0.500896475639 0.730964593339 0.731106135401
0.501409007430 0.730740287043 0.730976809096
0.501315570057 0.730702013144 0.730976809096
0.501222132685 0.730663739245 0.730976809096
0.501128695312 0.730625465346 0.730976809096
0.501035257939 0.730587191447 0.730976809096
0.500941820566 0.730548917548 0.731106135401
0.501454352357 0.730324611252 0.731161263945
0.501171566018 0.730953866095 0.730976809096
0.501078128645 0.730915592196 0.730976809096
0.500984691272 0.730877318297 0.730976809096
0.500891253899 0.730839044398 0.731106135401
0.501403785691 0.730614738102 0.730976809096
0.501310348318 0.730576464203 0.730976809096
0.501216910945 0.730538190304 0.731161263945
0.500934124606 0.731167445148 0.731106135401
0.501446656397 0.730943138852 0.730976809096
0.501353219024 0.730904864953 0.730976809096
0.501259781651 0.730866591054 0.730976809096
0.501166344278 0.730828317155 0.730976809096
0.501072906906 0.730790043256 0.730976809096
0.500979469533 0.730751769356 0.730976809096
0.500886032160 0.730713495457 0.731106135401
0.501398563951 0.730489189161 0.731161263945
0.501115777612 0.731118444005 0.730976809096
0.501022340239 0.731080170106 0.730976809096
0.500928902866 0.731041896207 0.731106135401
0.501441434657 0.730817589911 0.730976809096
0.501347997285 0.730779316012 0.730976809096
0.501254559912 0.730741042113 0.730976809096
0.501161122539 0.730702768214 0.730976809096
0.501067685166 0.730664494315 0.730976809096
0.500974247793 0.730626220416 0.730976809096
0.500880810420 0.730587946517 0.731106135401
0.501393342211 0.730363640221 0.731161263945
0.501110555872 0.730992895064 0.730976809096
0.501017118499 0.730954621165 0.730976809096
0.500923681127 0.730916347266 0.731106135401
0.501436212918 0.730692040970 0.730976809096
0.501342775545 0.730653767071 0.730976809096
0.501249338172 0.730615493172 0.730976809096
0.501155900799 0.730577219273 0.730976809096
0.501062463426 0.730538945374 0.731161263945
0.500782476952 0.731161969972 0.731106135401
0.501284959100 0.730942061838 0.730976809096
0.501194243204 0.730904902713 0.730976809096
0.501104399576 0.730868100887 0.730976809096
0.501015411602 0.730831649555 0.730976809096
0.500927263137 0.730795542103 0.731106135401
0.501406264811 0.730585910050 0.730976809096
0.501319748725 0.730550471255 0.730976809096
0.501234026365 0.730515357586 0.731161263945
0.500976947875 0.731087407444 0.730976809096
0.500892770061 0.731052926454 0.731106135401
0.501350387732 0.730852652975 0.730976809096
0.501267699792 0.730818782268 0.730976809096
0.501185737184 0.730785208673 0.730976809096
0.501104487294 0.730751927021 0.730976809096
0.501023937835 0.730718932281 0.730976809096
0.500944076832 0.730686219546 0.731106135401
0.501378425808 0.730496129465 0.731161263945
0.501140790229 0.731024915048 0.730976809096
0.501062925752 0.730993020132 0.730976809096
0.500985704782 0.730961388811 0.730976809096
0.500909116772 0.730930016762 0.731106135401
0.501325809285 0.730747653920 0.730976809096
0.501250456565 0.730716787872 0.730976809096
0.501175706667 0.730686168753 0.730976809096
0.501101550021 0.730655792643 0.730976809096
0.501027977287 0.730625655714 0.730976809096
0.500954979339 0.730595754231 0.731106135401
0.501352290805 0.730421873381 0.731161263945
0.501134762852 0.730905915568 0.730976809096
0.501063436613 0.730876698852 0.730976809096
0.500992650725 0.730847703474 0.730976809096
0.500922397061 0.730818926106 0.731106135401
0.501304883472 0.730651533348 0.730976809096
0.501235670604 0.730623182311 0.730976809096
0.501166966653 0.730595039739 0.730976809096
0.501098764191 0.730567102586 0.730976809096
0.501031055950 0.730539367877 0.731161263945
0.500827612540 0.730992069203 0.731106135401
0.501193706677 0.730831850420 0.730976809096
0.501127439037 0.730804705811 0.730976809096
0.501061638070 0.730777752361 0.730976809096
0.500996297250 0.730750987396 0.730976809096
0.500931410185 0.730724408300 0.731106135401
0.501284880386 0.730569714303 0.730976809096
0.501220882185 0.730543499303 0.731161263945
0.501028510526 0.730971563823 0.730976809096
0.500965377166 0.730945703080 0.731106135401
0.501309358234 0.730795161942 0.730976809096
0.501247066652 0.730769646009 0.730976809096
0.501185187597 0.730744299056 0.730976809096
0.501123715641 0.730719118859 0.730976809096
0.501062645463 0.730694103239 0.730976809096
0.501001971844 0.730669250058 0.730976809096
0.500941689668 0.730644557220 0.731106135401
0.501270235688 0.730500771133 0.731161263945
0.501090117001 0.730901570396 0.730976809096
0.501030979423 0.730877346409 0.730976809096
0.500972213780 0.730853274775 0.731106135401
0.501292546149 0.730713083340 0.730976809096
0.501234510514 0.730689310732 0.730976809096
0.501176833123 0.730665684868 0.730976809096
0.501119509582 0.730642203948 0.730976809096
0.501062535574 0.730618866205 0.730976809096
0.501005906863 0.730595669903 0.730976809096
0.500949619289 0.730572613337 0.731106135401
0.501256524553 0.730438298190 0.731161263945
0.501088199351 0.730812854644 0.730976809096
0.501032910965 0.730790207367 0.730976809096
0.500977947805 0.730767693308 0.730976809096
0.500923306066 0.730745310911 0.731106135401
0.501221289666 0.730614900274 0.730976809096
0.501167279623 0.730592776633 0.730976809096
0.501113579984 0.730570780139 0.730976809096
0.501060187199 0.730548909340 0.730976809096
0.501007097783 0.730527162806 0.731161263945
0.500847331490 0.730882674017 0.731106135401
0.501135270698 0.730756659244 0.730976809096
0.501083071049 0.730735277178 0.730976809096
0.501031161397 0.730714013901 0.730976809096
0.500979538539 0.730692868100 0.730976809096
0.500928199323 0.730671838485 0.731106135401
0.501208271340 0.730549266739 0.730976809096
0.501157490159 0.730528465707 0.731161263945
0.501004632679 0.730868603460 0.730976809096
0.500954397532 0.730848026095 0.731106135401
0.501228478704 0.730728076204 0.730976809096
0.501178777974 0.730707717747 0.730976809096
0.501129340210 0.730687467007 0.730976809096
0.501080162645 0.730667322849 0.730976809096
0.501031242555 0.730647284159 0.730976809096
0.500982577257 0.730627349836 0.730976809096
0.500934164110 0.730607518801 0.731106135401
0.501198355755 0.730491896999 0.731161263945
0.501053337120 0.730814591790 0.730976809096
0.501005664991 0.730795064291 0.730976809096
0.500958234852 0.730775635915 0.731106135401
0.501217089292 0.730662349907 0.730976809096
0.501170135838 0.730643116792 0.730976809096
