0.500000000000 0.900000000000 0.762747354039
0.525560490060 0.837062152177 0.709497849546
0.528763994465 0.804852410671 0.676572970390
0.517838825415 0.782055678363 0.700682985002
0.492781162845 0.801645188811 0.812945838658
0.524223846455 0.794886449684 0.695739441148
0.529881592154 0.800190256655 0.685811279452
0.516691807215 0.785910070628 0.679969177716
0.500736095584 0.801582053835 0.772432108928
0.536542911925 0.759438309555 0.615837842976
0.552755187894 0.745730357368 0.668616658325
0.555664178414 0.745386325487 0.665357772123
0.568184294350 0.735052888861 0.584737864126
0.566660058711 0.732719350066 0.586998992730
0.560931283938 0.730510372800 0.598832257273
0.553791719101 0.717896547787 0.604755259049
0.556883332755 0.732903290617 0.615602003310
0.563923497117 0.702651351639 0.627689682996
0.560062698331 0.689118191791 0.655305142469
0.571140097405 0.679267624350 0.568372873836
0.594435074155 0.661985292824 0.581039816297
0.587407856205 0.651029134845 0.612037723736
0.580668457896 0.649731988736 0.599269815536
0.582344697916 0.670024876184 0.610929683888
0.591024445566 0.691450709396 0.578115752235
0.588069063282 0.689452858801 0.581026563888
0.586188097188 0.685888894868 0.584549473776
0.574854947820 0.690959326986 0.624649220780
0.596906168568 0.682640816340 0.607726919075
0.593521619103 0.689699340946 0.582484096516
0.581041984447 0.700257168071 0.642330966373
0.579294022871 0.696680670938 0.641665535861
0.588525808228 0.693854320750 0.586779959278
0.605588349806 0.673284816594 0.628853007481
0.631831660113 0.699149758730 0.620350871899
0.617958277026 0.702244010435 0.621814277660
0.617757774921 0.689901871183 0.636558984751
0.608007363691 0.671813338859 0.629926199699
0.638523153646 0.689123480004 0.645321242231
0.623558133577 0.683416442442 0.633995186841
0.612884532202 0.682473877639 0.660412044402
0.610345144498 0.674605327841 0.650197838575
0.631322185794 0.681573137957 0.650257712606
0.621054555479 0.693946791691 0.620582163519
0.613168725619 0.684227860097 0.658906341617
0.608168734778 0.677443335180 0.655861147222
0.618561356020 0.691620192289 0.634624815368
0.608494555554 0.673600811140 0.641138827858
0.634918219680 0.689222347598 0.645554898017
0.624920522618 0.694974074762 0.617655629132
0.618729165118 0.700082242993 0.619535480445
0.617502480985 0.687077478145 0.645175669023
0.610061212617 0.669421094611 0.625010388686
0.637505498636 0.686873544533 0.651527708383
0.624159336110 0.686030730710 0.628682123931
0.616409162208 0.683573707633 0.652627579985
0.613169902799 0.667717564881 0.627322893270
0.632139383838 0.689127385017 0.639831700564
0.625583289420 0.702185326092 0.609822639965
0.618679810078 0.701926264557 0.619410143409
0.619022696729 0.689691003778 0.633118828759
0.609441584341 0.672617549150 0.638631954095
0.637205894423 0.686017609830 0.654083366082
0.624336552247 0.686459302175 0.628682123931
0.616586378346 0.684002279098 0.651895268665
0.612300906564 0.668029072680 0.623140317201
0.633196803193 0.689529701750 0.642203149332
0.625657614941 0.700707941480 0.611144172300
0.618954494036 0.702078353101 0.619410143409
0.619297380688 0.689843092322 0.633118828759
0.609716268299 0.672769637694 0.638631954095
0.637480578382 0.686169698374 0.654083366082
0.624611236206 0.686611390719 0.628598045391
0.616800290591 0.688191972905 0.643636064721
0.608448469794 0.670426581904 0.623915287379
0.639486688744 0.688667645982 0.647098460216
0.623677851196 0.681898064842 0.638601026773
0.610746643846 0.682969264866 0.660083447035
0.604821214839 0.689681963380 0.632148072181
0.602368001766 0.715708013612 0.598886309705
0.597312038317 0.702662634706 0.601806089246
0.613080166748 0.697131125155 0.640123214075
0.603577790937 0.685201154418 0.630598766527
0.597606606501 0.710889018271 0.623528712171
0.604517479718 0.679763685972 0.640297435086
0.606965371867 0.708881365827 0.601041208305
0.601708196932 0.720414174653 0.592981603747
0.590659646365 0.701700649842 0.615747866649
0.619609445396 0.681530289683 0.644894315607
0.614715786638 0.668445903223 0.634766409894
0.631522622520 0.687361354613 0.642476774612
0.624325208239 0.701852705492 0.610673848270
0.620678805931 0.697603090183 0.616029983425
0.617256534419 0.688911318211 0.641931993230
0.608136073598 0.671009663460 0.623915287379
0.639174292547 0.689250727537 0.644023702217
0.623423775494 0.681742139328 0.638690470200
0.611757110057 0.679729399881 0.662223644642
0.614940415453 0.679021517921 0.656138561746
0.616670859546 0.666582203694 0.636290141459
0.632791131408 0.685865957585 0.646725745126
0.624685220229 0.699353023809 0.613078695493
0.619402052764 0.701656341018 0.619410143409
0.619734952426 0.689777447058 0.629971752025
0.610882433791 0.675262104915 0.653964903658
0.627680477718 0.680589143476 0.646145241359
0.614537117051 0.689488152966 0.650844853193
0.607197196251 0.678999380135 0.654939378794
0.608956079563 0.696988379032 0.643038049464
0.598447310340 0.702192930332 0.599056599342
0.607315740529 0.704934631538 0.612114502783
0.592877133863 0.718459620801 0.644252117198
0.583332180811 0.701380345772 0.639734449704
0.581627447280 0.697454268391 0.638611279013
0.594749376899 0.686146143551 0.596691823517
0.581181390536 0.694888962874 0.630658307642
0.603123387329 0.679876578770 0.634526675212
0.605764267413 0.705445542355 0.604102087967
0.595446971126 0.714490029395 0.636695631872
0.591327069374 0.689394052525 0.580957329401
0.581811569078 0.692269685544 0.608949581715
0.608561596062 0.674849964641 0.645971714612
0.627488302407 0.687124522718 0.631321413025
0.622227739165 0.696691127669 0.615452014187
0.618435339089 0.692401795339 0.632657528290
0.610367291260 0.678064438275 0.660998618821
0.615433900597 0.681198216874 0.656322711978
0.614818636887 0.670345248726 0.643635529061
0.624445842530 0.680489659748 0.641211062092
0.613724697442 0.682154690280 0.660412044402
0.611771322285 0.676101959666 0.657536401804
0.621712393274 0.676505474400 0.650654920316
0.612815357382 0.678907464216 0.660753997645
0.617341645727 0.675336908674 0.651539033400
0.617655771614 0.673593198526 0.651080194458
0.619210497401 0.676553727356 0.650145156664
0.615029727681 0.675217951369 0.652868878335
0.619852129268 0.672212149578 0.654914496292
0.617661354830 0.677469390014 0.651505757802
0.617294862090 0.671684850077 0.649756175602
0.620798406961 0.678801401382 0.646145751741
0.613587483555 0.677259347921 0.658236446163
0.619003485659 0.672478498305 0.653458663261
0.617909691985 0.677800533398 0.650089348499
0.615744192554 0.673340541688 0.649843156514
0.621895979966 0.675080906694 0.654792369826
0.615691693490 0.678441130459 0.655679629424
0.617719213016 0.670888859238 0.650983205516
0.620965104027 0.678779575677 0.646145751741
0.614141344293 0.677320317033 0.656727785084
0.618231864304 0.671631303861 0.651686888813
0.619880643424 0.678125428826 0.646804339763
0.614651125924 0.675105320739 0.653670523671
0.620868734868 0.672506175801 0.656248554581
0.618455822639 0.676629603260 0.650683736795
0.616547518042 0.674247377487 0.651343250713
0.619378037717 0.674075169772 0.652973335940
0.617256548401 0.677644956937 0.651505757802
0.616934127573 0.672556026232 0.650554729016
0.619039760266 0.677018064034 0.650145156664
0.615486106005 0.675882654445 0.652868878335
0.619589640274 0.673324922487 0.652973335940
0.617533629022 0.676784531034 0.651567139517
0.617468569038 0.673521293924 0.651080194458
0.618748373801 0.675958314607 0.651223894868
0.615516621781 0.676435947981 0.654040442028
0.618782561770 0.672266652088 0.653458663261
0.617845960002 0.676823843815 0.650683736795
0.616085321832 0.674625956941 0.651343250713
0.618698109225 0.674466995973 0.652195575270
0.616008697528 0.676406271258 0.652724225471
0.617604972098 0.672625198413 0.650554729016
0.619551458134 0.676749989172 0.650145156664
0.616264841476 0.675699899378 0.652115520543
0.618294809365 0.673683678624 0.651946862742
0.617800397843 0.676478483306 0.650683736795
0.616119788680 0.674380500381 0.651343250713
0.618614483988 0.674228724090 0.651670305013
0.617542155514 0.675393266019 0.651539033400
0.617777311206 0.674087918756 0.651946862742
0.617296633337 0.676805089975 0.651567139517
0.617238043406 0.673866373682 0.651080194458
0.618391274072 0.676062370342 0.651227457928
0.616979802736 0.675610760052 0.651539033400
0.617208568328 0.674340884183 0.651390898816
0.617823175953 0.674777911714 0.651670305013
0.616796969135 0.675892365818 0.651539033400
0.617022064690 0.674642862289 0.651390898816
0.617626864747 0.675072915977 0.651390898816
0.618228464804 0.675500694249 0.651227457928
0.616868995044 0.675065722233 0.651390898816
0.617464295623 0.675489021151 0.651539033400
0.617683529315 0.674272056776 0.651390898816
0.618272660977 0.674690969177 0.651670305013
0.617288771965 0.675759466410 0.651539033400
0.617504632831 0.674561224565 0.651390898816
0.618084747171 0.674973725041 0.651670305013
0.617115841241 0.676025950743 0.651539033400
0.617328431488 0.674845864077 0.651390898816
0.617899800386 0.675252145953 0.651227457928
