0.100000000000 0.500000000000 0.575983512215
0.096453132532 0.494072171259 0.572070722069
0.107233048218 0.487739057855 0.541187450460
0.112268831111 0.475544807271 0.522661090733
0.117458272014 0.462348772115 0.522937390611
0.115419876907 0.462917740089 0.523255509218
0.111787053618 0.460804115775 0.528141750327
0.107400565481 0.455712424042 0.533603511668
0.108103496690 0.453133144599 0.530961421468
0.113566858349 0.448619530458 0.525496885713
0.115969395504 0.452634522656 0.527610947793
0.113016357176 0.455721796466 0.527704342226
0.113264314772 0.451012282223 0.526376861788
0.115365471643 0.452386295537 0.527146038952
0.113999803776 0.454041345187 0.526991093499
0.113976434146 0.452683344469 0.526975035527
0.114162420399 0.452772844973 0.526975035527
0.114348406652 0.452862345477 0.526975035527
0.114534392905 0.452951845982 0.526975035527
0.114720379159 0.453041346486 0.526975035527
0.114906365412 0.453130846991 0.527146038952
0.113540697544 0.454785896641 0.527599310684
0.114353510375 0.450924272322 0.526819055099
0.114986440783 0.454082895446 0.526870425129
0.113534552788 0.454202799128 0.527394772653
0.114804640785 0.451437580019 0.527396032146
0.113621862228 0.454690035072 0.527599310684
0.114434675058 0.450828410753 0.526819055099
0.115067605466 0.453987033877 0.526870425129
0.113615717472 0.454106937559 0.527394772653
0.114885805468 0.451341718450 0.527598483911
0.114012151950 0.456152921733 0.526885906684
0.113458999503 0.452498599779 0.527111216917
0.115085213585 0.451022381285 0.527598483911
0.114211560066 0.455833584568 0.526885906684
0.113658407619 0.452179262614 0.526766981834
0.115554764982 0.452111004728 0.527396032146
0.114371986424 0.455363459780 0.526885906684
0.113818833977 0.451709137827 0.526918611293
0.114214768327 0.453335849658 0.526991093499
0.114191398697 0.451977848939 0.526918611293
0.114587333047 0.453604560769 0.526991093499
0.114563963417 0.452246560051 0.526918611293
0.114959897766 0.453873271881 0.526870425129
0.113508009772 0.453993175564 0.527394772653
0.114778097768 0.451227956455 0.526819055099
0.115411028177 0.454386579579 0.526584221993
0.113929289808 0.453128298726 0.526975035527
0.114115276062 0.453217799230 0.526975035527
0.114301262315 0.453307299735 0.526975035527
0.114487248568 0.453396800239 0.526991093499
0.114463878938 0.452038799521 0.526918611293
0.114859813288 0.453665511351 0.526870425129
0.113407925293 0.453785415034 0.527394772653
0.114678013290 0.451020195925 0.526819055099
0.115310943698 0.454178819048 0.526870425129
0.113859055704 0.454298722731 0.526964098617
0.113598141633 0.451669364044 0.526766981834
0.115494498996 0.451601106158 0.527396032146
0.114311720438 0.454853561210 0.526964098617
0.114050806368 0.452224202523 0.526918611293
0.114446740718 0.453850914354 0.526991093499
0.114423371088 0.452492913635 0.526975035527
0.114609357341 0.452582414139 0.526975035527
0.114795343594 0.452671914644 0.527146038952
0.113429675727 0.454326964294 0.527599310684
0.114242488557 0.450465339975 0.526819055099
0.114875418965 0.453623963099 0.526870425129
0.113423530971 0.453743866782 0.527394772653
0.114693618967 0.450978647672 0.526819055099
0.115326549376 0.454137270796 0.526870425129
0.113874661381 0.454257174479 0.526991093499
0.113851291751 0.452899173760 0.526975035527
0.114037278005 0.452988674265 0.526975035527
0.114223264258 0.453078174769 0.526975035527
0.114409250511 0.453167675273 0.526975035527
0.114595236764 0.453257175778 0.526975035527
0.114781223018 0.453346676282 0.526991093499
0.114757853388 0.451988675564 0.526918611293
0.115153787737 0.453615387394 0.526870425129
0.113701899743 0.453735291077 0.527394772653
0.114971987739 0.450970071968 0.527598483911
0.114098334221 0.455781275251 0.526885906684
0.113545181774 0.452126953297 0.526766981834
0.115441539136 0.452058695411 0.527396032146
0.114258760579 0.455311150463 0.526885906684
0.113705608132 0.451656828510 0.526766981834
0.115601965494 0.451588570624 0.527396032146
0.114419186937 0.454841025676 0.526964098617
0.114158272867 0.452211666989 0.526918611293
0.114554207216 0.453838378820 0.526991093499
0.114530837586 0.452480378101 0.526975035527
0.114716823840 0.452569878606 0.526975035527
0.114902810093 0.452659379110 0.527146038952
0.113537142225 0.454314428761 0.527599310684
0.114349955056 0.450452804441 0.526819055099
0.114982885464 0.453611427565 0.526870425129
0.113530997469 0.453731331248 0.527394772653
0.114801085466 0.450966112139 0.527598483911
0.113927431947 0.455777315422 0.526885906684
0.113374279501 0.452122993468 0.526766981834
0.115251861047 0.452055411402 0.527396032146
0.114092274226 0.455244092827 0.526964098617
0.113838959595 0.452691317402 0.526975035527
0.114017792531 0.452777375579 0.526975035527
0.114194922296 0.452862614155 0.526975035527
0.114370381026 0.452947048593 0.526975035527
0.114544199954 0.453030693924 0.526975035527
0.114716409448 0.453113564762 0.526975035527
0.114887039038 0.453195675316 0.527146038952
0.113645522795 0.454700265908 0.527599310684
0.114377786605 0.451221325080 0.526819055099
0.114942903042 0.454041524297 0.526870425129
0.113658046409 0.454147633751 0.527394772653
0.114772158687 0.451722002954 0.526918611293
0.115116449426 0.453136534980 0.527146038952
0.113939149540 0.454563301920 0.526964098617
0.113716146061 0.452315986803 0.526766981834
0.115323228572 0.452258141137 0.527396032146
0.114329297011 0.454991296643 0.526964098617
0.114111868619 0.452800164404 0.526975035527
0.114265576266 0.452874131763 0.526975035527
0.114418024015 0.452947492832 0.526975035527
0.114569232351 0.453020257470 0.526975035527
0.114719221265 0.453092435296 0.526975035527
0.114868010267 0.453164035700 0.527146038952
0.113784146881 0.454477567168 0.527599310684
0.114424156983 0.451436918098 0.526918611293
0.114733480694 0.452707786716 0.526975035527
0.114877656084 0.452777166952 0.527146038952
0.113827142340 0.454050282068 0.526991093499
0.113809302927 0.453013640298 0.527111216917
0.115041283292 0.451895292953 0.527396032146
0.114151976106 0.454340747880 0.526964098617
0.113957264114 0.452378539904 0.526975035527
0.114095031709 0.452444836574 0.526975035527
0.114231786307 0.452510645769 0.526975035527
0.114367542696 0.452575974604 0.526975035527
0.114502315343 0.452640830042 0.526975035527
0.114636118403 0.452705218894 0.526975035527
0.114768965727 0.452769147826 0.526975035527
0.114900870871 0.452832623361 0.527146038952
0.113939132936 0.453998151284 0.526991093499
0.113922790538 0.453048500432 0.526975035527
0.114051947658 0.453110653560 0.526975035527
0.114180214040 0.453172378046 0.526975035527
0.114307601884 0.453233679761 0.526975035527
0.114434123145 0.453294564458 0.526975035527
0.114559789532 0.453355037772 0.526991093499
0.114544105217 0.452443627893 0.526975035527
0.114668096052 0.452503294896 0.526975035527
0.114791265757 0.452562566754 0.527146038952
0.113892800054 0.453651415208 0.526991093499
0.113877525786 0.452763833039 0.526975035527
0.113998296081 0.452821950250 0.526975035527
0.114118287212 0.452879692510 0.526975035527
0.114237509169 0.452937064629 0.526975035527
0.114355971751 0.452994071319 0.526975035527
0.114473684569 0.453050717208 0.526975035527
0.114590657055 0.453107006834 0.526975035527
0.114706898464 0.453162944649 0.526975035527
0.114822417876 0.453218535024 0.527146038952
0.113979413019 0.454240170611 0.526991093499
0.113965075823 0.453407041336 0.526991093499
0.113950826049 0.452578992117 0.526975035527
0.114063544990 0.452633234847 0.526975035527
0.114175584902 0.452687150814 0.526975035527
0.114286953915 0.452740743930 0.526975035527
0.114397660019 0.452794018040 0.526975035527
0.114507711056 0.452846976918 0.526975035527
0.114617114734 0.452899624274 0.526975035527
0.114725878625 0.452951963750 0.526975035527
0.114834010168 0.453003998927 0.527146038952
0.114044606776 0.453960675026 0.526991093499
0.114031175954 0.453180214843 0.526975035527
0.114137453813 0.453231357988 0.526975035527
0.114243127821 0.453282210547 0.526975035527
0.114348204800 0.453332775804 0.526991093499
0.114335075795 0.452569854052 0.526975035527
0.114438978729 0.452619854334 0.526975035527
0.114542304426 0.452669576836 0.526975035527
0.114645059262 0.452719024629 0.526975035527
0.114747249511 0.452768200730 0.526975035527
0.114848881343 0.452817108109 0.527146038952
0.114106670545 0.453716591615 0.526991093499
0.114094038313 0.452982537173 0.526975035527
0.114194030922 0.453030655724 0.526975035527
0.114293488812 0.453078516956 0.526975035527
0.114392417670 0.453126123607 0.526975035527
0.114490823095 0.453173478371 0.526975035527
0.114588710597 0.453220583900 0.526975035527
0.114686085598 0.453267442803 0.526975035527
0.114782953439 0.453314057649 0.526991093499
0.114770844822 0.452610430333 0.526975035527
0.114866714025 0.452656564614 0.527146038952
0.114166371529 0.453505308025 0.526991093499
0.114154448248 0.452812450515 0.526975035527
0.114248857514 0.452857882243 0.526975035527
0.114342789965 0.452903084518 0.526975035527
0.114436250393 0.452948059646 0.526975035527
