0.633333333333 0.366666666667 0.822621320843
0.599001410923 0.369616714477 0.626540511720
0.579535850355 0.368729856649 0.641066322284
0.607184043329 0.368423678161 0.613252378628
0.581270663958 0.346037460648 0.651349085608
0.586396489664 0.330850947009 0.622128266868
0.613548991338 0.353745870376 0.652108712133
0.591159618109 0.406810050258 0.668383396135
0.585442996261 0.371014212374 0.665653895128
0.646820913755 0.373186629334 0.824899200739
0.637544195232 0.376897319645 0.864394748078
0.676958786185 0.362029418706 0.799178731936
0.710938529840 0.325697984441 0.392655132755
0.692910314198 0.309937381483 0.357533315277
0.744163147648 0.312644606191 0.302525797451
0.754500196258 0.268090009970 0.205592906083
0.716142987041 0.292083247122 0.330927291302
0.744883295545 0.291074789897 0.265775424149
0.761385444990 0.256302414372 0.304028218708
0.736978968170 0.264627162077 0.167445536037
0.703576528991 0.283828008578 0.358378812620
0.716311432067 0.270531184650 0.229920481920
0.779575966084 0.255441201149 0.354015098964
0.767303115639 0.259692795535 0.304683543766
0.745463827347 0.278018256023 0.161277251078
0.770236731419 0.262789646686 0.299367203230
0.746802487818 0.284058332622 0.206867915905
0.787806988472 0.242545541846 0.401898225241
0.778575890614 0.257464873344 0.347851777489
0.763721436148 0.262583121354 0.281179252170
0.739244293714 0.278728988623 0.187250589381
0.793529473562 0.268734232562 0.445289155490
0.749883722647 0.338876023885 0.382315529236
0.735331262600 0.329308690436 0.448724351356
0.725632686971 0.320346813890 0.453479652592
0.733854422129 0.346212859530 0.532063976139
0.802250485529 0.287162453610 0.337364756732
0.815126581240 0.280451260382 0.362715344446
0.780173859150 0.281804453409 0.301141635331
0.778383347475 0.300725066984 0.296210847034
0.695932340171 0.299078108163 0.264903090951
0.712525929803 0.304150620064 0.309153369626
0.705657942031 0.322346577999 0.413423383174
0.696605315867 0.317944505387 0.413165590453
0.709668116040 0.313879081516 0.375538039045
0.761265207155 0.301806415186 0.231507384581
0.805616074982 0.265387112043 0.522347897912
0.818178380861 0.210780245188 0.452867875556
0.812962947804 0.209619529719 0.456181724167
0.801800542826 0.207504760492 0.465303998673
0.787433044626 0.207002227702 0.475597766676
0.770222454412 0.202754457458 0.476141076191
0.766955800782 0.204512887549 0.473519580928
0.764755129436 0.207875548856 0.471302555005
0.763667628431 0.211187575702 0.469454947268
0.761147317086 0.214690658510 0.463648197956
0.754850367353 0.222632644484 0.438068006969
0.743560613986 0.228159385210 0.392843328058
0.721876360976 0.245270061863 0.241590506138
0.703343443762 0.269401938239 0.239179940023
0.751634469712 0.243766429769 0.339238845958
0.726107207712 0.245029822725 0.263253812610
0.701090242901 0.265118940334 0.215133824890
0.754214134428 0.241984397189 0.350035859676
0.726268118551 0.242376951419 0.272736668843
0.702563727319 0.266006995646 0.215590157720
0.752747591887 0.240349325911 0.355043630835
0.725211498097 0.242804896390 0.267953099528
0.703097246023 0.268256044197 0.234846702736
0.751794868355 0.241786213951 0.349318200053
0.725633508617 0.244469410593 0.259166649805
0.702508259913 0.266341306868 0.215590157720
0.752692124481 0.240683637133 0.355043630835
0.725156030691 0.243139207612 0.267953099528
0.703041778617 0.268590355419 0.244266692824
0.751114623790 0.242114371026 0.349318200053
0.724953264053 0.244797567668 0.259166649805
0.701828015348 0.266669463942 0.230376414469
0.751772250715 0.240759660294 0.354429741573
0.725456924430 0.244655198943 0.259166649805
0.702331675725 0.266527095218 0.220547680548
0.753320496055 0.241353065061 0.349932569745
0.725600803388 0.242092184346 0.272231210099
0.703758529978 0.268929970460 0.239179940023
0.752049555928 0.243294461990 0.339417215681
0.726348754630 0.243949771132 0.268058978412
0.702008203484 0.265871316132 0.220547680548
0.752997023813 0.240697285976 0.355406342372
0.724544783200 0.242023154528 0.266867523803
0.703816710474 0.270189114987 0.248555056220
0.751834253929 0.244962340885 0.334310798442
0.726763279099 0.246142264884 0.256314433209
0.698760957508 0.261370981579 0.178910089904
0.756262563217 0.247441807953 0.325154354474
0.739897805943 0.255454375535 0.242200893383
0.706260236770 0.269676624648 0.235715771763
0.756774592714 0.251801325506 0.313331163820
0.741468316341 0.263079083850 0.196981568257
0.710170832373 0.279312857447 0.303106958304
0.730092796080 0.256576158301 0.206339295125
0.697535967286 0.275784989248 0.323379071770
0.729054969587 0.269527431186 0.138222700852
0.743933535293 0.251339076274 0.281755055695
0.710113967443 0.266961285102 0.195240712980
0.763181944890 0.252180494838 0.324910108363
0.744098123990 0.262061425892 0.209590803526
0.714249153989 0.278513946346 0.288418993914
0.722422174093 0.269176230718 0.174122455927
0.768170734171 0.237880605520 0.370980107518
0.755298218088 0.241854389697 0.350112401523
0.730084241838 0.242272482006 0.288031138297
0.703826639452 0.256630149889 0.130660595653
0.719764597102 0.256802321048 0.160786644844
0.684759356452 0.274564412113 0.333210012181
0.681550741908 0.258340876721 0.212551598604
0.744330171281 0.230827732410 0.382333756993
0.723317273886 0.244134156761 0.253773611823
0.707007955803 0.266769941189 0.206080290148
0.749809043353 0.248340241589 0.313448135288
0.727684706874 0.253495302648 0.218046144385
0.701048999832 0.267034165225 0.235347388184
0.742857079947 0.246325884303 0.309042004004
0.720863897202 0.261027073878 0.140441956049
0.711669566425 0.270807561348 0.236718656661
0.757710601646 0.267882557966 0.220337957483
0.730449081479 0.288494279655 0.317475486550
0.757123697764 0.285243198865 0.154386089410
0.759272326400 0.291319914533 0.168765391575
0.773489397438 0.291014506224 0.328885786025
0.790176165586 0.325675127946 0.186739373652
0.831037596144 0.302537980778 0.278473375506
0.815313772818 0.312919979952 0.262309783142
0.784530099730 0.278349206753 0.322540735510
0.771828163540 0.291744741439 0.307461671134
0.780959245228 0.339754416271 0.292393413155
0.801206094245 0.314962649579 0.228236859817
0.728859448180 0.350524255113 0.622238047731
0.748299535529 0.331003236696 0.456578847045
0.722906695320 0.324430807399 0.437485254587
0.715665680401 0.353564012496 0.610962815159
0.737044509147 0.369988210234 0.697202787910
0.748949425721 0.350735636391 0.545221275851
0.811286603087 0.327456859937 0.097307150208
0.807605987827 0.332557486556 0.131972880865
0.845318467712 0.320012942018 0.242297973774
0.833416621597 0.329788856202 0.137519766705
0.809656914828 0.340948550530 0.192080502171
0.820176148107 0.319526476590 0.178915708655
0.794604410946 0.317617778524 0.142183213208
0.775416041367 0.326781992200 0.236531724262
0.794288398528 0.325101190959 0.160829272935
0.821050371656 0.301537419482 0.282751770018
0.806118441953 0.295328161293 0.363866453087
0.823067704090 0.273173540178 0.386757332303
0.818151300408 0.268342168249 0.399727159754
0.820034967672 0.257507804606 0.400190004375
0.812188773864 0.256209056746 0.429471613959
0.809279017943 0.237594445211 0.416341373542
0.813804625325 0.242177963963 0.435285535589
0.824560243605 0.244047862577 0.408323491261
0.826045431466 0.233104311066 0.418554286200
0.817953670823 0.235152338105 0.415613768864
0.821450962568 0.234458895568 0.414566300539
0.821190471865 0.233606618656 0.414804621216
0.819945061393 0.234034433214 0.414673980715
0.820563625450 0.234012653921 0.414703080315
0.820366608374 0.234215483606 0.414703080315
0.820170771042 0.234417098742 0.414703080315
0.819976099408 0.234617513788 0.415114432483
0.822026296678 0.233795211402 0.414973334350
0.819636287195 0.234395306736 0.414673980715
0.820233147249 0.234374291628 0.414703080315
0.820043002862 0.234570045860 0.414840204218
0.821028257244 0.233751371736 0.414804621216
0.819854422087 0.234154599251 0.414673980715
0.820437639626 0.234134064489 0.414703080315
0.820251816702 0.234325369760 0.414703080315
0.820067043626 0.234515594211 0.414840204218
0.821024622323 0.233719916552 0.414804621216
0.819883575857 0.234111880728 0.414673980715
0.820450592909 0.234091916376 0.414703080315
0.820269903216 0.234277936971 0.414703080315
0.820090206323 0.234462935475 0.414840204218
0.821021621667 0.233688997643 0.414804621216
0.819911581899 0.234070310618 0.414673980715
0.820463274166 0.234050885844 0.414703080315
0.820287441722 0.234231905885 0.414703080315
0.820112549559 0.234411957905 0.414703080315
0.819938587674 0.234591052202 0.415114432483
0.821771832851 0.233855765941 0.414804621216
0.820696846970 0.234225037454 0.414703080315
0.820525617470 0.234401318752 0.414703080315
0.820355279791 0.234576681917 0.414840204218
0.821238435272 0.233842844490 0.414804621216
0.820185614049 0.234204502158 0.414703080315
0.820017896949 0.234377167428 0.414673980715
0.820538626895 0.234358832820 0.414703080315
0.820372612506 0.234529745143 0.414840204218
0.821233466082 0.233814438965 0.414804621216
0.820207097653 0.234167009756 0.414703080315
