0.633333333333 0.633333333333 0.608302620089
0.634288146259 0.626388342507 0.585088774288
0.637173429152 0.620251480042 0.556443484524
0.638721615239 0.616842930679 0.551308121525
0.638633195659 0.614252517598 0.555328261435
0.635873836743 0.609928398356 0.596191464433
0.629125186334 0.601597950996 0.647383822938
0.628841324903 0.604463308001 0.645160496654
0.627648462190 0.607001949717 0.640294184906
0.626494768932 0.609586266958 0.634862438879
0.625425929705 0.611504355359 0.628775465401
0.624842604101 0.614245771057 0.626188210204
0.623699454095 0.616068080298 0.622087191635
0.622700987346 0.618305138484 0.618188487709
0.622192732625 0.620901656983 0.616091779824
0.623214469295 0.623636853264 0.624248179785
0.626286326812 0.625423363059 0.628110397736
0.629481214753 0.623973438939 0.611480399215
0.631640771645 0.618366968212 0.596186962246
0.630133829744 0.610590963119 0.632236561343
0.626880501750 0.608008021601 0.635824663540
0.625967660239 0.610451360873 0.631901717825
0.625206533787 0.612800307009 0.628104268489
0.624411423943 0.615222213469 0.623066221571
0.623416271773 0.617651931025 0.618804094322
0.622681315007 0.620379325551 0.617929070853
0.623004965909 0.622717688938 0.621625424465
0.625321076787 0.624653642399 0.628966418905
0.628730842753 0.624335352879 0.616508242174
0.630905795457 0.619646058131 0.602183202961
0.629977373087 0.612715821123 0.625747373437
0.626616039440 0.608739892881 0.635824663540
0.625703197929 0.611183232153 0.631065429428
0.624744246883 0.613100096844 0.627232109767
0.623752953633 0.615213574805 0.623066221571
0.622757801464 0.617643292361 0.618804094322
0.622022844698 0.620370686887 0.615391878335
0.622455570866 0.623193671489 0.619422031077
0.624894481674 0.625742594085 0.632601869694
0.628937977421 0.625190681406 0.618895199336
0.631651704522 0.620433201020 0.594636201861
0.631566708563 0.612982841493 0.611008769781
0.627296754775 0.605870679510 0.638057136121
0.626620282133 0.609570945720 0.634862438879
0.625551442907 0.611489034121 0.631065429428
0.624592491861 0.613405898812 0.627232109767
0.623601198611 0.615519376773 0.623066221571
0.622606046442 0.617949094329 0.618188487709
0.622097791720 0.620545612828 0.615391878335
0.622530517888 0.623368597430 0.619422031077
0.624969428696 0.625917520026 0.632601869694
0.629012924443 0.625365607347 0.618895199336
0.631726651544 0.620608126961 0.594636201861
0.631641655585 0.613157767434 0.611008769781
0.627371701797 0.606045605451 0.637382750754
0.626656830179 0.609402538492 0.634862438879
0.625587990953 0.611320626893 0.631065429428
0.624629039908 0.613237491584 0.627232109767
0.623637746658 0.615350969545 0.623066221571
0.622642594488 0.617780687101 0.618188487709
0.622134339766 0.620377205600 0.615391878335
0.622567065935 0.623200190202 0.619422031077
0.625005976742 0.625749112798 0.632601869694
0.629049472489 0.625197200118 0.618895199336
0.631763199591 0.620439719733 0.594636201861
0.631678203631 0.612989360206 0.611008769781
0.627408249844 0.605877198222 0.638057136121
0.626731777202 0.609577464433 0.634862438879
0.625662937975 0.611495552834 0.631065429428
0.624703986930 0.613412417525 0.627232109767
0.623712693680 0.615525895486 0.623066221571
0.622717541510 0.617955613042 0.618188487709
0.622209286789 0.620552131541 0.615391878335
0.622642012957 0.623375116143 0.621625424465
0.624958123835 0.625311069605 0.628966418905
0.628367889802 0.624992780085 0.623039739914
0.631201277718 0.621259180763 0.601691790056
0.631625304748 0.614590780436 0.607030930430
0.627742056842 0.607117823279 0.639097553916
0.626434962841 0.609172496179 0.632555842426
0.625846610857 0.611951068592 0.630033655491
0.624688129215 0.613447284054 0.627232109767
0.623696835965 0.615560762015 0.623066221571
0.622701683796 0.617990479571 0.618188487709
0.622193429074 0.620586998070 0.615391878335
0.622626155242 0.623409982672 0.621625424465
0.624942266120 0.625345936134 0.628966418905
0.628352032087 0.625027646614 0.623039739914
0.631185420003 0.621294047292 0.601691790056
0.631609447033 0.614625646965 0.607030930430
0.627726199127 0.607152689809 0.639097553916
0.626419105126 0.609207362708 0.632555842426
0.625830753142 0.611985935121 0.630033655491
0.624672271501 0.613482150583 0.627232109767
0.623680978250 0.615595628544 0.623066221571
0.622685826081 0.618025346100 0.618188487709
0.622177571359 0.620621864599 0.615391878335
0.622610297527 0.623444849201 0.621625424465
0.624926408406 0.625380802663 0.628966418905
0.628336174372 0.625062513143 0.623039739914
0.631169562288 0.621328913821 0.601691790056
0.631589391031 0.614726537260 0.607030930430
0.627782285240 0.607400108675 0.639097553916
0.626513261939 0.609394936733 0.634862438879
0.625485531914 0.611239252503 0.628775465401
0.624929983719 0.613850124597 0.626188210204
0.623851540317 0.615569284257 0.623066221571
0.622921491560 0.617840048329 0.618188487709
0.622450885336 0.620244232124 0.615391878335
0.622847881821 0.622834126254 0.621625424465
0.624953437165 0.624594083946 0.628966418905
0.628025298396 0.624307336631 0.620561153737
0.630030137934 0.621080183583 0.607781182292
0.630301491249 0.615951847879 0.613774022048
0.628076089402 0.610975508371 0.632635935799
0.626327900794 0.610594818257 0.631901717825
0.625671757301 0.612619771823 0.630033655491
0.624681602052 0.613898588457 0.626188210204
0.623712830860 0.615442918322 0.623066221571
0.622876568532 0.617484697781 0.618804094322
0.622264104561 0.619757526553 0.615391878335
0.622621729493 0.622090571678 0.619730019761
0.623920108905 0.623791762772 0.625580314509
0.626278034750 0.624538262365 0.628110397736
0.628854557283 0.623368968719 0.614682563525
0.630107099868 0.619635732965 0.608461163278
0.629322219701 0.614937465566 0.620989235552
0.627316626543 0.611822447867 0.632426315586
0.626192977909 0.612478741394 0.630033655491
0.625294930125 0.613638598341 0.627232109767
0.624532396855 0.615264350619 0.625029117123
0.623598306735 0.616449594237 0.622087191635
0.622841892532 0.618144335287 0.618188487709
0.622459746125 0.620096604835 0.615391878335
0.622782676101 0.622203309762 0.619730019761
0.623956026384 0.623740682454 0.625580314509
0.626088562259 0.624415825468 0.625320398048
0.627933031567 0.623497358354 0.618685513768
0.629092709517 0.620935535770 0.612902491641
0.629276663472 0.617559922312 0.616545768831
0.627883575257 0.614361864469 0.626274978123
0.626283948852 0.612915109867 0.628817243892
0.625344675932 0.613688693555 0.627232109767
0.624651463869 0.615166650171 0.625029117123
0.623801701329 0.616244892629 0.622087191635
0.623113103572 0.617787691378 0.618188487709
0.622764983899 0.619566128706 0.617855889842
0.622660399888 0.621244455911 0.618521694024
0.623275401791 0.622736740256 0.621625424465
0.624829838622 0.624036037881 0.625982612294
0.626637451888 0.623959303766 0.623517149986
0.628204546908 0.622338360634 0.617452422132
0.628817142766 0.620047611859 0.612968186000
0.628565440117 0.616974615321 0.616545768831
0.627298996285 0.614067290009 0.627542108953
0.626115326332 0.613692995359 0.628817243892
0.625260347135 0.614397154870 0.626188210204
0.624532226112 0.615557861393 0.625029117123
0.623757758987 0.616540563380 0.622087191635
0.623129792478 0.617947518214 0.618188487709
0.622812133277 0.619570342275 0.617855889842
0.622716643528 0.621102727984 0.618521694024
0.623278497118 0.622466049485 0.619730019761
0.624250290297 0.623739333616 0.625580314509
0.626018734681 0.624299208311 0.625320398048
0.627550203137 0.623536602283 0.618685513768
0.628514272758 0.621406894352 0.612902491641
0.628667384134 0.618597252012 0.614854957640
0.627770082866 0.615851556314 0.622043424926
0.626571728452 0.614218925777 0.627542108953
0.625492499965 0.613877657126 0.627452700798
0.624639616799 0.614305997256 0.626188210204
0.623974994702 0.615365479373 0.623066221571
0.623399762234 0.616769940388 0.618804094322
0.622977373288 0.618337408506 0.618188487709
0.622686942018 0.619821133363 0.617929070853
0.622870834576 0.621149748923 0.618521694024
0.623385073455 0.622397534703 0.619730019761
0.624274973950 0.623563519610 0.625580314509
0.625895224670 0.624076477431 0.625320398048
0.627299070755 0.623377421905 0.621539974838
0.628232925964 0.622095668027 0.617452422132
0.628744544482 0.620182515204 0.612968186000
0.628534104563 0.617613288590 0.616545768831
0.627474146138 0.615179983709 0.624103556089
0.626290780430 0.613862140909 0.627452700798
0.625506678164 0.614255937480 0.627452700798
0.624726768959 0.614647628188 0.626188210204
0.624118710444 0.615616941614 0.623066221571
0.623592174905 0.616902506458 0.621158226967
0.623123880666 0.617984251809 0.618188487709
0.622857778718 0.619343685578 0.617855889842
0.622777706584 0.620628654844 0.618521694024
0.623249314261 0.621772997244 0.619730019761
0.624065820901 0.622842818447 0.623117562440
0.625172630236 0.623403711595 0.623694544103
0.626186494906 0.623436622302 0.623200577952
0.627112673604 0.622880462416 0.621539974838
0.627966349324 0.621708758113 0.617452422132
0.628434261738 0.619959040456 0.612968186000
