0.633333333333 0.766666666667 0.605791699730
0.650499122733 0.763239057656 0.634778779036
0.645967472000 0.794065604933 0.666216019164
0.635954977740 0.803521132796 0.629083546332
0.623472077496 0.801463813341 0.589178925812
0.610481779467 0.819692581797 0.622914282248
0.627745247279 0.813587882558 0.615922321233
0.628814737622 0.824487477383 0.608245209287
0.630642501004 0.836128508224 0.648457203855
0.637534201078 0.862697084905 0.665473523335
0.650045307834 0.893904811412 0.664451087282
0.671689003963 0.903704808959 0.681594863300
0.706519566605 0.901203834525 0.651375033720
0.736008236289 0.906604097793 0.646849292561
0.743895187858 0.908969674062 0.660158101235
0.753450416240 0.914832436104 0.654981023650
0.746845922662 0.911089897956 0.665022063406
0.751068125514 0.911146015377 0.663593729235
0.743422382891 0.909792021618 0.662022052126
0.752953338053 0.914817484022 0.654981023650
0.746348844475 0.911074945874 0.665022063406
0.750571047328 0.911131063295 0.663916638139
0.745127599698 0.909240031183 0.661247149772
0.753749799552 0.914542092112 0.654981023650
0.747145305974 0.910799553964 0.664928839148
0.749065751574 0.909832054627 0.664754164145
0.747533592273 0.910208957896 0.664455166281
0.750498563020 0.911544563437 0.662744704315
0.744042047746 0.907291781843 0.656557809696
0.752831483166 0.914267966331 0.657444020237
0.743937032083 0.908897951568 0.660158101235
0.753492260464 0.914760713610 0.654981023650
0.746887766886 0.911018175462 0.665022063406
0.751109969738 0.911074292883 0.663593729235
0.743464227116 0.909720299123 0.662022052126
0.752995182278 0.914745761527 0.654981023650
0.746390688700 0.911003223379 0.665022063406
0.750612891552 0.911059340800 0.663916638139
0.745169443922 0.909168308688 0.662217360275
0.752532563197 0.913820511814 0.657444020237
0.743638112114 0.908450497051 0.658319948091
0.752917598599 0.914975538847 0.655990378938
0.747140951381 0.908438947401 0.662862838585
0.752346983124 0.913378092765 0.659355029976
0.741865464181 0.909527069334 0.657723757102
0.752207403569 0.916043451059 0.655293191407
0.751071177359 0.908866770072 0.665786005532
0.747852722624 0.911248366691 0.664928839148
0.749773168224 0.910280867354 0.664754164145
0.748241008923 0.910657770623 0.664665897693
0.747701074279 0.908984177118 0.663768819540
0.751790812602 0.912326284015 0.661985875885
0.743088210374 0.908874601657 0.658973001314
0.753219576003 0.915155234178 0.654981023650
0.746615082425 0.911412696030 0.665022063406
0.750837285278 0.911468813451 0.663916638139
0.745393837648 0.909577781339 0.663608843604
0.752291458013 0.912672719004 0.659355029976
0.741809939070 0.908821695573 0.657723757102
0.752151878458 0.915338077298 0.655990378938
0.746375231240 0.908801485851 0.663057419350
0.752204604870 0.912777949501 0.659355029976
0.741723085927 0.908926926070 0.657723757102
0.752065025315 0.915443307795 0.655293191407
0.750928799105 0.908266626808 0.665394087049
0.751850476858 0.912155615387 0.661985875885
0.743147874630 0.908703933029 0.658973001314
0.753279240260 0.914984565550 0.654981023650
0.746674746682 0.911242027402 0.665022063406
0.750896949534 0.911298144823 0.663916638139
0.745453501904 0.909407112711 0.662217360275
0.752816621179 0.914059315837 0.657444020237
0.743922170096 0.908689301074 0.660158101235
0.753477398477 0.914552063116 0.654981023650
0.746872904899 0.910809524968 0.665022063406
0.751095107751 0.910865642389 0.663593729235
0.743449365129 0.909511648630 0.660158101235
0.753004593510 0.915374410672 0.654172395762
0.751577028071 0.911131584395 0.663593729235
0.743931285448 0.909777590636 0.662022052126
0.753462240610 0.914803053040 0.654981023650
0.746857747032 0.911060514892 0.665022063406
0.751079949884 0.911116632313 0.663593729235
0.743434207262 0.909762638553 0.662022052126
0.752965162424 0.914788100957 0.654981023650
0.746360668846 0.911045562809 0.665022063406
0.750582871698 0.911101680230 0.663916638139
0.745139424068 0.909210648118 0.662217360275
0.752502543343 0.913862851244 0.657444020237
0.743608092260 0.908492836481 0.658319948091
0.752887578745 0.915017878277 0.655990378938
0.747110931527 0.908481286831 0.662862838585
0.752316963270 0.913420432195 0.659355029976
0.741835444327 0.909569408764 0.659755518895
0.752290627570 0.916059962552 0.655293191407
0.751154401360 0.908883281565 0.665786005532
0.747935946625 0.911264878184 0.664928839148
0.749856392224 0.910297378848 0.664754164145
0.748324232923 0.910674282116 0.664665897693
0.747784298279 0.909000688612 0.663768819540
0.751874036602 0.912342795509 0.661985875885
0.743257598753 0.908925288223 0.660158101235
0.752625469716 0.914673094147 0.655990378938
0.747017074358 0.908326888859 0.661853967155
0.753278245953 0.913541042705 0.656635647531
0.743654467180 0.910825002450 0.663846024986
0.752271601177 0.914668077121 0.655990378938
0.746872865459 0.908559113153 0.661853967155
0.752902141809 0.913580150190 0.657444020237
0.744742094944 0.908653531141 0.661247149772
0.752580458448 0.913473586531 0.657444020237
0.744567439454 0.908635735394 0.661247149772
0.752265832181 0.913369718366 0.659355029976
0.742990151700 0.909961733029 0.660960569000
0.751951666469 0.915093434556 0.655990378938
0.746928494975 0.909409441994 0.663057419350
0.751953817069 0.912837427899 0.659355029976
0.742995253870 0.909545954881 0.660960569000
0.751652988477 0.914503700424 0.657487393108
0.747658243835 0.907173350532 0.661747199861
0.752849492197 0.912229681170 0.661433114814
0.744060618627 0.910455509426 0.662022052126
0.751872876957 0.914574740905 0.657487393108
0.748008042710 0.907482776375 0.661747199861
0.753031831447 0.912375999574 0.661177398866
0.743296194397 0.912042455627 0.665552148572
0.749895027510 0.914494322626 0.661389548013
0.748060559725 0.906026029306 0.661726216324
0.753234859998 0.911032461871 0.663458411562
0.744668341359 0.911727347210 0.665971765648
0.750130330916 0.912666457831 0.661460662602
0.745117679225 0.907656166036 0.659567730707
0.751624669088 0.912402947041 0.661985875885
0.745081359143 0.909807697147 0.662910106609
0.751358709495 0.912853284963 0.660275108751
0.744936981525 0.908774730635 0.661247149772
0.751276834359 0.912673304847 0.660275108751
0.744948854242 0.908654291458 0.661247149772
0.751196825151 0.912496364595 0.660275108751
0.744959895107 0.908535178736 0.659567730707
0.751095056979 0.913010715112 0.660275108751
0.744946594028 0.909105716286 0.661247149772
0.751018565756 0.912839562011 0.660275108751
0.744956095295 0.908989178554 0.661247149772
0.750943734082 0.912671165310 0.661460662602
0.746415062554 0.908144625826 0.661853967155
0.750875075197 0.911858817607 0.662744704315
0.746482887936 0.908965768903 0.663057419350
0.750421653902 0.911652568667 0.662744704315
0.746088422174 0.908798352832 0.662217360275
0.750997168358 0.911899821582 0.661985875885
0.745233855624 0.909613939226 0.663608843604
0.749771763759 0.911650082426 0.663606706616
0.747156340527 0.908704055522 0.663768819540
0.749812014763 0.910874254806 0.664302053563
0.747853346321 0.909587357050 0.664455166281
0.749753968595 0.910443514449 0.664754164145
0.748778070951 0.910683580225 0.664665897693
0.748436340164 0.909624343830 0.664651773474
0.748897469727 0.910079201438 0.664651773474
0.749355717229 0.910531216185 0.664302053563
0.747470042642 0.909292277353 0.663768819540
0.749994572471 0.911355306301 0.664302053563
0.748132034996 0.910131569172 0.664651773474
0.748579105730 0.910572559170 0.664665897693
0.748251872613 0.909558260076 0.664651773474
0.748693556953 0.909993936942 0.664651773474
0.749132596476 0.910427004964 0.664754164145
0.748220596892 0.910651352147 0.664665897693
0.747901108937 0.909661060133 0.664455166281
0.749645209377 0.910446710451 0.664754164145
0.748749209786 0.910667121720 0.664665897693
0.748435294295 0.909694102240 0.664651773474
0.748859107015 0.910112150562 0.664651773474
0.749280484029 0.910527796307 0.664302053563
0.747545663409 0.909387972581 0.663768819540
0.749869378365 0.911286896954 0.664302053563
0.748154160238 0.910159952592 0.664651773474
0.748566068105 0.910566257983 0.664665897693
0.748264428639 0.909631289545 0.664651773474
0.748671759753 0.910033080432 0.664651773474
0.749076840418 0.910432651480 0.664754164145
0.748234994649 0.910639741188 0.664665897693
0.747939948395 0.909725209218 0.664455166281
0.749551345541 0.910451081795 0.664754164145
0.748723151324 0.910654813292 0.664665897693
0.748432863881 0.909755031838 0.664651773474
0.748824947306 0.910141782424 0.664651773474
0.749214945180 0.910526475827 0.664302053563
0.747608629792 0.909471083487 0.663768819540
0.749761123646 0.911230087117 0.664302053563
0.748171628313 0.910185746007 0.664651773474
0.748553501232 0.910562424964 0.664665897693
0.748273742349 0.909695278070 0.664651773474
0.748651678434 0.910068073738 0.664651773474
0.749027676385 0.910438957634 0.664754164145
0.748245962456 0.910631255220 0.664665897693
0.747971883956 0.909781715370 0.664455166281
0.749469343930 0.910456263623 0.664754164145
0.748699414633 0.910645662251 0.664665897693
