0.633333333333 0.900000000000 0.656159073155
0.634624546653 0.928216766066 0.626292775705
0.620612451843 0.938473690651 0.622978587667
0.643796781937 0.930228165703 0.629029235987
0.632591840238 0.937978462772 0.596689879353
0.625049899293 0.940792275439 0.621657145305
0.644828607827 0.916872143471 0.651381232141
0.640143171776 0.922074737882 0.645261493497
0.635693209278 0.924170694072 0.636625095102
0.629025549990 0.935076747202 0.598216884649
0.628135928460 0.937926120548 0.601313913281
0.636635793741 0.926167955402 0.634581253120
0.624642567550 0.932342687654 0.592549301310
0.632972966925 0.936583934025 0.600236507324
0.622345790136 0.942247786544 0.636883599541
0.641933516934 0.930391776077 0.626569979270
0.628484938400 0.935315985058 0.598216884649
0.627595316871 0.938165358404 0.601313913281
0.636095182151 0.926407193257 0.633118105158
0.624857733423 0.935347388013 0.599301048254
0.639790846192 0.929322622855 0.628061980169
0.624261593208 0.931851827634 0.590029714080
0.633872019444 0.935341858777 0.603856467238
0.620853249088 0.942756316333 0.641831389672
0.635928348095 0.939052773010 0.599451466196
0.629887978133 0.951176271641 0.607809542582
0.632795658330 0.924398987373 0.627075883818
0.630059033003 0.946234684310 0.603989682357
0.634992659694 0.918441828843 0.633218015735
0.639677126003 0.941898562043 0.615906231231
0.646482584019 0.971213770410 0.628382378071
0.621141711096 0.961647854633 0.627006663910
0.618476545194 0.971800507239 0.592165193441
0.600452513482 0.973846367275 0.607113384368
0.592627391737 0.989936691074 0.588261416864
0.586293276505 0.983882253323 0.602122125414
0.581811184451 0.997585977586 0.578172579620
0.577213040954 0.992262562442 0.591314680519
0.575926600643 0.981262709427 0.571666683698
0.583437478384 0.971523642746 0.608715183396
0.567695073484 0.977900928170 0.622261180163
0.585616656124 0.944508068014 0.590611379934
0.602697684151 0.925631432930 0.599797295037
0.627659593427 0.941374488271 0.607175966092
0.638554564093 0.917807334239 0.645459994520
0.636738534847 0.926825185747 0.634581253120
0.624745308656 0.932999918000 0.594369013223
0.635147616132 0.933885103585 0.608036687964
0.620601996256 0.941488171001 0.635543161273
0.639481987785 0.940333952163 0.613560326854
0.644407064579 0.963999996701 0.665697333400
0.630539103943 0.983594264352 0.689148424879
0.631734205664 1.021953850122 1.000000000000
0.631734205664 1.021953850122 1.000000000000
0.631734205664 1.021953850122 1.000000000000
0.631734205664 1.021953850122 1.000000000000
0.631734205664 1.021953850122 1.000000000000
0.631734205664 1.021953850122 1.000000000000
0.631734205664 1.021953850122 1.000000000000
0.631734205664 1.021953850122 1.000000000000
0.631734205664 1.021953850122 1.000000000000
0.631734205664 1.021953850122 1.000000000000
0.631734205664 1.021953850122 1.000000000000
0.631734205664 1.021953850122 1.000000000000
0.631734205664 1.021953850122 1.000000000000
0.631734205664 1.021953850122 1.000000000000
0.631734205664 1.021953850122 1.000000000000
0.631734205664 1.021953850122 1.000000000000
0.631734205664 1.021953850122 1.000000000000
0.631734205664 1.021953850122 1.000000000000
0.631734205664 1.021953850122 1.000000000000
0.631734205664 1.021953850122 1.000000000000
0.631734205664 1.021953850122 1.000000000000
0.631734205664 1.021953850122 1.000000000000
0.631734205664 1.021953850122 1.000000000000
0.631734205664 1.021953850122 1.000000000000
0.631734205664 1.021953850122 1.000000000000
0.631734205664 1.021953850122 1.000000000000
0.631734205664 1.021953850122 1.000000000000
0.631734205664 1.021953850122 1.000000000000
0.631734205664 1.021953850122 1.000000000000
0.631734205664 1.021953850122 1.000000000000
0.631734205664 1.021953850122 1.000000000000
0.631734205664 1.021953850122 1.000000000000
0.631734205664 1.021953850122 1.000000000000
0.631734205664 1.021953850122 1.000000000000
0.631734205664 1.021953850122 1.000000000000
0.631734205664 1.021953850122 1.000000000000
0.631734205664 1.021953850122 1.000000000000
0.631734205664 1.021953850122 1.000000000000
0.631734205664 1.021953850122 1.000000000000
0.631734205664 1.021953850122 1.000000000000
0.631734205664 1.021953850122 1.000000000000
0.631734205664 1.021953850122 1.000000000000
0.631734205664 1.021953850122 1.000000000000
0.631734205664 1.021953850122 1.000000000000
0.631734205664 1.021953850122 1.000000000000
0.631734205664 1.021953850122 1.000000000000
0.631734205664 1.021953850122 1.000000000000
0.631734205664 1.021953850122 1.000000000000
0.631734205664 1.021953850122 1.000000000000
0.631734205664 1.021953850122 1.000000000000
0.631734205664 1.021953850122 1.000000000000
0.631734205664 1.021953850122 1.000000000000
0.631734205664 1.021953850122 1.000000000000
0.631734205664 1.021953850122 1.000000000000
0.631734205664 1.021953850122 1.000000000000
0.631734205664 1.021953850122 1.000000000000
0.631734205664 1.021953850122 1.000000000000
0.631734205664 1.021953850122 1.000000000000
0.631734205664 1.021953850122 1.000000000000
0.631734205664 1.021953850122 1.000000000000
0.631734205664 1.021953850122 1.000000000000
0.631734205664 1.021953850122 1.000000000000
0.631734205664 1.021953850122 1.000000000000
0.631734205664 1.021953850122 1.000000000000
0.631734205664 1.021953850122 1.000000000000
0.631734205664 1.021953850122 1.000000000000
0.631734205664 1.021953850122 1.000000000000
0.631734205664 1.021953850122 1.000000000000
0.631734205664 1.021953850122 1.000000000000
0.631734205664 1.021953850122 1.000000000000
0.631734205664 1.021953850122 1.000000000000
0.631734205664 1.021953850122 1.000000000000
0.631734205664 1.021953850122 1.000000000000
0.631734205664 1.021953850122 1.000000000000
0.631734205664 1.021953850122 1.000000000000
0.631734205664 1.021953850122 1.000000000000
0.631734205664 1.021953850122 1.000000000000
0.631734205664 1.021953850122 1.000000000000
0.631734205664 1.021953850122 1.000000000000
0.631734205664 1.021953850122 1.000000000000
0.631734205664 1.021953850122 1.000000000000
0.631734205664 1.021953850122 1.000000000000
0.631734205664 1.021953850122 1.000000000000
0.631734205664 1.021953850122 1.000000000000
0.631734205664 1.021953850122 1.000000000000
0.631734205664 1.021953850122 1.000000000000
0.631734205664 1.021953850122 1.000000000000
0.631734205664 1.021953850122 1.000000000000
0.631734205664 1.021953850122 1.000000000000
0.631734205664 1.021953850122 1.000000000000
0.631734205664 1.021953850122 1.000000000000
0.631734205664 1.021953850122 1.000000000000
0.631734205664 1.021953850122 1.000000000000
0.631734205664 1.021953850122 1.000000000000
0.631734205664 1.021953850122 1.000000000000
0.631734205664 1.021953850122 1.000000000000
0.631734205664 1.021953850122 1.000000000000
0.631734205664 1.021953850122 1.000000000000
0.631734205664 1.021953850122 1.000000000000
0.631734205664 1.021953850122 1.000000000000
0.631734205664 1.021953850122 1.000000000000
0.631734205664 1.021953850122 1.000000000000
0.631734205664 1.021953850122 1.000000000000
0.631734205664 1.021953850122 1.000000000000
0.631734205664 1.021953850122 1.000000000000
0.631734205664 1.021953850122 1.000000000000
0.631734205664 1.021953850122 1.000000000000
0.631734205664 1.021953850122 1.000000000000
0.631734205664 1.021953850122 1.000000000000
0.631734205664 1.021953850122 1.000000000000
0.631734205664 1.021953850122 1.000000000000
0.631734205664 1.021953850122 1.000000000000
0.631734205664 1.021953850122 1.000000000000
0.631734205664 1.021953850122 1.000000000000
0.631734205664 1.021953850122 1.000000000000
0.631734205664 1.021953850122 1.000000000000
0.631734205664 1.021953850122 1.000000000000
0.631734205664 1.021953850122 1.000000000000
0.631734205664 1.021953850122 1.000000000000
0.631734205664 1.021953850122 1.000000000000
0.631734205664 1.021953850122 1.000000000000
0.631734205664 1.021953850122 1.000000000000
0.631734205664 1.021953850122 1.000000000000
0.631734205664 1.021953850122 1.000000000000
0.631734205664 1.021953850122 1.000000000000
0.631734205664 1.021953850122 1.000000000000
0.631734205664 1.021953850122 1.000000000000
0.631734205664 1.021953850122 1.000000000000
0.631734205664 1.021953850122 1.000000000000
0.631734205664 1.021953850122 1.000000000000
0.631734205664 1.021953850122 1.000000000000
0.631734205664 1.021953850122 1.000000000000
0.631734205664 1.021953850122 1.000000000000
0.631734205664 1.021953850122 1.000000000000
0.631734205664 1.021953850122 1.000000000000
0.631734205664 1.021953850122 1.000000000000
0.631734205664 1.021953850122 1.000000000000
0.631734205664 1.021953850122 1.000000000000
0.631734205664 1.021953850122 1.000000000000
0.631734205664 1.021953850122 1.000000000000
0.631734205664 1.021953850122 1.000000000000
0.631734205664 1.021953850122 1.000000000000
0.631734205664 1.021953850122 1.000000000000
0.631734205664 1.021953850122 1.000000000000
0.631734205664 1.021953850122 1.000000000000
0.631734205664 1.021953850122 1.000000000000
0.631734205664 1.021953850122 1.000000000000
0.631734205664 1.021953850122 1.000000000000
