0.766666666667 0.100000000000 0.646265336246
0.740123072263 0.111356794655 0.610354686669
0.764643133073 0.088073970918 0.663804076402
0.776259887301 0.091004452856 0.669131312898
0.779699098229 0.075492715838 0.618156577069
0.774298853789 0.051139785315 0.634087319810
0.765379012594 0.029417434654 0.704656870736
0.756548169401 0.016626149620 0.625201735130
0.803329181750 0.023775338019 0.543633797713
0.799467077535 0.015355526959 0.573556057215
0.790448436866 -0.023596245587 1.000000000000
0.790448436866 -0.023596245587 1.000000000000
0.790448436866 -0.023596245587 1.000000000000
0.790448436866 -0.023596245587 1.000000000000
0.790448436866 -0.023596245587 1.000000000000
0.790448436866 -0.023596245587 1.000000000000
0.790448436866 -0.023596245587 1.000000000000
0.790448436866 -0.023596245587 1.000000000000
0.790448436866 -0.023596245587 1.000000000000
0.790448436866 -0.023596245587 1.000000000000
0.790448436866 -0.023596245587 1.000000000000
0.790448436866 -0.023596245587 1.000000000000
0.790448436866 -0.023596245587 1.000000000000
0.790448436866 -0.023596245587 1.000000000000
0.790448436866 -0.023596245587 1.000000000000
0.790448436866 -0.023596245587 1.000000000000
0.790448436866 -0.023596245587 1.000000000000
0.790448436866 -0.023596245587 1.000000000000
0.790448436866 -0.023596245587 1.000000000000
0.790448436866 -0.023596245587 1.000000000000
0.790448436866 -0.023596245587 1.000000000000
0.790448436866 -0.023596245587 1.000000000000
0.790448436866 -0.023596245587 1.000000000000
0.790448436866 -0.023596245587 1.000000000000
0.790448436866 -0.023596245587 1.000000000000
0.790448436866 -0.023596245587 1.000000000000
0.790448436866 -0.023596245587 1.000000000000
0.790448436866 -0.023596245587 1.000000000000
0.790448436866 -0.023596245587 1.000000000000
0.790448436866 -0.023596245587 1.000000000000
0.790448436866 -0.023596245587 1.000000000000
0.790448436866 -0.023596245587 1.000000000000
0.790448436866 -0.023596245587 1.000000000000
0.790448436866 -0.023596245587 1.000000000000
0.790448436866 -0.023596245587 1.000000000000
0.790448436866 -0.023596245587 1.000000000000
0.790448436866 -0.023596245587 1.000000000000
0.790448436866 -0.023596245587 1.000000000000
0.790448436866 -0.023596245587 1.000000000000
0.790448436866 -0.023596245587 1.000000000000
0.790448436866 -0.023596245587 1.000000000000
0.790448436866 -0.023596245587 1.000000000000
0.790448436866 -0.023596245587 1.000000000000
0.790448436866 -0.023596245587 1.000000000000
0.790448436866 -0.023596245587 1.000000000000
0.790448436866 -0.023596245587 1.000000000000
0.790448436866 -0.023596245587 1.000000000000
0.790448436866 -0.023596245587 1.000000000000
0.790448436866 -0.023596245587 1.000000000000
0.790448436866 -0.023596245587 1.000000000000
0.790448436866 -0.023596245587 1.000000000000
0.790448436866 -0.023596245587 1.000000000000
0.790448436866 -0.023596245587 1.000000000000
0.790448436866 -0.023596245587 1.000000000000
0.790448436866 -0.023596245587 1.000000000000
0.790448436866 -0.023596245587 1.000000000000
0.790448436866 -0.023596245587 1.000000000000
0.790448436866 -0.023596245587 1.000000000000
0.790448436866 -0.023596245587 1.000000000000
0.790448436866 -0.023596245587 1.000000000000
0.790448436866 -0.023596245587 1.000000000000
0.790448436866 -0.023596245587 1.000000000000
0.790448436866 -0.023596245587 1.000000000000
0.790448436866 -0.023596245587 1.000000000000
0.790448436866 -0.023596245587 1.000000000000
0.790448436866 -0.023596245587 1.000000000000
0.790448436866 -0.023596245587 1.000000000000
0.790448436866 -0.023596245587 1.000000000000
0.790448436866 -0.023596245587 1.000000000000
0.790448436866 -0.023596245587 1.000000000000
0.790448436866 -0.023596245587 1.000000000000
0.790448436866 -0.023596245587 1.000000000000
0.790448436866 -0.023596245587 1.000000000000
0.790448436866 -0.023596245587 1.000000000000
0.790448436866 -0.023596245587 1.000000000000
0.790448436866 -0.023596245587 1.000000000000
0.790448436866 -0.023596245587 1.000000000000
0.790448436866 -0.023596245587 1.000000000000
0.790448436866 -0.023596245587 1.000000000000
0.790448436866 -0.023596245587 1.000000000000
0.790448436866 -0.023596245587 1.000000000000
0.790448436866 -0.023596245587 1.000000000000
0.790448436866 -0.023596245587 1.000000000000
0.790448436866 -0.023596245587 1.000000000000
0.790448436866 -0.023596245587 1.000000000000
0.790448436866 -0.023596245587 1.000000000000
0.790448436866 -0.023596245587 1.000000000000
0.790448436866 -0.023596245587 1.000000000000
0.790448436866 -0.023596245587 1.000000000000
0.790448436866 -0.023596245587 1.000000000000
0.790448436866 -0.023596245587 1.000000000000
0.790448436866 -0.023596245587 1.000000000000
0.790448436866 -0.023596245587 1.000000000000
0.790448436866 -0.023596245587 1.000000000000
0.790448436866 -0.023596245587 1.000000000000
0.790448436866 -0.023596245587 1.000000000000
0.790448436866 -0.023596245587 1.000000000000
0.790448436866 -0.023596245587 1.000000000000
0.790448436866 -0.023596245587 1.000000000000
0.790448436866 -0.023596245587 1.000000000000
0.790448436866 -0.023596245587 1.000000000000
0.790448436866 -0.023596245587 1.000000000000
0.790448436866 -0.023596245587 1.000000000000
0.790448436866 -0.023596245587 1.000000000000
0.790448436866 -0.023596245587 1.000000000000
0.790448436866 -0.023596245587 1.000000000000
0.790448436866 -0.023596245587 1.000000000000
0.790448436866 -0.023596245587 1.000000000000
0.790448436866 -0.023596245587 1.000000000000
0.790448436866 -0.023596245587 1.000000000000
0.790448436866 -0.023596245587 1.000000000000
0.790448436866 -0.023596245587 1.000000000000
0.790448436866 -0.023596245587 1.000000000000
0.790448436866 -0.023596245587 1.000000000000
0.790448436866 -0.023596245587 1.000000000000
0.790448436866 -0.023596245587 1.000000000000
0.790448436866 -0.023596245587 1.000000000000
0.790448436866 -0.023596245587 1.000000000000
0.790448436866 -0.023596245587 1.000000000000
0.790448436866 -0.023596245587 1.000000000000
0.790448436866 -0.023596245587 1.000000000000
0.790448436866 -0.023596245587 1.000000000000
0.790448436866 -0.023596245587 1.000000000000
0.790448436866 -0.023596245587 1.000000000000
0.790448436866 -0.023596245587 1.000000000000
0.790448436866 -0.023596245587 1.000000000000
0.790448436866 -0.023596245587 1.000000000000
0.790448436866 -0.023596245587 1.000000000000
0.790448436866 -0.023596245587 1.000000000000
0.790448436866 -0.023596245587 1.000000000000
0.790448436866 -0.023596245587 1.000000000000
0.790448436866 -0.023596245587 1.000000000000
0.790448436866 -0.023596245587 1.000000000000
0.790448436866 -0.023596245587 1.000000000000
0.790448436866 -0.023596245587 1.000000000000
0.790448436866 -0.023596245587 1.000000000000
0.790448436866 -0.023596245587 1.000000000000
0.790448436866 -0.023596245587 1.000000000000
0.790448436866 -0.023596245587 1.000000000000
0.790448436866 -0.023596245587 1.000000000000
0.790448436866 -0.023596245587 1.000000000000
0.790448436866 -0.023596245587 1.000000000000
0.790448436866 -0.023596245587 1.000000000000
0.790448436866 -0.023596245587 1.000000000000
0.790448436866 -0.023596245587 1.000000000000
0.790448436866 -0.023596245587 1.000000000000
0.790448436866 -0.023596245587 1.000000000000
0.790448436866 -0.023596245587 1.000000000000
0.790448436866 -0.023596245587 1.000000000000
0.790448436866 -0.023596245587 1.000000000000
0.790448436866 -0.023596245587 1.000000000000
0.790448436866 -0.023596245587 1.000000000000
0.790448436866 -0.023596245587 1.000000000000
0.790448436866 -0.023596245587 1.000000000000
0.790448436866 -0.023596245587 1.000000000000
0.790448436866 -0.023596245587 1.000000000000
0.790448436866 -0.023596245587 1.000000000000
0.790448436866 -0.023596245587 1.000000000000
0.790448436866 -0.023596245587 1.000000000000
0.790448436866 -0.023596245587 1.000000000000
0.790448436866 -0.023596245587 1.000000000000
0.790448436866 -0.023596245587 1.000000000000
0.790448436866 -0.023596245587 1.000000000000
0.790448436866 -0.023596245587 1.000000000000
0.790448436866 -0.023596245587 1.000000000000
0.790448436866 -0.023596245587 1.000000000000
0.790448436866 -0.023596245587 1.000000000000
0.790448436866 -0.023596245587 1.000000000000
0.790448436866 -0.023596245587 1.000000000000
0.790448436866 -0.023596245587 1.000000000000
0.790448436866 -0.023596245587 1.000000000000
0.790448436866 -0.023596245587 1.000000000000
0.790448436866 -0.023596245587 1.000000000000
0.790448436866 -0.023596245587 1.000000000000
0.790448436866 -0.023596245587 1.000000000000
0.790448436866 -0.023596245587 1.000000000000
0.790448436866 -0.023596245587 1.000000000000
0.790448436866 -0.023596245587 1.000000000000
0.790448436866 -0.023596245587 1.000000000000
0.790448436866 -0.023596245587 1.000000000000
0.790448436866 -0.023596245587 1.000000000000
0.790448436866 -0.023596245587 1.000000000000
0.790448436866 -0.023596245587 1.000000000000
0.790448436866 -0.023596245587 1.000000000000
0.790448436866 -0.023596245587 1.000000000000
0.790448436866 -0.023596245587 1.000000000000
0.790448436866 -0.023596245587 1.000000000000
0.790448436866 -0.023596245587 1.000000000000
0.790448436866 -0.023596245587 1.000000000000
0.790448436866 -0.023596245587 1.000000000000
