0.766666666667 0.233333333333 0.390479728185
0.740058871126 0.230270984182 0.372209850429
0.720664140724 0.245233329578 0.231963276114
0.704655157299 0.270204280804 0.243809986208
0.753243637361 0.246825056991 0.325728530531
0.731592959460 0.249802962894 0.252114377757
0.702853120410 0.264177801673 0.195840163960
0.753853315079 0.240649410767 0.355406342372
0.725401074465 0.241975279319 0.272231210099
0.703558801054 0.268813065432 0.239179940023
0.751849827004 0.243177556962 0.344247556371
0.725953803135 0.244958867504 0.263253812610
0.700936838324 0.265047985113 0.215133824890
0.754060729851 0.241913441969 0.350035859676
0.726114713974 0.242305996198 0.272736668843
0.702410322742 0.265936040425 0.215590157720
0.752594187310 0.240278370690 0.355043630835
0.725058093520 0.242733941169 0.267953099528
0.702943841446 0.268185088976 0.234846702736
0.751641463778 0.241715258730 0.349318200053
0.725480104040 0.244398455372 0.259166649805
0.702354855336 0.266270351647 0.215590157720
0.752538719904 0.240612681912 0.355043630835
0.725002626114 0.243068252391 0.267953099528
0.702888374040 0.268519400198 0.244266692824
0.750961219213 0.242043415805 0.348652703167
0.725968631942 0.246246570536 0.253216690973
0.699387437895 0.262870143985 0.201494726206
0.757274148607 0.245116855138 0.337038766541
0.737273324757 0.250957515104 0.263143430868
0.708114093419 0.269983597796 0.232544302988
0.760033839094 0.255298797400 0.307008941010
0.737282018307 0.263804597192 0.174121789762
0.702261849603 0.281990658632 0.354620720978
0.723782155364 0.279107672986 0.252799980442
0.764237081955 0.246878047451 0.345892256216
0.751891804993 0.258589079651 0.267919203093
0.721331243164 0.279787851285 0.273357598805
0.740383308231 0.261759031507 0.200027939287
0.708453563272 0.277297068871 0.300647087473
0.742877488644 0.258120739197 0.231165286771
0.709949148482 0.274499269561 0.276194974416
0.751366295046 0.267171638256 0.200895398090
0.710294976975 0.286029821341 0.323848352731
0.723359541150 0.251557285012 0.215392946632
0.689045372680 0.269213863384 0.296373391701
0.724628305240 0.249491268086 0.230963276466
0.695545351942 0.265815975550 0.245540600251
0.750921692630 0.248431339655 0.314571404715
0.726205788336 0.253903223886 0.204624072763
0.689970139080 0.272608943696 0.314460855946
0.708204690905 0.264609769848 0.178356329465
0.757402086864 0.244714189625 0.337038766541
0.737401263014 0.250554849590 0.266891161166
0.707427823488 0.269972726104 0.232544302988
0.759347569163 0.255287925709 0.305319798715
0.737000536925 0.264193397464 0.174121789762
0.701980368221 0.282379458903 0.358136263435
0.716437214208 0.282983978179 0.287007524637
0.720360047929 0.273368515873 0.242183491639
0.768342784828 0.236324569868 0.377265935705
0.749961001186 0.238930289354 0.361290749199
0.726863473473 0.249435112242 0.239435898405
0.697011015293 0.262514057869 0.196080725422
0.758661697018 0.248052178621 0.328826987391
0.744156062301 0.258829984692 0.228167184500
0.711928602376 0.276767235564 0.286874042858
0.738969546053 0.268753354016 0.154106803237
0.719850584478 0.287087437152 0.301122042824
0.747039379354 0.293847587051 0.263999472640
0.765941477600 0.270816667946 0.244534998791
0.741306579488 0.290341913166 0.282634904833
0.757146829892 0.257858337850 0.286858724804
0.728682228124 0.268835661936 0.136129225659
0.735035848073 0.255472657247 0.228495029878
0.705443067302 0.270206272169 0.239492998054
0.754851047422 0.249346626859 0.315573361687
0.737661994293 0.257683803531 0.224182666213
0.704888162715 0.270261268705 0.243809986208
0.753476642777 0.246882044892 0.325728530531
0.731825964876 0.249859950794 0.252114377757
0.703086125826 0.264234789574 0.195840163960
0.754086320494 0.240706398668 0.355583238425
0.725111256524 0.241259062709 0.272231210099
0.703268983113 0.268096848823 0.234846702736
0.751966605445 0.241627018577 0.349720351910
0.724865503244 0.243137260572 0.267953099528
0.702751251171 0.268588408379 0.244266692824
0.750824096344 0.242112423986 0.348652703167
0.725831509073 0.246315578717 0.253216690973
0.699250315025 0.262939152166 0.201494726206
0.757137025738 0.245185863319 0.333327431174
0.738987859444 0.252376962798 0.258425783105
0.706995235289 0.269692274980 0.235715771763
0.757509591234 0.251816975838 0.315533341339
0.742446872161 0.263152634980 0.200167257770
0.711132377533 0.279663100550 0.298953273666
0.726700780461 0.259778552141 0.166336571143
0.692525308224 0.281574927306 0.312575757718
0.669234132899 0.304352917953 0.367346088055
0.659077542012 0.312508077424 0.470228849146
0.715270941345 0.247974804325 0.202382985941
0.694355364890 0.269334660956 0.281254931316
0.737611265536 0.255794868824 0.236764326963
0.706969155197 0.269098529564 0.225848427559
0.755337481654 0.250808007409 0.314213059757
0.740564770389 0.260477204834 0.212549524881
0.710293343478 0.273976858840 0.266880028219
0.751164089443 0.270829347380 0.172049087125
0.722521937298 0.286846342699 0.299179299787
0.745698496326 0.294503514629 0.268474303752
0.758255078253 0.273729217642 0.191322327688
0.735662786399 0.300962964806 0.338966285486
0.748614718983 0.265228085299 0.206439071870
0.714437986641 0.280232871175 0.290664743051
0.717829909838 0.267905206872 0.187941037371
0.773997221609 0.252957304669 0.347413906041
0.766490165519 0.263572917609 0.283411319687
0.746583767317 0.279665467385 0.168848031423
0.773655879995 0.260670998230 0.327508284091
0.756921124728 0.274378491643 0.180652225489
0.737533971555 0.299064650794 0.318133027400
0.745564969497 0.266176657767 0.190357854163
0.717853212045 0.277419370484 0.280482210740
0.728590113339 0.266827343098 0.137851263724
0.725134232206 0.261288735129 0.152465046510
0.704580386739 0.275760980170 0.300120473273
0.741622707345 0.258520085960 0.228109060351
0.715816437468 0.270267181768 0.219836270205
0.767101542777 0.261412749425 0.296083845055
0.749888343323 0.276367952321 0.150513999561
0.752477998157 0.274082935548 0.160520574445
0.737265466862 0.287582287235 0.293176884674
0.766325737504 0.272592200720 0.235427099998
0.750042853231 0.287850084302 0.193033306093
0.774302999201 0.254798123250 0.345559586783
0.766730182634 0.264744892925 0.277900154489
0.748861924070 0.279264599785 0.160575678287
0.765729506607 0.265325470878 0.274080321859
0.748132465208 0.279241695369 0.160575678287
0.764759082279 0.265501696874 0.270361604969
0.747280715622 0.278880921444 0.159592091759
0.763393546228 0.266901033711 0.252991047502
0.745062541163 0.280866176915 0.185931124017
0.775713414826 0.262816082138 0.321484223697
0.762022147315 0.273265564961 0.218250614730
0.745161679896 0.290286678747 0.254722614786
0.760841046389 0.263621734254 0.261529827996
0.741600031275 0.275037135274 0.156223325495
0.751781945632 0.274169869560 0.157441364409
0.739598294220 0.283357705142 0.241847212190
0.777939203788 0.268326490727 0.313733614954
0.770475239619 0.285288780840 0.270852388561
0.787345845599 0.312282227467 0.150757493527
0.759565879901 0.328265429601 0.367913106141
0.785631797812 0.284707033956 0.313087277909
0.783339970830 0.291065912768 0.323345892863
0.789921690620 0.275394043595 0.356845375333
0.768863696980 0.290801094978 0.264498757265
0.770677371497 0.337696372728 0.381502552643
0.804587046360 0.305555324670 0.385650913114
0.786475882857 0.296506365746 0.307069942625
0.777938044111 0.288900852158 0.324901686115
0.801646972201 0.290575988207 0.350118572556
0.819462383405 0.285289808100 0.343394638928
0.807418537509 0.288637746508 0.328731887199
0.811247585213 0.283634397441 0.339985011611
0.793523114735 0.286045731204 0.329090575489
0.792090758617 0.293624170976 0.327275624251
0.795106836140 0.313965033630 0.190050295109
0.749802382383 0.338885027603 0.382315529236
0.741292171830 0.333290095761 0.436882393256
0.719374368933 0.337746237422 0.526558748811
0.767200978447 0.347553501051 0.450683795153
0.779264085593 0.337230392987 0.283554062476
0.793095710481 0.321454389384 0.140515017049
0.805266568472 0.313049424163 0.300116406442
0.752351988815 0.329333045681 0.447575822324
0.751010895311 0.309023677939 0.275386543657
0.739868967791 0.311721112325 0.338748413942
0.746233887969 0.283704189230 0.198813307345
0.769187868811 0.262427267146 0.299706500266
0.756767515341 0.274072172377 0.179562679551
0.743258324505 0.290104323059 0.269335027761
0.753176090823 0.270634508900 0.180088888035
0.735934272898 0.283415677130 0.256797828853
0.769191112978 0.274371490188 0.241265402003
0.761744274541 0.287552459056 0.179605953212
0.759557387160 0.311282950112 0.287498549027
0.760389180560 0.313405260542 0.287327563071
0.758187328548 0.313797447196 0.284991635983
0.758057617380 0.319248615906 0.302008704597
0.775382683347 0.302635174716 0.256400949049
0.730265736690 0.311444187876 0.406615734898
0.745579456449 0.306413161596 0.289789707922
0.744563828513 0.298974097800 0.282150334266
0.749862560153 0.294731958299 0.249496885104
0.767650147521 0.280647917310 0.231980859414
0.771072470367 0.297796864333 0.271898496226
0.752381461686 0.335745070829 0.396374321464
