0.766666666667 0.366666666667 0.549618560579
0.765796897221 0.364008368955 0.553670990361
0.765431368506 0.361126196656 0.554824765918
0.767292785167 0.357827243991 0.524786468112
0.774982765620 0.349802500981 0.402418839081
0.778836902621 0.342263219895 0.321869373912
0.785955366694 0.331938854480 0.262475092019
0.789512109911 0.331158948341 0.246936214731
0.796147361419 0.326238810367 0.153521564956
0.803444328349 0.318266716084 0.170394243823
0.786169287016 0.323659764658 0.184701056689
0.797580636567 0.319335909361 0.137556175648
0.791963081463 0.320742220678 0.139047134830
0.795579786516 0.318755234210 0.139344406349
0.790803941548 0.320636926242 0.143345362322
0.796543467211 0.318225913452 0.141452234888
0.790251182439 0.320678026685 0.143345362322
0.795990708102 0.318267013894 0.141452234888
0.789698423330 0.320719127127 0.145784293700
0.796362421095 0.318121979833 0.141452234888
0.790070136323 0.320574093066 0.143345362322
0.795809661986 0.318163080275 0.141452234888
0.789517377214 0.320615193508 0.145784293700
0.796181374979 0.318018046214 0.148702674939
0.787583722258 0.321999303642 0.169782851690
0.798171784454 0.317885101121 0.157687507122
0.786501286194 0.323110380746 0.184701056689
0.797912635744 0.318786525448 0.147366924463
0.788400964065 0.322403676611 0.165766056729
0.798494505477 0.318267146281 0.147366924463
0.788982833798 0.321884297444 0.153069065047
0.797227140754 0.318454108064 0.144124924298
0.789349810805 0.321492545714 0.153069065047
0.797594117761 0.318062356333 0.152890904293
0.787474942643 0.322681257509 0.169782851690
0.798063004839 0.318567054987 0.147366924463
0.788551333160 0.322184206150 0.165766056729
0.798644874572 0.318047675820 0.163045258061
0.785420857338 0.323813180920 0.188836169601
0.796917484669 0.319644352814 0.137556175648
0.791299929565 0.321050664131 0.146569393905
0.797772425475 0.317813075869 0.157687507122
0.786101927215 0.323038355494 0.184701056689
0.797513276765 0.318714500196 0.144124924298
0.789635946816 0.321752937846 0.153069065047
0.797880253772 0.318322748466 0.147366924463
0.788368582093 0.321939899629 0.156451922080
0.797344569274 0.318421586003 0.144124924298
0.789467239325 0.321460023653 0.153069065047
0.797711546281 0.318029834273 0.157687507122
0.786041048021 0.323255113897 0.184701056689
0.797452397571 0.318931258600 0.144124924298
0.789575067622 0.321969696250 0.153069065047
0.797819374578 0.318539506869 0.147366924463
0.788307702899 0.322156658032 0.165766056729
0.798401244311 0.318020127703 0.157687507122
0.786730746051 0.323245407327 0.184701056689
0.798142095601 0.318921552030 0.147366924463
0.788630423922 0.322538703192 0.165766056729
0.798723965334 0.318402172863 0.151157579240
0.787555535330 0.322562662504 0.169782851690
0.798143597526 0.318448459982 0.147366924463
0.788631925847 0.322065611145 0.165766056729
0.798725467259 0.317929080816 0.163045258061
0.785501450025 0.323694585915 0.188836169601
0.796998077356 0.319525757809 0.137556175648
0.791380522252 0.320932069127 0.141093465547
0.796105827909 0.318720854873 0.141452234888
0.789813543137 0.321172968106 0.153069065047
0.798057850094 0.317742778725 0.157687507122
0.786387351833 0.322968058350 0.184701056689
0.797798701384 0.318644203052 0.147366924463
0.788287029705 0.322261354215 0.165766056729
0.798380571116 0.318124823885 0.147366924463
0.788868899437 0.321741975048 0.156451922080
0.797844886618 0.318223661422 0.147366924463
0.788333214939 0.321840812585 0.156451922080
0.797309202120 0.318322498959 0.144124924298
0.789431872171 0.321360936610 0.153069065047
0.797676179127 0.317930747229 0.157687507122
0.786005680867 0.323156026854 0.184701056689
0.797417030417 0.318832171556 0.144124924298
0.789539700468 0.321870609206 0.153069065047
0.797784007424 0.318440419826 0.147366924463
0.788272335745 0.322057570989 0.165766056729
0.798365877157 0.317921040659 0.157687507122
0.786695378896 0.323146320284 0.184701056689
0.798106728447 0.318822464986 0.147366924463
0.788595056768 0.322439616149 0.165766056729
0.798688598179 0.318303085819 0.151157579240
0.787520168176 0.322463575461 0.169782851690
0.798108230372 0.318349372939 0.147366924463
0.788596558693 0.321966524102 0.156451922080
0.797572545873 0.318448210476 0.144124924298
0.789695215924 0.321486648126 0.153069065047
0.797939522881 0.318056458746 0.157687507122
0.786269024620 0.323281738371 0.184701056689
0.797680374171 0.318957883073 0.147366924463
0.788168702492 0.322575034236 0.165766056729
0.798262243903 0.318438503906 0.147366924463
0.788750572224 0.322055655069 0.165766056729
0.798744177582 0.317960080485 0.163045258061
0.785779454805 0.323612536465 0.188836169601
0.796941228912 0.319565130537 0.137556175648
0.791539733620 0.320917352957 0.141093465547
0.796040024721 0.318811434621 0.141452234888
0.790103907013 0.321124748991 0.149772733584
0.797029099737 0.318003804580 0.152890904293
0.787659493146 0.322280564928 0.169782851690
0.797373311675 0.318506067202 0.144124924298
0.790212102630 0.321268283248 0.149772733584
0.796887738860 0.318259805302 0.144124924298
0.789854408548 0.320972696061 0.145784293700
0.795751751702 0.318674335625 0.141452234888
0.790232203657 0.320825312144 0.143345362322
0.795223095538 0.318728779283 0.139344406349
0.791105987806 0.320350927587 0.141093465547
0.795144710590 0.318461000875 0.139344406349
0.791097384345 0.320055655139 0.141093465547
0.795068229435 0.318197491901 0.139344406349
0.791088358628 0.319765568595 0.137456269477
0.793323413433 0.318838436456 0.136710565124
0.791693699244 0.319537691318 0.137456269477
0.793892411694 0.318625634499 0.137776783066
0.791199139933 0.319710281625 0.137456269477
0.793362672985 0.318812817715 0.136710565124
0.791784695754 0.319489874010 0.137456269477
0.793914157419 0.318606543389 0.137776783066
0.791305050400 0.319657295293 0.137456269477
0.793401497155 0.318787659721 0.136710565124
0.791872073070 0.319443883515 0.136514814308
0.793052575947 0.318828654669 0.136710565124
0.791546324954 0.319474935678 0.137456269477
0.793579720679 0.318631454559 0.136710565124
0.792095951044 0.319268089583 0.136514814308
0.793241476058 0.318671089740 0.136710565124
0.791779526565 0.319298362484 0.137456269477
0.793753553072 0.318479508551 0.136710565124
0.792312791252 0.319097690385 0.136514814308
0.793425351518 0.318517870394 0.136710565124
0.792005172010 0.319127221059 0.136514814308
0.793101951278 0.318555625465 0.136710565124
0.791701774299 0.319156393727 0.137456269477
0.793592974519 0.318371897302 0.136710565124
0.792212244442 0.318964321560 0.136099437272
0.791715580079 0.319247325940 0.137456269477
0.793567920020 0.318478949304 0.136710565124
0.792215368108 0.319059283271 0.136099437272
0.791728771266 0.319336551076 0.137456269477
0.793543815772 0.318583645111 0.136710565124
0.792218314898 0.319152372398 0.136514814308
0.793242459778 0.318618630817 0.136710565124
0.791934399705 0.319179874851 0.136514814308
0.792945157071 0.318653110284 0.136710565124
0.791654084791 0.319207065434 0.137456269477
0.793398869510 0.318483304216 0.136710565124
0.792124349438 0.319030157377 0.136099437272
0.791665646683 0.319291530849 0.137456269477
0.793377302578 0.318581511933 0.136710565124
0.792126830055 0.319118047110 0.136514814308
0.793093366786 0.318614328493 0.136710565124
0.791858428084 0.319144198636 0.136514814308
0.792813032262 0.318646698768 0.136710565124
0.791593246182 0.319170067437 0.137456269477
0.793242280520 0.318486024823 0.136710565124
0.792037279725 0.319003049629 0.136099437272
0.791603446396 0.319250252251 0.137456269477
0.793222857363 0.318578497827 0.136710565124
0.792039374440 0.319086290048 0.136514814308
0.792954438800 0.318609396682 0.136710565124
0.791784879205 0.319111214877 0.137456269477
0.793366409214 0.318455174007 0.136710565124
0.792210449149 0.318951157107 0.136099437272
0.791794169770 0.319188357310 0.137456269477
0.793348432019 0.318543627489 0.136710565124
0.792212288413 0.319031108021 0.136099437272
0.791803104705 0.319264265039 0.137456269477
0.793331023527 0.318630462842 0.136710565124
0.792214028408 0.319109727411 0.136514814308
0.793077971855 0.318659476133 0.136710565124
0.791973387793 0.319133415539 0.136514814308
0.792827784903 0.318688139413 0.136710565124
0.791735339128 0.319156870694 0.137456269477
0.793213162250 0.318543848898 0.136710565124
0.792132590886 0.319007485273 0.136099437272
0.791743313412 0.319229299517 0.137456269477
0.793197300678 0.318626165169 0.136710565124
0.792134064682 0.319082363528 0.136514814308
0.792956649134 0.318653666832 0.136710565124
0.791904664313 0.319105037695 0.136514814308
0.792718589981 0.318680853597 0.136099437272
0.792341541119 0.318895699854 0.136099437272
0.791966456054 0.319109427120 0.136514814308
0.792767730027 0.318691836557 0.136099437272
0.792396511818 0.318903360449 0.136099437272
0.792027197292 0.319113799603 0.136514814308
0.792816206868 0.318702600732 0.136710565124
0.791806942243 0.319135641814 0.137456269477
0.793172809068 0.318569061062 0.136710565124
0.792173687806 0.318997749973 0.136099437272
