0.766666666667 0.500000000000 0.719495569384
0.779759152714 0.478339631574 0.660644287148
0.780152775758 0.463082609642 0.656998339109
0.783314641694 0.442419794444 0.626936911162
0.787539218947 0.436549721496 0.624659106511
0.786940097299 0.432106187975 0.625752384763
0.788336952069 0.424539955314 0.608227393754
0.799643583889 0.403947559621 0.536450008068
0.812481468249 0.386091628671 0.377206876564
0.828275448091 0.285882684841 0.344238582824
0.810694153141 0.284636101787 0.334852287942
0.787561474515 0.288855219258 0.313412464206
0.784280297112 0.292927530221 0.320136306975
0.784019954084 0.265265607648 0.346609112688
0.783563383774 0.296407042783 0.321742270928
0.765368538190 0.262051097261 0.284442157108
0.741693976935 0.279427888810 0.189533360307
0.791801508079 0.261821350171 0.427376967472
0.814017343843 0.337191511459 0.144519251006
0.846175904587 0.298716447279 0.332579456725
0.831010667444 0.301036217304 0.286636475539
0.809701133990 0.315413938703 0.257146005563
0.715410702365 0.313158154816 0.364486419517
0.764564390994 0.326367473951 0.286274175110
0.811707702754 0.272288824465 0.441835736896
0.784070546741 0.227234383201 0.423920442359
0.774558329868 0.233988677303 0.394342193206
0.758313552922 0.244757818096 0.338333216121
0.739745858791 0.252202032229 0.261793762087
0.706579236533 0.269459494364 0.235715771763
0.757093592477 0.251584195221 0.315533341339
0.742030873405 0.262919854364 0.196981568257
0.710733389436 0.279153627960 0.298952611958
0.733584157747 0.260852960588 0.185927046341
0.695236920144 0.277645751253 0.329825901654
0.704906639596 0.289273866359 0.346742431989
0.677470819449 0.289717489513 0.334519397269
0.681299660715 0.242051258581 0.105764233038
0.660602502984 0.275824429497 0.331632593026
0.725959951132 0.245143874749 0.258311217324
0.700204046446 0.263418705781 0.197925229035
0.756396633671 0.244504235251 0.336057101670
0.735055757078 0.248760967704 0.267066976640
0.706211481025 0.266532425017 0.200853255032
0.755566430577 0.242496928729 0.344861490044
0.729414019064 0.243521057584 0.279204863940
0.700412223656 0.259942873379 0.163049340214
0.750945209514 0.246798166403 0.324247251222
0.725981027602 0.249671628460 0.236816078606
0.696233637319 0.263553783208 0.211068063952
0.758269966108 0.248084135192 0.326062066741
0.744301695089 0.259416717336 0.231801268131
0.712090869557 0.278792311748 0.292845081656
0.726658094743 0.265588198704 0.139938635656
0.721183002037 0.261236072121 0.140441956049
0.709873975181 0.273266071709 0.258663224453
0.758316675330 0.267837951926 0.225329493292
0.725918530657 0.293267705696 0.344325586658
0.751559958210 0.297416123516 0.262421190109
0.791046816188 0.275698349934 0.361840556432
0.753597621374 0.302692234799 0.287784039241
0.763795647899 0.290907367509 0.195277406513
0.757695159310 0.345318506950 0.416857726548
0.813752920283 0.354526094297 0.209378445108
0.829661657457 0.318841843070 0.197187387048
0.801098861315 0.335671166738 0.203904911371
0.845139193334 0.309472772572 0.279222967117
0.820043367133 0.327725345026 0.120680648090
0.786792061679 0.343272083691 0.281425792010
0.805551427206 0.329239761131 0.110462605044
0.844294119032 0.311683173618 0.266656132182
0.822476915909 0.327918103884 0.119869698103
0.787996872048 0.342095041133 0.274612665424
0.796033924482 0.333369648535 0.211923468046
0.837759768355 0.291939696115 0.340733536230
0.828015137195 0.303172126247 0.272131696540
0.807116100272 0.310908664082 0.337303757512
0.741603179547 0.310250968720 0.316349130183
0.748566830918 0.264986404940 0.206439071870
0.709605356048 0.282091860840 0.316258929310
0.729031227024 0.249073995348 0.244379295493
0.699404984929 0.261629708286 0.178910089904
0.756906590638 0.247700534660 0.326855024321
0.741582361555 0.257147261146 0.234602168460
0.707924480366 0.272161035835 0.252430433310
0.757900871592 0.259756586264 0.277288092922
0.726635997090 0.271042572137 0.160862511334
0.764612993442 0.231366221556 0.403953559133
0.733848464877 0.224328035538 0.371278020218
0.716546315797 0.239537504233 0.235054163208
0.691699986003 0.256903351268 0.144190704048
0.755057176117 0.247325699914 0.323732557297
0.737456639359 0.253930328561 0.242932492237
0.705971357819 0.268797371973 0.229851569720
0.755571717637 0.246946154040 0.327294506455
0.736541117220 0.252232031741 0.251705643333
0.706931033779 0.269355356562 0.225848427559
0.757717776560 0.250150308299 0.318392649896
0.743334550775 0.261349341714 0.215751739223
0.711677951300 0.279111614054 0.295648385831
0.730208660671 0.263466418496 0.157414289716
0.695937604779 0.279477497068 0.335536819373
0.699810204384 0.298987959957 0.269981887133
0.703192681641 0.307904868079 0.333891920587
0.758043035751 0.295844213995 0.203256801372
0.798905477278 0.260279971541 0.508118777540
0.855091065116 0.288223887953 0.371502368299
0.845721427461 0.301150064987 0.325889834324
0.827926147134 0.306078847460 0.259852433026
0.808270582520 0.315218794357 0.254999042826
0.715413153176 0.327292380973 0.383325982911
0.715158666519 0.337477301629 0.494713727268
0.795842706155 0.353231806031 0.279851404609
0.837495425977 0.317635234946 0.228348084587
0.817026138403 0.329323276705 0.102232130649
0.808946898211 0.334391066407 0.149263957730
0.854556390692 0.315195144574 0.295140512549
0.828718695533 0.333224506879 0.101325850356
0.800012467694 0.345240128916 0.241389087668
0.799562652826 0.332988343062 0.188595521190
0.840008482285 0.301950871673 0.311115440407
0.817058576839 0.312705938096 0.253555988636
0.786236731487 0.276659755924 0.336566654761
0.769225705608 0.290608213150 0.264498757265
0.771551304384 0.350740061233 0.429325083025
0.787917656384 0.317313305333 0.135022105848
0.797669813565 0.315993935853 0.184296570300
0.736555692173 0.347693499221 0.534806514709
0.805294811140 0.321182197560 0.131694712769
0.752812430850 0.329043950285 0.447575822324
0.750976164358 0.301235739069 0.285963064890
0.764962840477 0.295923882775 0.200326405061
0.763707364150 0.329186950927 0.319211353271
0.811167815263 0.290827019354 0.326120401685
0.813792957010 0.285038001716 0.334393675467
0.799927559410 0.290703227408 0.351773404512
0.820876635155 0.291107169495 0.322809362409
0.807979906737 0.290851508744 0.332882865798
0.818298351129 0.280055580944 0.369269511184
0.800300473568 0.280253704690 0.357628594881
0.768895450822 0.287192773775 0.259278539542
0.778817681149 0.329344840875 0.251406511336
0.796138669127 0.328525084121 0.169076802781
0.825989165557 0.297115904509 0.296091893834
0.810418991647 0.297525547874 0.334334105396
0.814802347885 0.273663248268 0.409887619251
0.797021849525 0.254736797742 0.420356388982
0.831704314289 0.276599051724 0.367798026446
0.824906542013 0.273496352306 0.382210623123
0.819117923090 0.268169262356 0.396898832408
0.820446746203 0.259879571406 0.395046863967
0.816686229602 0.260782691324 0.399941553714
0.817341353137 0.248842104464 0.433271806932
0.809841976259 0.236975432727 0.416239376502
0.813854657444 0.240325753856 0.431850673896
0.825469572309 0.242467192757 0.404726337964
0.826374545106 0.232620230571 0.418554286200
0.818076624955 0.234720436643 0.415613768864
0.821662455732 0.234009438598 0.414804621216
0.820377881409 0.234450706444 0.414840204218
0.821443187709 0.233565515049 0.414804621216
0.820174570831 0.234001301306 0.414703080315
0.819972689137 0.234209139132 0.414673980715
0.820598842936 0.234187092609 0.414703080315
0.820399423214 0.234392395826 0.414703080315
0.820201212096 0.234596454782 0.414840204218
0.821228013349 0.233743258257 0.414804621216
0.820004975521 0.234163387523 0.414673980715
0.820612493790 0.234141997146 0.414703080315
0.820418974060 0.234341226304 0.414703080315
0.820226592680 0.234539283526 0.414840204218
0.821223370505 0.233711034267 0.414804621216
0.820035886102 0.234118950474 0.414673980715
0.820625846040 0.234098178316 0.414703080315
0.820437887221 0.234291682498 0.414703080315
0.820251002453 0.234484080942 0.414840204218
0.821219462725 0.233679361492 0.414804621216
0.820065523079 0.234075754642 0.414703080315
0.819881788054 0.234264910415 0.414673980715
0.820451972799 0.234244834531 0.414703080315
0.820270279274 0.234431888574 0.414703080315
0.820089589581 0.234617909169 0.414840204218
0.821026122592 0.233839718931 0.414804621216
0.819910017032 0.234223115584 0.414673980715
0.820464707626 0.234203585240 0.414703080315
0.820287924737 0.234385583768 0.414703080315
0.820112092294 0.234566603810 0.414840204218
0.821023584315 0.233809220798 0.414804621216
0.819937162415 0.234182420731 0.414673980715
0.820477178654 0.234163407063 0.414703080315
0.820305047946 0.234340616156 0.414703080315
0.820133818447 0.234516897453 0.414840204218
0.821021573697 0.233779237957 0.414804621216
0.819963297441 0.234142769498 0.414673980715
0.820489395736 0.234124245873 0.414703080315
0.820321678636 0.234296911143 0.414703080315
0.820154817236 0.234468695469 0.414840204218
0.821020040627 0.233749758294 0.414804621216
0.819988488519 0.234104109747 0.414673980715
0.820501368264 0.234086051539 0.414703080315
