0.766666666667 0.633333333333 0.794642395371
0.765337533820 0.639237241679 0.756013020180
0.758952482565 0.645965257836 0.719833732013
0.762618252886 0.647634953277 0.732053535083
0.769269387345 0.650716170919 0.775506055548
0.777612867131 0.651717794111 0.797333058580
0.774110800081 0.656767544323 0.791550917205
0.774970104684 0.647720450677 0.789818450681
0.773390625785 0.653832190370 0.788184809506
0.774750830666 0.650008143751 0.786809896912
0.774148214180 0.653685925932 0.786846690846
0.775518783191 0.651717685368 0.789094514756
0.773793017031 0.655056843760 0.789464599507
0.775047577978 0.649384416749 0.787507038924
0.774203063770 0.654121450334 0.788184809506
0.775563268651 0.650297403716 0.790742553966
0.773893982456 0.654691744372 0.789464599507
0.775148543403 0.649019317361 0.787507038924
0.774304029195 0.653756350947 0.788184809506
0.775664234076 0.649932304328 0.790742553966
0.773994947882 0.654326644984 0.788184809506
0.775355152762 0.650502598365 0.790742553966
0.773685866568 0.654896939022 0.789464599507
0.774940427515 0.649224512011 0.787507038924
0.774095913307 0.653961545596 0.788184809506
0.775456118188 0.650137498978 0.790742553966
0.773786831994 0.654531839634 0.788184809506
0.775147036874 0.650707793015 0.786809896912
0.774544420389 0.654385575196 0.785126215786
0.774100103781 0.651971068242 0.785553149528
0.775366021806 0.651793646087 0.787365774253
0.773534743422 0.653889962670 0.788184809506
0.774894948303 0.650065916051 0.786809896912
0.774292331818 0.653743698232 0.788184809506
0.775652536699 0.649919651613 0.790742553966
0.773983250504 0.654313992269 0.788184809506
0.775343455385 0.650489945650 0.790742553966
0.773674169191 0.654884286307 0.789464599507
0.774928730137 0.649211859296 0.787507038924
0.774084215930 0.653948892881 0.788184809506
0.775444420810 0.650124846263 0.790742553966
0.773775134616 0.654519186919 0.788184809506
0.775135339497 0.650695140300 0.786809896912
0.774532723012 0.654372922481 0.785126215786
0.774088406404 0.651958415527 0.785553149528
0.775354324429 0.651780993372 0.787365774253
0.773523046045 0.653877309954 0.788184809506
0.774883250926 0.650053263336 0.786809896912
0.774280634441 0.653731045516 0.788184809506
0.775640839321 0.649906998898 0.790742553966
0.773971553127 0.654301339554 0.788184809506
0.775331758008 0.650477292935 0.790742553966
0.773662471814 0.654871633592 0.789464599507
0.774917032760 0.649199206581 0.787507038924
0.774072518552 0.653936240166 0.788184809506
0.775432723433 0.650112193548 0.790742553966
0.773763437239 0.654506534204 0.788184809506
0.775123642120 0.650682487585 0.786809896912
0.774521025635 0.654360269766 0.785126215786
0.774076709027 0.651945762812 0.785553149528
0.775342627052 0.651768340657 0.787365774253
0.773511348668 0.653864657239 0.788184809506
0.774871553549 0.650040610621 0.786809896912
0.774268937063 0.653718392801 0.788184809506
0.775629141944 0.649894346183 0.790742553966
0.773959855750 0.654288686839 0.788184809506
0.775320060631 0.650464640220 0.790742553966
0.773650774436 0.654858980877 0.789464599507
0.774905335383 0.649186553866 0.787507038924
0.774060821175 0.653923587451 0.788184809506
0.775421026056 0.650099540832 0.790742553966
0.773751739862 0.654493881489 0.788184809506
0.775111944743 0.650669834870 0.786809896912
0.774509328257 0.654347617051 0.785126215786
0.774065011649 0.651933110097 0.785553149528
0.775330929674 0.651755687942 0.787365774253
0.773499651290 0.653852004524 0.788184809506
0.774859856171 0.650027957906 0.786809896912
0.774257239686 0.653705740086 0.788184809506
0.775617444567 0.649881693468 0.790742553966
0.773948158373 0.654276034124 0.788184809506
0.775308363253 0.650451987505 0.790742553966
0.773639077059 0.654846328162 0.789464599507
0.774893638006 0.649173901151 0.787507038924
0.774049123798 0.653910934736 0.788184809506
0.775409328679 0.650086888117 0.790742553966
0.773740042484 0.654481228774 0.788184809506
0.775100247365 0.650657182155 0.786809896912
0.774497630880 0.654334964336 0.785126215786
0.774053314272 0.651920457382 0.785553149528
0.775319232297 0.651743035227 0.789094514756
0.773593466137 0.655082193618 0.789464599507
0.774848027084 0.649409766608 0.787507038924
0.774003512876 0.654146800193 0.788184809506
0.775363717757 0.650322753574 0.790742553966
0.773694431563 0.654717094231 0.789464599507
0.774948992509 0.649044667220 0.787507038924
0.774104478301 0.653781700805 0.788184809506
0.775464683182 0.649957654187 0.790742553966
0.773795396988 0.654351994843 0.788184809506
0.775155601869 0.650527948224 0.786809896912
0.774558951883 0.654169316720 0.785126215786
0.774123347366 0.651802153040 0.785553149528
0.775352393992 0.651629898520 0.789094514756
0.773693003454 0.654840627743 0.789464599507
0.774887823403 0.649438316304 0.787507038924
0.774091111886 0.653907215913 0.788184809506
0.775362331401 0.650333340568 0.790742553966
0.773816696036 0.654402174509 0.788184809506
0.775064590422 0.650893874859 0.786303839803
0.774653896827 0.653069204274 0.785529537991
0.774302237290 0.652434062063 0.785553149528
0.775432521241 0.652275649424 0.787365774253
0.773811920901 0.654130796842 0.788184809506
0.775005083077 0.650776369984 0.786809896912
0.774481068742 0.653974441445 0.785126215786
0.774098037184 0.651892969933 0.785553149528
0.775180018401 0.651741327066 0.786303839803
0.774797168440 0.653769176520 0.785126215786
0.774423793139 0.651740179080 0.786303839803
0.774047324010 0.653734231043 0.788184809506
0.775171460275 0.650573861936 0.786809896912
0.774677512336 0.653588437494 0.785529537991
0.774360161047 0.653015260377 0.785529537991
0.774045369042 0.652446705656 0.785553149528
0.775058103462 0.652304767932 0.785902472739
0.774751893499 0.653032071216 0.785529537991
0.774444537526 0.652476946921 0.785902472739
0.774143112093 0.653192886091 0.786846690846
0.775205568691 0.651667118212 0.786303839803
0.774858058725 0.653507781563 0.785529537991
0.774560087667 0.652969607628 0.785529537991
0.774264373966 0.652435510769 0.785553149528
0.775216192030 0.652302110652 0.785902472739
0.774928263258 0.652985992844 0.785529537991
0.774639120973 0.652463764804 0.785902472739
0.774355426448 0.653137589905 0.785529537991
0.774070505217 0.652622985632 0.785553149528
0.774987837119 0.652494418853 0.785902472739
0.774710265498 0.653153700967 0.785529537991
0.774431449723 0.652650123928 0.785902472739
0.774157815288 0.653300054522 0.786846690846
0.775123004731 0.651913969618 0.785902472739
0.774853197351 0.652554810274 0.785902472739
0.774585263634 0.653191200647 0.785529537991
0.774316062195 0.652704988334 0.785553149528
0.775183129336 0.652583466310 0.785902472739
0.774920663653 0.653206869124 0.785529537991
0.774656919000 0.652730512466 0.785529537991
0.774394944446 0.652257352832 0.785902472739
0.774137728077 0.652868287591 0.786846690846
0.775045389673 0.651564817019 0.786303839803
0.774748177203 0.653139068568 0.785529537991
0.774493051657 0.652678279121 0.785902472739
0.774242516232 0.653273345445 0.786846690846
0.775126754303 0.652003512822 0.785902472739
0.774879430872 0.652590950090 0.785902472739
0.774633682749 0.653174645719 0.785529537991
0.774386630795 0.652728438217 0.785529537991
0.774141132628 0.652285037051 0.785553149528
0.774932331394 0.652174148204 0.785902472739
0.774692688814 0.652743342078 0.785529537991
0.774451736909 0.652308152044 0.785902472739
0.774215034729 0.652870361945 0.786846690846
0.775050747540 0.651670215259 0.786303839803
0.774776951810 0.653120434869 0.785529537991
0.774541805975 0.652695731342 0.785902472739
0.774310773308 0.653244475137 0.786846690846
0.775126588195 0.652072903373 0.785902472739
0.774898289643 0.652615153159 0.785902472739
0.774671334023 0.653154213240 0.785529537991
0.774443063798 0.652741927945 0.785529537991
0.774216120724 0.652332039658 0.785553149528
0.774947865248 0.652229483498 0.785902472739
0.774726126999 0.652756151394 0.785529537991
0.774503074378 0.652353289763 0.785902472739
0.774283855882 0.652873972796 0.786846690846
0.775058188656 0.651761972477 0.785902472739
0.774841433289 0.652276805139 0.785902472739
0.774625888846 0.652788761640 0.785529537991
0.774409032131 0.652397090610 0.785902472739
0.774195869394 0.652903390134 0.786846690846
0.774948929290 0.651821939274 0.785902472739
0.774738096201 0.652322705470 0.785902472739
0.774528408944 0.652820750110 0.785529537991
0.774317413221 0.652439664783 0.785553149528
0.774998014310 0.652344276528 0.785902472739
0.774791691020 0.652834331147 0.785529537991
0.774584062250 0.652459326969 0.785902472739
0.774379922275 0.652944195825 0.785529537991
0.774174479072 0.652573139060 0.785553149528
0.774837263378 0.652480247879 0.785902472739
0.774636313090 0.652957540659 0.785529537991
0.774434063304 0.652592251615 0.785902472739
0.774235184669 0.653064623851 0.786846690846
0.774938040571 0.652055269716 0.785902472739
0.774741191309 0.652522821827 0.785902472739
0.774545341282 0.652988000577 0.785529537991
0.774348198815 0.652631936004 0.785902472739
0.774154317130 0.653092439591 0.786846690846
