0.766666666667 0.766666666667 0.728755654202
0.735318081135 0.777010979607 0.658300066306
0.728053324131 0.785016440916 0.653114767278
0.728432210077 0.781937642076 0.653007958590
0.728551226056 0.780998230427 0.652974009535
0.728803545042 0.780884366477 0.652839221301
0.728150957040 0.779690898652 0.652900463636
0.728678246232 0.780411543929 0.652839221301
0.728025658230 0.779218076104 0.652900463636
0.728552947422 0.779938721381 0.652900463636
0.729080236614 0.780659366658 0.652839221301
0.728427648612 0.779465898833 0.652900463636
0.728954937804 0.780186544110 0.652839221301
0.728302349802 0.778993076285 0.652759177712
0.729249919173 0.780535163578 0.652839221301
0.728597331171 0.779341695753 0.652900463636
0.729124620363 0.780062341030 0.652944377790
0.728725116143 0.779862497083 0.652944377790
0.728325611923 0.779662653136 0.652900463636
0.728852901115 0.780383298413 0.652839221301
0.728200313113 0.779189830588 0.652900463636
0.728727602305 0.779910475865 0.652944377790
0.728328098085 0.779710631918 0.652900463636
0.728855387277 0.780431277195 0.652839221301
0.728202799275 0.779237809370 0.652900463636
0.728730088467 0.779958454647 0.652944377790
0.728330584247 0.779758610700 0.652900463636
0.728857873439 0.780479255977 0.652839221301
0.728205285437 0.779285788152 0.652900463636
0.728732574629 0.780006433429 0.652944377790
0.728333070409 0.779806589481 0.652900463636
0.728860359601 0.780527234759 0.652839221301
0.728207771599 0.779333766933 0.652900463636
0.728735060791 0.780054412210 0.652944377790
0.728335556571 0.779854568263 0.652900463636
0.728862845763 0.780575213540 0.652839221301
0.728210257761 0.779381745715 0.652900463636
0.728737546953 0.780102390992 0.652944377790
0.728338042733 0.779902547045 0.652900463636
0.728865331925 0.780623192322 0.652839221301
0.728212743923 0.779429724497 0.652900463636
0.728740033115 0.780150369774 0.652944377790
0.728340528895 0.779950525827 0.652900463636
0.728867818088 0.780671171104 0.652839221301
0.728215230085 0.779477703279 0.652900463636
0.728742519278 0.780198348556 0.652839221301
0.728089931275 0.779004880731 0.652759177712
0.729037500646 0.780546968024 0.652839221301
0.728384912644 0.779353500199 0.652900463636
0.728912201836 0.780074145476 0.652944377790
0.728512697616 0.779874301529 0.652900463636
0.729039986808 0.780594946806 0.652839221301
0.728387398806 0.779401478981 0.652900463636
0.728914687998 0.780122124258 0.652944377790
0.728515183778 0.779922280311 0.652900463636
0.729042472970 0.780642925588 0.652839221301
0.728389884968 0.779449457763 0.652900463636
0.728917174160 0.780170103040 0.652839221301
0.728264586158 0.778976635215 0.652759177712
0.729212155529 0.780518722508 0.652839221301
0.728559567527 0.779325254683 0.652900463636
0.729086856719 0.780045899960 0.652944377790
0.728687352499 0.779846056013 0.652944377790
0.728287848279 0.779646212066 0.652900463636
0.728815137471 0.780366857343 0.652839221301
0.728162549469 0.779173389517 0.652759177712
0.729110118839 0.780715476811 0.652839221301
0.728457530837 0.779522008986 0.652900463636
0.728984820029 0.780242654263 0.652839221301
0.728332232027 0.779049186438 0.652759177712
0.729279801398 0.780591273731 0.652839221301
0.728627213396 0.779397805906 0.652944377790
0.728227709176 0.779197961959 0.652900463636
0.728754998368 0.779918607236 0.652944377790
0.728355494148 0.779718763289 0.652900463636
0.728882783340 0.780439408566 0.652839221301
0.728230195338 0.779245940741 0.652900463636
0.728757484530 0.779966586018 0.652944377790
0.728357980310 0.779766742070 0.652900463636
0.728885269502 0.780487387348 0.652839221301
0.728232681500 0.779293919522 0.652900463636
0.728759970692 0.780014564799 0.652944377790
0.728360466472 0.779814720852 0.652900463636
0.728887755664 0.780535366129 0.652839221301
0.728235167662 0.779341898304 0.652900463636
0.728762456854 0.780062543581 0.652944377790
0.728362952634 0.779862699634 0.652900463636
0.728890241826 0.780583344911 0.652839221301
0.728237653824 0.779389877086 0.652900463636
0.728764943016 0.780110522363 0.652944377790
0.728365438796 0.779910678416 0.652900463636
0.728892727988 0.780631323693 0.652839221301
0.728240139986 0.779437855868 0.652900463636
0.728767429178 0.780158501145 0.652839221301
0.728114841176 0.778965033320 0.652759177712
0.729062410547 0.780507120613 0.652839221301
0.728409822545 0.779313652788 0.652900463636
0.728937111737 0.780034298065 0.652944377790
0.728537607517 0.779834454118 0.652900463636
0.729064896709 0.780555099395 0.652839221301
0.728412308707 0.779361631570 0.652900463636
0.728934377214 0.780075141745 0.652944377790
0.728542706410 0.779879216307 0.652900463636
0.729054637664 0.780578871916 0.652839221301
0.728427149201 0.779431306699 0.652900463636
0.728929329384 0.780117635534 0.652944377790
0.728552438610 0.779929103509 0.652900463636
0.729045232248 0.780602603768 0.652839221301
0.728440984098 0.779497540967 0.652900463636
0.728924735650 0.780158683423 0.652839221301
0.728331473830 0.779073712673 0.652759177712
0.729185139930 0.780462980504 0.652839221301
0.728602472071 0.779397384232 0.652944377790
0.728248928513 0.779220531181 0.652900463636
0.728711462892 0.779852676161 0.652944377790
0.728364067918 0.779678898816 0.652900463636
0.728818627567 0.780300144744 0.652839221301
0.728260860043 0.779280086774 0.652900463636
0.728707715291 0.779890803111 0.652944377790
0.728371997459 0.779722867021 0.652900463636
0.728811405119 0.780323404752 0.652839221301
0.728272076192 0.779337067706 0.652900463636
0.728704280448 0.779927760556 0.652944377790
0.728379480269 0.779765285802 0.652900463636
0.728804713488 0.780346451348 0.652839221301
0.728282643086 0.779391677088 0.652900463636
0.728701126572 0.779963617784 0.652944377790
0.728386556320 0.779806260346 0.652900463636
0.728798501002 0.780369264468 0.652839221301
0.728292618829 0.779444095612 0.652900463636
0.728698225900 0.779998438132 0.652944377790
0.728393260847 0.779845885501 0.652900463636
0.728792722356 0.780391828893 0.652839221301
0.728302054685 0.779494484663 0.652900463636
0.728695554082 0.780032279646 0.652944377790
0.728399625030 0.779884247093 0.652900463636
0.728787337672 0.780414133326 0.652839221301
0.728310996064 0.779542988928 0.652900463636
0.728693089682 0.780065195650 0.652944377790
0.728405676574 0.779921423027 0.652900463636
0.728782311711 0.780436169653 0.652839221301
0.728319483341 0.779589738571 0.652900463636
0.728690813758 0.780097235245 0.652944377790
0.728411440177 0.779957484233 0.652900463636
0.728777613227 0.780457932343 0.652839221301
0.728327552536 0.779634851084 0.652900463636
0.728688709517 0.780128443739 0.652944377790
0.728416937939 0.779992495476 0.652900463636
0.728773214420 0.780479417960 0.652839221301
0.728335235895 0.779678432843 0.652900463636
0.728686762023 0.780158863028 0.652839221301
0.728254584539 0.779368486984 0.652900463636
0.728601485323 0.779842595719 0.652944377790
0.728340371453 0.779711978760 0.652900463636
0.728682767033 0.780179930239 0.652839221301
0.728261742515 0.779409950997 0.652900463636
0.728599748408 0.779871903098 0.652944377790
0.728345287121 0.779744613959 0.652900463636
0.728679014458 0.780200718565 0.652839221301
0.728268581752 0.779450109870 0.652900463636
0.728598137497 0.779900513168 0.652900463636
0.728925646312 0.780348118930 0.652839221301
0.728522814212 0.779611410396 0.652900463636
0.728846304514 0.780053524063 0.652944377790
0.728602704380 0.779931667998 0.652944377790
0.728360580610 0.779810550454 0.652900463636
0.728678224702 0.780244674115 0.652839221301
0.728287453443 0.779530022723 0.652900463636
0.728601316057 0.779958978245 0.652944377790
0.728364923028 0.779840727389 0.652900463636
0.728675093141 0.780264636375 0.652839221301
0.728293462730 0.779566701974 0.652900463636
0.728600026214 0.779985681787 0.652944377790
0.728369098919 0.779870165054 0.652900463636
0.728672138685 0.780284329007 0.652839221301
0.728299231255 0.779602347392 0.652900463636
0.728598827387 0.780011804936 0.652900463636
0.728896730885 0.780418949160 0.652839221301
0.728530108412 0.779748461618 0.652900463636
0.728824683380 0.780151056745 0.652944377790
0.728602736591 0.780040032330 0.652944377790
0.728382016027 0.779929621309 0.652900463636
0.728671735364 0.780325580253 0.652839221301
0.728315129898 0.779673412042 0.652900463636
0.728601700111 0.780065067084 0.652944377790
0.728385751884 0.779957043329 0.652900463636
0.728669240697 0.780344487026 0.652839221301
0.728320263156 0.779706268938 0.652900463636
0.728600736130 0.780089590894 0.652944377790
0.728389358236 0.779983853356 0.652900463636
0.728666878864 0.780363140344 0.652839221301
0.728325209753 0.779738288079 0.652900463636
0.728599839540 0.780113624161 0.652944377790
0.728392842535 0.780010078074 0.652900463636
0.728664641088 0.780381544712 0.652839221301
0.728329980574 0.779769509930 0.652900463636
0.728599005672 0.780137186092 0.652900463636
0.728866665160 0.780502995877 0.652839221301
0.728537075260 0.779900234349 0.652900463636
0.728802044703 0.780262367654 0.652839221301
