0.900000000000 0.100000000000 0.502303568262
0.900100489792 0.099637823916 0.502303568262
0.900200979584 0.099275647832 0.502303568262
0.900301469376 0.098913471748 0.502390971996
0.900015695293 0.098706199607 0.502390971996
0.899729921209 0.098498927466 0.502552937230
0.899628373461 0.098380684879 0.502552937230
0.899526825712 0.098262442292 0.502552937230
0.899425277964 0.098144199705 0.502833402010
0.898950420736 0.098241999262 0.502833402010
0.898475563507 0.098339798820 0.502608416268
0.898587175179 0.098349984418 0.502608416268
0.898698786852 0.098360170017 0.502608416268
0.898810398525 0.098370355615 0.502608416268
0.898922010198 0.098380541214 0.502552937230
0.898820462449 0.098262298627 0.502608416268
0.898932074122 0.098272484225 0.502552937230
0.898830526374 0.098154241638 0.502663251056
0.898604582093 0.098410931640 0.502608416268
0.898716193765 0.098421117239 0.502608416268
0.898827805438 0.098431302837 0.502608416268
0.898939417111 0.098441488436 0.502552937230
0.898837869363 0.098323245849 0.502552937230
0.898736321614 0.098205003262 0.502663251056
0.898510377333 0.098461693264 0.502608416268
0.898621989006 0.098471878862 0.502608416268
0.898733600679 0.098482064461 0.502608416268
0.898845212351 0.098492250059 0.502552937230
0.898743664603 0.098374007472 0.502608416268
0.898855276276 0.098384193071 0.502552937230
0.898753728528 0.098265950483 0.502608416268
0.898865340200 0.098276136082 0.502552937230
0.898763792452 0.098157893495 0.502663251056
0.898537848171 0.098414583497 0.502608416268
0.898649459844 0.098424769095 0.502608416268
0.898761071517 0.098434954694 0.502608416268
0.898872683189 0.098445140293 0.502552937230
0.898771135441 0.098326897705 0.502608416268
0.898882747114 0.098337083304 0.502552937230
0.898781199366 0.098218840717 0.502663251056
0.898555255085 0.098475530719 0.502608416268
0.898666866757 0.098485716317 0.502608416268
0.898778478430 0.098495901916 0.502608416268
0.898890090103 0.098506087515 0.502552937230
0.898788542354 0.098387844927 0.502608416268
0.898900154027 0.098398030526 0.502552937230
0.898798606279 0.098279787939 0.502608416268
0.898910217952 0.098289973537 0.502552937230
0.898808670203 0.098171730950 0.502663251056
0.898582725922 0.098428420952 0.502608416268
0.898694337595 0.098438606551 0.502608416268
0.898805949268 0.098448792149 0.502608416268
0.898917560940 0.098458977748 0.502552937230
0.898816013192 0.098340735161 0.502608416268
0.898927624865 0.098350920759 0.502552937230
0.898826077117 0.098232678172 0.502663251056
0.898600132836 0.098489368174 0.502608416268
0.898711744508 0.098499553773 0.502608416268
0.898823356181 0.098509739371 0.502608416268
0.898934967854 0.098519924970 0.502552937230
0.898833420105 0.098401682383 0.502552937230
0.898731872357 0.098283439795 0.502608416268
0.898843484030 0.098293625394 0.502552937230
0.898741936282 0.098175382807 0.502663251056
0.898515992001 0.098432072809 0.502608416268
0.898627603673 0.098442258407 0.502608416268
0.898739215346 0.098452444006 0.502608416268
0.898850827019 0.098462629605 0.502552937230
0.898749279271 0.098344387017 0.502608416268
0.898860890943 0.098354572616 0.502552937230
0.898759343195 0.098236330029 0.502663251056
0.898533398914 0.098493020031 0.502608416268
0.898645010587 0.098503205629 0.502608416268
0.898756622259 0.098513391228 0.502608416268
0.898868233932 0.098523576827 0.502552937230
0.898766686184 0.098405334239 0.502608416268
0.898878297857 0.098415519838 0.502552937230
0.898776750108 0.098297277251 0.502608416268
0.898888361781 0.098307462849 0.502552937230
0.898786814033 0.098189220262 0.502663251056
0.898560869752 0.098445910264 0.502608416268
0.898672481425 0.098456095863 0.502608416268
0.898784093097 0.098466281461 0.502608416268
0.898895704770 0.098476467060 0.502552937230
0.898794157022 0.098358224473 0.502608416268
0.898905768694 0.098368410071 0.502552937230
0.898804220946 0.098250167484 0.502608416268
0.898915832619 0.098260353083 0.502552937230
0.898814284871 0.098142110495 0.502663251056
0.898588340590 0.098398800497 0.502608416268
0.898699952262 0.098408986096 0.502608416268
0.898811563935 0.098419171695 0.502608416268
0.898923175608 0.098429357293 0.502552937230
0.898821627860 0.098311114706 0.502608416268
0.898933239532 0.098321300305 0.502552937230
0.898831691784 0.098203057717 0.502663251056
0.898605747503 0.098459747719 0.502608416268
0.898717359176 0.098469933318 0.502608416268
0.898828970848 0.098480118916 0.502608416268
0.898940582521 0.098490304515 0.502552937230
0.898839034773 0.098372061928 0.502552937230
0.898738492448 0.098254990059 0.502608416268
0.898847915656 0.098264975940 0.502552937230
0.898749325610 0.098150177312 0.502663251056
0.898532071493 0.098396994622 0.502608416268
0.898638368324 0.098406695192 0.502608416268
0.898743662355 0.098416304247 0.502608416268
0.898847972330 0.098425823498 0.502552937230
0.898753946637 0.098316339621 0.502608416268
0.898856342667 0.098325684207 0.502552937230
0.898764026532 0.098218190946 0.502663251056
0.898560473126 0.098449443200 0.502608416268
0.898660126405 0.098458537484 0.502608416268
0.898758897797 0.098467551288 0.502608416268
0.898856802773 0.098476486024 0.502552937230
0.898768500383 0.098373666383 0.502608416268
0.898864717342 0.098382447071 0.502552937230
0.898777924395 0.098281385031 0.502608416268
0.898872510558 0.098290016894 0.502552937230
0.898787176316 0.098190653375 0.502663251056
0.898598889415 0.098404561710 0.502608416268
0.898691130467 0.098412979561 0.502608416268
0.898782615445 0.098421328412 0.502608416268
0.898873356642 0.098429609386 0.502552937230
0.898791463297 0.098334252461 0.502608416268
0.898880752635 0.098342400940 0.502552937230
0.898800159184 0.098248557617 0.502663251056
0.898622250301 0.098450675729 0.502608416268
0.898709446921 0.098458633228 0.502608416268
0.898795967597 0.098466529040 0.502608416268
0.898881822730 0.098474364116 0.502552937230
0.898804305365 0.098384102599 0.502608416268
0.898888859662 0.098391818962 0.502552937230
0.898812507972 0.098302914761 0.502608416268
0.898895800265 0.098310515954 0.502552937230
0.898820579711 0.098222928852 0.502663251056
0.898654444210 0.098411671501 0.502608416268
0.898735912584 0.098419106244 0.502608416268
0.898816790608 0.098426487113 0.502608416268
0.898897086775 0.098433814882 0.502552937230
0.898824552669 0.098349355891 0.502608416268
0.898903709884 0.098356579720 0.502552937230
0.898832197385 0.098273310292 0.502608416268
0.898910247506 0.098280433088 0.502552937230
0.898839728237 0.098198320180 0.502833402010
0.898512240493 0.098265768151 0.502608416268
0.898588686844 0.098272744588 0.502608416268
0.898664613152 0.098279673567 0.502608416268
0.898740026444 0.098286555728 0.502608416268
0.898814933607 0.098293391700 0.502608416268
0.898889341389 0.098300182100 0.502552937230
0.898822091224 0.098221875750 0.502663251056
0.898673443671 0.098390750752 0.502608416268
0.898746392477 0.098397408006 0.502608416268
0.898818867589 0.098404022031 0.502608416268
0.898890875120 0.098410593385 0.502552937230
0.898825780409 0.098334796854 0.502608416268
0.898896870647 0.098341284497 0.502552937230
0.898832599920 0.098266447416 0.502608416268
0.898902795940 0.098272853453 0.502552937230
0.898839328598 0.098198951836 0.502833402010
0.898544386220 0.098259696903 0.502608416268
0.898613282314 0.098265984309 0.502608416268
0.898681755733 0.098272233143 0.502608416268
0.898749811631 0.098278443874 0.502608416268
0.898817455069 0.098284616964 0.502608416268
0.898884691016 0.098290752867 0.502552937230
0.898823883981 0.098219948922 0.502663251056
0.898689393338 0.098372740590 0.502608416268
0.898755435748 0.098378767571 0.502608416268
0.898821089673 0.098384759100 0.502608416268
0.898886359657 0.098390715590 0.502552937230
0.898827320268 0.098321969900 0.502608416268
0.898891835686 0.098327857529 0.502552937230
0.898833474911 0.098259902020 0.502552937230
0.898775447627 0.098192334827 0.502663251056
0.898647070194 0.098338181419 0.502608416268
0.898710127636 0.098343935994 0.502608416268
0.898772830823 0.098349658241 0.502608416268
0.898835183713 0.098355348519 0.502552937230
0.898778768297 0.098289658193 0.502608416268
0.898840432205 0.098295285596 0.502552937230
0.898784636739 0.098230317141 0.502663251056
0.898661169919 0.098370584902 0.502608416268
0.898721828436 0.098376120553 0.502608416268
0.898782159070 0.098381626282 0.502608416268
0.898842165346 0.098387102410 0.502552937230
0.898787861737 0.098323871080 0.502608416268
0.898847229648 0.098329288952 0.502552937230
0.898793500681 0.098266726737 0.502608416268
0.898852243667 0.098272087578 0.502552937230
0.898799077306 0.098210180464 0.502663251056
0.898681397993 0.098343873174 0.502608416268
0.898739227876 0.098349150686 0.502608416268
0.898796759666 0.098354400994 0.502608416268
0.898853996421 0.098359624378 0.502552937230
0.898802186345 0.098299296528 0.502608416268
0.898858842017 0.098304466882 0.502552937230
0.898807555275 0.098244748404 0.502663251056
0.898694015435 0.098373738355 0.502608416268
