0.900000000000 0.233333333333 0.606925171298
0.991336297728 0.184449121061 0.461510608907
0.991493613564 0.181106880521 0.461226523998
0.992227758937 0.178188588034 0.460805232412
0.991874537021 0.179157347123 0.460935835286
0.992556257059 0.177253045386 0.460908792765
0.991836161501 0.179138567601 0.460935835286
0.992517881539 0.177234265864 0.460908792765
0.991797785982 0.179119788078 0.460935835286
0.992479506020 0.177215486342 0.460908792765
0.991759410462 0.179101008556 0.460935835286
0.992441130500 0.177196706819 0.460908792765
0.991721034943 0.179082229034 0.460935835286
0.992402754981 0.177177927297 0.460908792765
0.991682659423 0.179063449512 0.460935835286
0.992364379461 0.177159147775 0.460908792765
0.991644283904 0.179044669989 0.460935835286
0.992326003942 0.177140368253 0.460908792765
0.991605908384 0.179025890467 0.460935835286
0.992287628423 0.177121588730 0.460908792765
0.991567532865 0.179007110945 0.460935835286
0.992249252903 0.177102809208 0.460908792765
0.991529157345 0.178988331423 0.460935835286
0.992210877384 0.177084029686 0.460754602099
0.992393258628 0.176702426420 0.461088277930
0.991266931078 0.179527535187 0.460935835286
0.991948651116 0.177623233450 0.460754602099
0.992131032361 0.177241630184 0.460754602099
0.992313413605 0.176860026918 0.461088277930
0.991187086055 0.179685135685 0.461524635346
0.992397810508 0.175517460550 0.461347127739
0.990870939865 0.179273602381 0.461524635346
0.992081664317 0.175105927245 0.460828790537
0.991502126909 0.176578867193 0.460754192900
0.991315784676 0.177096856715 0.460754602099
0.991498165920 0.176715253449 0.460754192900
0.991311823688 0.177233242970 0.460754602099
0.991494204932 0.176851639704 0.460754192900
0.991307862700 0.177369629226 0.460754602099
0.991490243944 0.176988025960 0.460754192900
0.991303901711 0.177506015482 0.460754602099
0.991486282956 0.177124412216 0.460754602099
0.991668664200 0.176742808950 0.460754192900
0.991482321967 0.177260798472 0.460754602099
0.991664703211 0.176879195206 0.460754192900
0.991478360979 0.177397184728 0.460754602099
0.991660742223 0.177015581462 0.460754192900
0.991474399991 0.177533570983 0.460754602099
0.991656781235 0.177151967717 0.460754602099
0.991839162479 0.176770364451 0.460754192900
0.991652820247 0.177288353973 0.460754602099
0.991835201491 0.176906750707 0.460754192900
0.991648859258 0.177424740229 0.460754602099
0.991831240503 0.177043136963 0.460754602099
0.992013621747 0.176661533697 0.460754192900
0.991827279514 0.177179523219 0.460754602099
0.992009660758 0.176797919953 0.460754192900
0.991823318526 0.177315909475 0.460754602099
0.992005699770 0.176934306209 0.460754192900
0.991819357538 0.177452295731 0.460754602099
0.992001738782 0.177070692465 0.460754602099
0.992184120026 0.176689089199 0.460754192900
0.991997777794 0.177207078720 0.460754602099
0.992180159038 0.176825475454 0.460754192900
0.991993816805 0.177343464976 0.460754602099
0.992176198049 0.176961861710 0.460754192900
0.991989855817 0.177479851232 0.460754602099
0.992172237061 0.177098247966 0.460754602099
0.992354618305 0.176716644700 0.461088277930
0.991228290756 0.179541753467 0.461524635346
0.992439015208 0.175374078331 0.461347127739
0.990912144565 0.179130220163 0.461524635346
0.992122869017 0.174962545027 0.460977954559
0.991180512693 0.177415849865 0.461081447892
0.992167394671 0.174398652551 0.460977954559
0.991225038347 0.176851957389 0.460913681943
0.991948563728 0.174646307990 0.460977954559
0.991006207404 0.177099612828 0.461081447892
0.991993089382 0.174082415514 0.461189909497
0.990779037553 0.177512142715 0.461081447892
0.991765919531 0.174494945402 0.460977954559
0.990823563207 0.176948250240 0.460913681943
0.991547088588 0.174742600840 0.460977954559
0.990604732264 0.177195905678 0.461081447892
0.991591614242 0.174178708364 0.460977954559
0.990649257918 0.176632013202 0.460913681943
0.991372783299 0.174426363803 0.460977954559
0.990430426975 0.176879668641 0.460913681943
0.991153952356 0.174674019241 0.460755102056
0.991244256033 0.174447938359 0.460755102056
0.991334559710 0.174221857476 0.460977954559
0.990392203386 0.176675162314 0.460913681943
0.991115728767 0.174469512915 0.460755102056
0.991206032444 0.174243432032 0.460755102056
0.991296336121 0.174017351150 0.461189909497
0.990082284293 0.177447078351 0.461937754049
0.991727744039 0.171671926564 0.461695614308
0.990484033047 0.176939880913 0.460913681943
0.991207558428 0.174734231513 0.460755102056
0.991297862105 0.174508150631 0.460977954559
0.990355505781 0.176961455469 0.460913681943
0.991071867545 0.174777644182 0.460755102056
0.991160400561 0.174555996258 0.460755102056
0.991248074034 0.174336500256 0.460977954559
0.990341962184 0.176695447215 0.460913681943
0.991031033975 0.174594828740 0.460755102056
0.991116226123 0.174381544888 0.460755102056
0.991200622083 0.174170254344 0.460755102056
0.991284236598 0.173960920194 0.461189909497
0.990170427582 0.177107458910 0.461937754049
0.991666300079 0.171857320922 0.461695614308
0.990545839725 0.176603225741 0.460913681943
0.991191844530 0.174633895920 0.460755102056
0.991271759288 0.174433824342 0.460977954559
0.990445130934 0.176585846130 0.460913681943
0.991074283439 0.174667890130 0.460755102056
0.991152131437 0.174472992818 0.460755102056
0.991229314066 0.174279761295 0.460755102056
0.991305842606 0.174088167327 0.461189909497
0.990285630986 0.176970291025 0.460913681943
0.990888568804 0.175132249858 0.460803102252
0.991225213965 0.174086493341 0.460764103145
0.991087769638 0.174806193887 0.460755102056
0.991161187261 0.174622388291 0.460755102056
0.991234012807 0.174440064999 0.460755102056
0.991306255749 0.174259200293 0.460977954559
0.990558353904 0.176206267625 0.460913681943
0.991128058929 0.174469535814 0.460755102056
0.991198608676 0.174292910125 0.460755102056
0.991268611526 0.174117653627 0.461189909497
0.990334725505 0.176755905320 0.460913681943
0.990887034956 0.175072203488 0.460755102056
0.990955446833 0.174900930092 0.460755102056
0.991023344334 0.174730944467 0.460755102056
0.991090735138 0.174562227390 0.460755102056
0.991157626750 0.174394760070 0.460755102056
0.991224026512 0.174228524127 0.460755102056
0.991289941605 0.174063501585 0.461189909497
0.990410193903 0.176548811151 0.460913681943
0.990930715761 0.174962013022 0.460755102056
0.990995218387 0.174800526677 0.460755102056
0.991059263548 0.174640185626 0.460755102056
0.991122857686 0.174480973737 0.460755102056
0.991186007111 0.174322875218 0.460755102056
0.991248717997 0.174165874605 0.460977954559
0.990598817084 0.175857808976 0.460803102252
0.990877817526 0.174991120355 0.460755102056
0.990939248598 0.174837323837 0.460755102056
0.991000264596 0.174684566484 0.460755102056
0.991060871091 0.174532834348 0.460755102056
0.991121073542 0.174382113760 0.460755102056
0.991180877302 0.174232391321 0.460755102056
0.991240287615 0.174083653899 0.460764103145
0.991130691485 0.174657532765 0.460755102056
0.991189330237 0.174510726998 0.460755102056
0.991247590673 0.174364868364 0.460977954559
0.990643516106 0.175937499670 0.460803102252
0.990902968746 0.175131534456 0.460803102252
0.991160779281 0.174330670287 0.460755102056
0.991217574046 0.174188481053 0.460755102056
0.991274013844 0.174047180502 0.461189909497
0.990519944386 0.176177445844 0.460913681943
0.990966564992 0.174815933869 0.460755102056
0.991021966021 0.174677233941 0.460755102056
0.991077029238 0.174539379744 0.460755102056
0.991131758739 0.174402361028 0.460755102056
0.991186158545 0.174266167725 0.460755102056
0.991240232602 0.174130789951 0.460755102056
0.991293984791 0.173996217997 0.461189909497
0.990575610928 0.176025642377 0.460803102252
0.990815223072 0.175281309796 0.460803102252
0.991053433976 0.174541330038 0.460755102056
0.991105936113 0.174409887665 0.460755102056
0.991158134771 0.174279205074 0.460755102056
0.991210033435 0.174149273532 0.460755102056
0.991261635536 0.174020084457 0.461189909497
0.990571833361 0.175968793093 0.460803102252
0.990801969319 0.175253897395 0.460803102252
0.991030812378 0.174543017964 0.460755102056
0.991081261359 0.174416715795 0.460755102056
0.991131430069 0.174291115305 0.460755102056
0.991181321603 0.174166208740 0.460755102056
0.991230939008 0.174041988475 0.460764103145
0.991139309456 0.174521788839 0.460755102056
0.991188387542 0.174398918795 0.460755102056
0.991237200340 0.174276712912 0.460755102056
0.991285750704 0.174155164051 0.460977954559
0.990781816841 0.175467091772 0.460803102252
0.990998487396 0.174794025077 0.460755102056
0.991046267120 0.174674405562 0.460755102056
0.991093795371 0.174555415624 0.460755102056
0.991141074782 0.174437048670 0.460755102056
0.991188107948 0.174319298210 0.460755102056
0.991234897417 0.174202157857 0.460755102056
0.991281445704 0.174085621320 0.461189909497
0.990658855023 0.175844455782 0.460803102252
0.990866681883 0.175198861197 0.460803102252
0.991073453784 0.174556543742 0.460755102056
0.991119061701 0.174442361478 0.460755102056
0.991164440433 0.174328752994 0.460755102056
