0.900000000000 0.366666666667 0.269910221605
0.867170737479 0.377290724448 0.198015584992
0.849294251960 0.399334834724 0.219692581608
0.874352938537 0.390294637543 0.180817876726
0.965721553192 0.385160614082 0.401334937872
0.958360495240 0.379757899956 0.423682131067
0.964101158487 0.360628726140 0.442892884981
0.951875201146 0.362537718489 0.424336997650
0.948541584221 0.377935165921 0.478647491032
0.967603356502 0.347096183744 0.462172880254
0.963342499521 0.356163714979 0.450717209352
0.955439427749 0.360521300477 0.436345811011
0.949280290565 0.370195307963 0.439335523716
0.978095765175 0.364849269709 0.456325782404
0.968282678103 0.369594824238 0.439813244237
0.971790246684 0.378321336603 0.435022809291
0.959429867866 0.380695153403 0.420879437331
0.962844550244 0.361687731053 0.440152511641
0.951656844940 0.362248375487 0.424336997650
0.948323228015 0.377645822919 0.484297915868
0.967710951702 0.350610408965 0.460011912491
0.965470785538 0.356812117126 0.452303882873
0.956210484266 0.360646340449 0.436345811011
0.950051347082 0.370320347935 0.438153282744
0.973970482683 0.363551204584 0.453324044843
0.967994971204 0.374143050095 0.440499780218
0.962730251027 0.381389127126 0.411785600547
0.954272743589 0.371085697019 0.432514332391
0.959843072275 0.357967624686 0.445609206932
0.953630618571 0.363517565222 0.429246635074
0.951106459781 0.375397947319 0.455214999802
0.969217927375 0.345598300758 0.466282294200
0.963650941138 0.352090534326 0.454352285619
0.963202949282 0.359119636999 0.444866890074
0.951656567564 0.361082083777 0.425261636353
0.945527781456 0.376194006973 0.483902327837
0.972614955791 0.360609225446 0.452579204041
0.966171438564 0.370291130281 0.436762812713
0.969294086228 0.380838294005 0.420166664918
0.947169282418 0.392034186774 0.564807512463
0.977523482569 0.373993390886 0.438628873724
0.971960843376 0.372998197970 0.442896709155
0.967959191392 0.370697845161 0.441061435080
0.970298078990 0.378629533818 0.430097793390
0.951619111425 0.385874240793 0.496452387131
0.982996213962 0.351389900071 0.459542795238
0.989336156619 0.355927061340 0.465495617882
0.984909372335 0.356574861073 0.464078660448
0.984644427154 0.357713666265 0.463946870134
0.983581843157 0.357872161479 0.463891848816
0.983444089505 0.358297038114 0.463830369054
0.983254010518 0.358282652064 0.463830369054
0.983063931530 0.358268266014 0.463830369054
0.982873852543 0.358253879965 0.463830369054
0.982683773556 0.358239493915 0.463830369054
0.982493694568 0.358225107865 0.463830369054
0.982303615581 0.358210721815 0.463777532341
0.982816681863 0.358796358061 0.463830369054
0.982626602876 0.358781972011 0.463830369054
0.982436523888 0.358767585961 0.463777532341
0.982949590171 0.359353222206 0.463700265144
0.981802878597 0.358681262305 0.463777532341
0.982315944880 0.359266898551 0.463768806131
0.981698986245 0.359276628225 0.463768806131
0.981082027609 0.359286357899 0.463681495624
0.980902424707 0.360207877693 0.463512534227
0.979324859632 0.360833874513 0.462775151496
0.977936567122 0.364098682932 0.458104859702
0.969525664520 0.369044761427 0.441411273284
0.972379944665 0.376689256622 0.437275329808
0.961646104970 0.376869828684 0.420914070486
0.954378674162 0.381666309720 0.452739326427
0.976966741875 0.344401708246 0.459290508499
0.977979036063 0.330069720553 0.511703874598
0.912605954428 0.363460568195 0.330933695074
0.892308068007 0.379553421927 0.179409913172
0.861272640446 0.413630766291 0.241758302698
0.867699681901 0.388884582776 0.166757026960
0.884592642726 0.369298235733 0.210606938451
0.834369699714 0.371823455954 0.177513826293
0.844765743571 0.307178730680 0.294849370814
0.816945219378 0.322771344644 0.148416745377
0.762359244675 0.334586786503 0.386569805056
0.798415808037 0.319351259494 0.139185303451
0.761976101406 0.329055418822 0.340325541725
0.816495575088 0.271959334113 0.406326862396
0.805797320232 0.246656033523 0.422404019436
0.814153921554 0.271287630802 0.428411368685
0.801156097515 0.228716126066 0.419277254126
0.788541535562 0.233400263511 0.411347328639
0.780132792720 0.231658238749 0.409206604581
0.769221312699 0.239413311841 0.367230039834
0.758444624308 0.244845953233 0.338333216121
0.739876930177 0.252290167366 0.261793762087
0.706710307918 0.269547629501 0.235715771763
0.757224663863 0.251672330358 0.315533341339
0.742161944790 0.263007989501 0.196981568257
0.710864460822 0.279241763097 0.303106958304
0.730786424529 0.256505063952 0.209986774622
0.699108536724 0.274742582387 0.314584297440
0.737170609693 0.261143509203 0.195041408410
0.701772619842 0.275619929264 0.312760808963
0.745420735831 0.256177302286 0.254747741835
0.713241465504 0.275209163829 0.273281700157
0.747122506886 0.272336085645 0.158569957027
0.726926812761 0.276607764630 0.210646983829
0.781300083195 0.237548036310 0.395034723118
0.765872518607 0.247601763445 0.347510584172
0.753525979969 0.256167144585 0.286316624117
0.730455881208 0.271912138605 0.142878001151
0.756628373883 0.253229452164 0.306956289325
0.740653922102 0.263917139331 0.187703552643
0.712754351596 0.278761249823 0.292845081656
0.725645701317 0.267076194031 0.145220739038
0.739941389636 0.251772612996 0.268201146938
0.711594503085 0.267726333012 0.201644540442
0.764070412231 0.259040177128 0.295428633672
0.743271559484 0.270380398199 0.163163641306
0.724287816414 0.277169866236 0.235825318274
0.763424103271 0.241169469441 0.358756541630
0.750152449094 0.245275192152 0.329118219241
0.729446342907 0.247121827685 0.255988148629
0.704870209297 0.257601055679 0.134124532837
0.721970038991 0.254680995580 0.189287607917
0.688534977636 0.271355708117 0.311510030807
0.707087849952 0.256897688210 0.132966266376
0.717009621409 0.255176269195 0.160650631307
0.686362483638 0.271090121765 0.319521644867
0.701277766007 0.253284609919 0.120309338429
0.704894684019 0.262543903007 0.168236861890
0.739604686605 0.246727524862 0.297510185932
0.718941998657 0.262615485137 0.136877199109
0.724305246741 0.265553256328 0.142697131418
0.730054178368 0.261826488138 0.164358610152
0.702802763157 0.275472606387 0.308716022964
0.736989758838 0.259512394154 0.208709282271
0.711768910462 0.269099036280 0.213539829867
0.756323576228 0.263421343174 0.251696928936
0.729293379332 0.275899460013 0.184050917773
0.771163197885 0.250596720642 0.346960862543
0.762979438063 0.256250488104 0.307503464509
0.745851160766 0.263193592474 0.210239664489
0.722238659984 0.275952916466 0.243884748872
0.751686063267 0.246796717150 0.324750251854
0.735017534657 0.248450997669 0.267066976640
0.715124930483 0.260707175126 0.134022774351
0.722178439882 0.259725266593 0.151821939493
0.702076567802 0.273044885401 0.286060948627
0.733409890795 0.256515891502 0.216689877910
0.712809017483 0.267375915215 0.187650688734
0.753456899152 0.259819847572 0.263018405405
0.730445430309 0.272166083924 0.142878001151
0.749386050009 0.258645718736 0.259301959140
0.728974396993 0.273518597310 0.163283108679
0.759873718879 0.251899147868 0.322167040380
0.749322875866 0.259197310975 0.253086592522
0.728406553952 0.273866163734 0.170355299306
0.759826263929 0.248896717014 0.330792142510
0.751168454511 0.256977213769 0.273676312339
0.733185304617 0.269998690475 0.133658391974
0.732485634009 0.273725933770 0.149625943628
0.757335178028 0.265396209002 0.240954692457
0.735078151012 0.277846163558 0.183048611023
0.772066688373 0.271487560767 0.266797544934
0.760127353435 0.288888313445 0.165544656011
0.761656795246 0.303992082445 0.248653942616
0.787480887986 0.282726138814 0.320605599808
0.781276401951 0.290474680885 0.329338574032
0.794563172717 0.277918762751 0.361726523041
0.770454753706 0.292390975897 0.294977712708
0.770840926918 0.337168683653 0.370323079603
0.806151943969 0.307080570018 0.376591496405
0.787669730860 0.296934246734 0.303072888470
0.778682349612 0.297678797501 0.335702689208
0.749805399229 0.293282813698 0.242631187056
0.770034287111 0.274599013285 0.246229905700
0.762549302809 0.289597460755 0.178360120783
0.761351923323 0.312606015320 0.287581918496
0.760242715305 0.309390407776 0.286259986772
0.765754604124 0.305965781766 0.233815259329
0.782018910087 0.289963502584 0.329338574032
0.794351382400 0.278309390725 0.354396507626
0.775374057426 0.289378065670 0.328767700741
0.796029423200 0.299204595367 0.376277801788
0.798236176701 0.328384350517 0.151862282482
0.819719555495 0.305154993213 0.271101590650
0.808181898257 0.293355364073 0.342909200984
0.818256786151 0.279067308833 0.374103547342
0.805205373065 0.278003493777 0.402466180022
0.764891380307 0.278952860143 0.213141983359
0.760888550993 0.295210808877 0.183414946655
0.772216696145 0.292912462989 0.309361942279
0.770658484639 0.330972634657 0.291237650278
0.804204706445 0.313642458838 0.274407104683
0.751984782332 0.333534695595 0.425329021803
0.727559071234 0.322102429254 0.463815664453
0.728128707335 0.330682748949 0.457410090429
0.729558696380 0.331897299162 0.459344929904
0.735696842952 0.325777395710 0.445016207579
0.742817948025 0.314412370022 0.317724163024
