0.900000000000 0.500000000000 0.451204526723
0.898909568818 0.491509897168 0.482577310484
0.896217634648 0.483178787874 0.481567554206
0.903495036619 0.479983350100 0.401785283820
0.915576188644 0.471750177157 0.309472023252
0.919565362416 0.470234754742 0.297641394853
0.925896820918 0.468462989995 0.272037504751
0.934852190165 0.466292460693 0.200843271327
0.942791580962 0.457525637686 0.140497905810
0.941019696570 0.464584115927 0.147685208685
0.944442078664 0.461046271599 0.143769411144
0.943979627197 0.466272605115 0.144794389969
0.944576996452 0.465613735237 0.145318940454
0.944156482353 0.467515976566 0.145496989710
0.945020506496 0.466103332552 0.145023451659
0.944849256733 0.467234077334 0.145018997644
0.945030174348 0.467667646022 0.145018997644
0.945211091963 0.468101214711 0.145414064817
0.945861644074 0.467914221289 0.146144744287
0.945942619102 0.469592668507 0.146528600892
0.946667207225 0.470736966873 0.149084571348
0.947628298145 0.473143945852 0.156837191972
0.950330821438 0.475284866058 0.166249920034
0.952419831460 0.477451322193 0.171867247789
0.951785503373 0.477726928976 0.172032936657
0.952350989324 0.477083310042 0.171867247789
0.951716661237 0.477358916824 0.171529780311
0.952168921921 0.477757768817 0.172032936657
0.952734407873 0.477114149883 0.171867247789
0.952100079785 0.477389756665 0.171529780311
0.952552340469 0.477788608657 0.171354391219
0.952122023251 0.477022997454 0.171529780311
0.952574283935 0.477421849447 0.171867247789
0.951939955847 0.477697456229 0.172032936657
0.952505441799 0.477053837295 0.171867247789
0.951871113712 0.477329444077 0.171529780311
0.952323374396 0.477728296070 0.172032936657
0.952888860348 0.477084677136 0.171867247789
0.952254532260 0.477360283918 0.171529780311
0.952706792944 0.477759135911 0.171354391219
0.952276475726 0.476993524707 0.171529780311
0.952728736410 0.477392376700 0.171867247789
0.952094408322 0.477667983482 0.172032936657
0.952659894274 0.477024364548 0.171867247789
0.952025566186 0.477299971330 0.171529780311
0.952477826871 0.477698823323 0.171354391219
0.952047509652 0.476933212120 0.171529780311
0.952499770336 0.477332064112 0.171867247789
0.951865442249 0.477607670895 0.171529780311
0.952317702933 0.478006522887 0.172032936657
0.952883188885 0.477362903953 0.171867247789
0.952248860797 0.477638510735 0.172032936657
0.952814346749 0.476994891801 0.171867247789
0.952180018661 0.477270498584 0.171529780311
0.952632279345 0.477669350576 0.171354391219
0.952201962127 0.476903739373 0.171529780311
0.952654222811 0.477302591365 0.171867247789
0.952019894723 0.477578198148 0.171529780311
0.952472155408 0.477977050140 0.171354391219
0.952041838189 0.477211438937 0.171529780311
0.952494098874 0.477610290929 0.171867247789
0.951859770786 0.477885897712 0.172032936657
0.952425256738 0.477242278778 0.171867247789
0.951790928650 0.477517885560 0.171529780311
0.952243189334 0.477916737553 0.172032936657
0.952808675286 0.477273118619 0.171867247789
0.952174347198 0.477548725401 0.171529780311
0.952626607883 0.477947577393 0.171354391219
0.952196290664 0.477181966190 0.171529780311
0.952648551348 0.477580818183 0.171867247789
0.952014223261 0.477856424965 0.172032936657
0.952579709212 0.477212806031 0.171867247789
0.951945381125 0.477488412813 0.171529780311
0.952397641809 0.477887264806 0.171354391219
0.951967324590 0.477121653602 0.171529780311
0.952419585275 0.477520505595 0.171867247789
0.951785257187 0.477796112377 0.172032936657
0.952350743139 0.477152493443 0.171867247789
0.951716415051 0.477428100226 0.171529780311
0.952168675735 0.477826952218 0.172032936657
0.952734161687 0.477183333284 0.171867247789
0.952099833599 0.477458940066 0.171529780311
0.952552094284 0.477857792059 0.171354391219
0.952121777065 0.477092180856 0.171529780311
0.952574037750 0.477491032848 0.171867247789
0.951939709662 0.477766639631 0.172032936657
0.952505195614 0.477123020696 0.171867247789
0.951870867526 0.477398627479 0.171529780311
0.952323128210 0.477797479471 0.172032936657
0.952888614162 0.477153860537 0.171867247789
0.952254286074 0.477429467320 0.171529780311
0.952706546759 0.477828319312 0.171354391219
0.952276229540 0.477062708109 0.171529780311
0.952728490224 0.477461560101 0.171867247789
0.952094162137 0.477737166884 0.172032936657
0.952659648088 0.477093547950 0.171867247789
0.952025320001 0.477369154732 0.171529780311
0.952477580685 0.477768006725 0.171354391219
0.952047263466 0.477002395521 0.171529780311
0.952499524151 0.477401247514 0.171867247789
0.951865196063 0.477676854296 0.172032936657
0.952425083144 0.477039607827 0.171867247789
0.951803192862 0.477309810554 0.171529780311
0.952242280905 0.477697045499 0.172032936657
0.952786017397 0.477078181139 0.171867247789
0.952181895409 0.477340663789 0.171529780311
0.952608556432 0.477716939254 0.171354391219
0.952206390807 0.477001414764 0.171529780311
0.952625150700 0.477370722165 0.171867247789
0.952043198326 0.477623572424 0.171529780311
0.952454344402 0.477986165144 0.171354391219
0.952066671233 0.477296425322 0.171529780311
0.952470475415 0.477652543172 0.171354391219
0.952089663717 0.476975011134 0.171529780311
0.952486383616 0.477324881302 0.171867247789
0.951934793974 0.477564539374 0.171529780311
0.952324673874 0.477908377299 0.172032936657
0.952807995201 0.477358275646 0.171867247789
0.952270429025 0.477591840715 0.171529780311
0.952650480020 0.477927010457 0.171354391219
0.952291882338 0.477289001121 0.171529780311
0.952665651498 0.477618630867 0.171867247789
0.952145710443 0.477844538066 0.172032936657
0.952605455119 0.477321270639 0.171867247789
0.952093900210 0.477543534174 0.171529780311
0.952455708757 0.477862615768 0.171354391219
0.952114187155 0.477254987828 0.171529780311
0.952470297930 0.477569044515 0.171867247789
0.951974729112 0.477784362314 0.172032936657
0.952413090315 0.477285432908 0.171867247789
0.951925145632 0.477497438125 0.171529780311
0.952270382795 0.477801905295 0.172032936657
0.952698781244 0.477314315193 0.171867247789
0.952221842832 0.477521538338 0.171529780311
0.952559350805 0.477819189079 0.171354391219
0.952240597310 0.477252069669 0.171529780311
0.952573141931 0.477545343193 0.171867247789
0.952110128728 0.477746516027 0.172032936657
0.952519901157 0.477280125495 0.171867247789
0.952063550015 0.477478403755 0.171529780311
0.952386593361 0.477763298036 0.171354391219
0.952081403844 0.477220311367 0.171529780311
0.952399897284 0.477501193052 0.171867247789
0.951956311208 0.477693925067 0.172032936657
0.952349009786 0.477246967474 0.171867247789
0.951911542139 0.477437041117 0.171529780311
0.952221309731 0.477710227413 0.172032936657
0.952605994052 0.477272391404 0.171867247789
0.952177393993 0.477458612203 0.171529780311
0.952480924653 0.477726298104 0.171354391219
0.952194046508 0.477215890635 0.171529780311
0.952493556895 0.477480031027 0.171867247789
0.952076235784 0.477661351279 0.172032936657
0.952445834446 0.477240685309 0.171867247789
0.952033933090 0.477419650752 0.171529780311
0.952325714177 0.477676974618 0.172032936657
0.952688205171 0.477264398378 0.171867247789
0.952284174542 0.477439944100 0.171529780311
0.952570415482 0.477692382070 0.171354391219
0.952299775722 0.477210865589 0.171529780311
0.952582438649 0.477460148085 0.171867247789
0.952188446048 0.477631332422 0.172032936657
0.952537511451 0.477234036783 0.171867247789
0.952148353114 0.477403120699 0.171529780311
0.952424121824 0.477646323133 0.171354391219
0.952163323510 0.477182316343 0.171529780311
0.952435769706 0.477422588628 0.171867247789
0.952055932527 0.477587622629 0.171529780311
0.952325135316 0.477825034530 0.172032936657
0.952659742388 0.477444194924 0.171867247789
0.952286608218 0.477606316561 0.171529780311
0.952551088151 0.477839563340 0.171354391219
0.952300903721 0.477394440547 0.171529780311
0.952562326082 0.477624990832 0.171867247789
0.952197769710 0.477783385534 0.172032936657
0.952520904540 0.477415603286 0.171867247789
0.952160490853 0.477572198049 0.171529780311
0.952416005364 0.477797538158 0.171354391219
0.952174254118 0.477367419504 0.171529780311
0.952426913718 0.477590241846 0.171867247789
0.952074509225 0.477743356725 0.172032936657
0.952386932403 0.477387766154 0.171867247789
0.952038400486 0.477539198452 0.171529780311
0.952285537472 0.477757150361 0.172032936657
0.952592866794 0.477407357462 0.171867247789
0.952249986746 0.477556334101 0.171529780311
0.952493137652 0.477770770656 0.171354391219
0.952263021492 0.477361352900 0.171529780311
0.952503585686 0.477573508215 0.171867247789
0.952167962359 0.477719331910 0.172032936657
0.952465586544 0.477380585102 0.171867247789
0.952133477598 0.477524881847 0.171529780311
0.952369030038 0.477732617260 0.171354391219
0.952146067748 0.477335927517 0.171529780311
0.952379191812 0.477541521328 0.171867247789
0.952053895357 0.477682858139 0.172032936657
0.952342408598 0.477354481132 0.171867247789
0.952020414645 0.477494383052 0.171529780311
0.952248829132 0.477695823452 0.172032936657
0.952532992927 0.477372396852 0.171867247789
