0.900000000000 0.633333333333 0.467620053131
0.889586033945 0.616242903220 0.555544091506
0.887696620015 0.604098131536 0.550083597204
0.887664652769 0.611711437623 0.555354078225
0.894576876577 0.607646149176 0.570335599475
0.881333707511 0.625901835772 0.556214562434
0.868671613635 0.618085188393 0.571218150210
0.876836303502 0.611452928438 0.566784067479
0.879025071353 0.613253521520 0.568570215245
0.883746788892 0.613388894070 0.564441759900
0.892482102833 0.605590410304 0.566088964114
0.885189938782 0.628502549193 0.543758503322
0.875902594193 0.616383487800 0.568952120771
0.878879507344 0.620591661239 0.570280871499
0.874523632180 0.620394186532 0.569822956049
0.874678727256 0.620771416728 0.569723625724
0.873489290306 0.619817308391 0.569974188579
0.876188395946 0.618493681023 0.569852856181
0.877628880120 0.621413982848 0.569418123769
0.872548117471 0.620825187806 0.570995413387
0.875326234478 0.617164247604 0.568770418361
0.878398281872 0.620669346665 0.569418123769
0.873317519223 0.620080551624 0.569974188579
0.876016624863 0.618756924255 0.570021895619
0.876275062720 0.620700281305 0.569586245909
0.873721753005 0.620194362719 0.569815234486
0.875159864876 0.619848626571 0.569822956049
0.875314959952 0.620225856767 0.569822956049
0.875470055028 0.620603086963 0.569822956049
0.875625150104 0.620980317159 0.569586245909
0.873071840390 0.620474398573 0.569974188579
0.875770946029 0.619150771205 0.570021895619
0.876029383886 0.621094128254 0.569586245909
0.873476074171 0.620588209668 0.569974188579
0.876175179811 0.619264582300 0.570021895619
0.876433617668 0.621207939350 0.569586245909
0.873880307953 0.620702020764 0.569975307319
0.874064708629 0.619031301986 0.569426396129
0.876584303071 0.619907860258 0.570106148702
0.874287125543 0.620747471469 0.569975307319
0.874471526219 0.619076752691 0.569426396129
0.876991120661 0.619953310963 0.570106148702
0.874693943134 0.620792922173 0.569723625724
0.873504506183 0.619838813836 0.569974188579
0.876203611823 0.618515186468 0.569852856181
0.877644095998 0.621435488293 0.569418123769
0.872563333349 0.620846693252 0.570995413387
0.875341450355 0.617185753049 0.568770418361
0.878413497750 0.620690852110 0.569253268965
0.872237635191 0.619526465996 0.569494875075
0.877008950930 0.618144461959 0.570414267939
0.877631723886 0.620917849008 0.569418123769
0.872550961237 0.620329053967 0.570342756715
0.876442699395 0.617843046807 0.569852856181
0.877883183570 0.620763348632 0.569418123769
0.872802420921 0.620174553590 0.569974188579
0.875501526560 0.618850926222 0.570021895619
0.875759964417 0.620794283272 0.569586245909
0.873206654702 0.620288364686 0.569974188579
0.875905760342 0.618964737318 0.570021895619
0.876164198199 0.620908094368 0.569586245909
0.873610888484 0.620402175781 0.569815234486
0.875049000355 0.620056439633 0.569822956049
0.875204095431 0.620433669829 0.569822956049
0.875359190507 0.620810900025 0.569723625724
0.874169753557 0.619856791688 0.569815234486
0.875607865428 0.619511055539 0.570021895619
0.875866303284 0.621454412589 0.569586245909
0.873312993570 0.620948494003 0.570387890577
0.874834930611 0.618352753705 0.569304571573
0.877196857317 0.620993858416 0.569506036192
0.873333629547 0.620620211547 0.569974188579
0.876032735187 0.619296584179 0.570021895619
0.876291173043 0.621239941229 0.569586245909
0.873737863329 0.620734022643 0.569975307319
0.873922264005 0.619063303865 0.569426396129
0.876441858447 0.619939862137 0.569941767713
0.875337851729 0.620726457201 0.569723625724
0.874148414779 0.619772348863 0.569815234486
0.875586526650 0.619426612715 0.570021895619
0.875844964506 0.621369969765 0.569586245909
0.873291654792 0.620864051179 0.570387890577
0.874813591833 0.618268310881 0.569304571573
0.877175518540 0.620909415591 0.569506036192
0.873312290769 0.620535768723 0.569974188579
0.876011396409 0.619212141354 0.570021895619
0.876269834266 0.621155498404 0.569586245909
0.873716524551 0.620649579818 0.569975307319
0.873900925227 0.618978861040 0.569426396129
0.876420519669 0.619855419313 0.569941767713
0.875316512952 0.620642014376 0.569723625724
0.874127076002 0.619687906039 0.569815234486
0.875565187872 0.619342169890 0.570021895619
0.875823625729 0.621285526940 0.569586245909
0.873270316014 0.620779608354 0.570387890577
0.874792253055 0.618183868056 0.569304571573
0.877154179762 0.620824972767 0.569506036192
0.873290951992 0.620451325898 0.569974188579
0.875990057631 0.619127698530 0.570021895619
0.876248495488 0.621071055580 0.569586245909
0.873695185773 0.620565136993 0.569815234486
0.875119058913 0.620222823975 0.569822956049
0.875271112909 0.620592657501 0.569822956049
0.875421690653 0.620958900410 0.569723625724
0.874278001278 0.620041488547 0.569815234486
0.875647631631 0.619712216024 0.569941767713
0.874606115860 0.620454286839 0.569822956049
0.874751064529 0.620806838424 0.569723625724
0.873649734020 0.619923404778 0.569815234486
0.874969102708 0.619606215651 0.569671831564
0.876212128497 0.621050398432 0.569586245909
0.873911849475 0.620594615922 0.569815234486
0.875195877931 0.620285922932 0.569822956049
0.875333130211 0.620619754964 0.569822956049
0.875469178523 0.620950658645 0.569723625724
0.874434885523 0.620120999222 0.569815234486
0.875674637136 0.619822950818 0.569941767713
0.874731041651 0.620495254290 0.569822956049
0.874862478156 0.620814940897 0.569723625724
0.873862951307 0.620013169185 0.569815234486
0.875061377866 0.619725055728 0.569822956049
0.875189555615 0.620036816221 0.569822956049
0.875316682727 0.620346021300 0.569822956049
0.875442776285 0.620652712516 0.569723625724
0.874483552938 0.619883270309 0.569815234486
0.875634042434 0.619606681390 0.570021895619
0.875839151844 0.621149028255 0.569586245909
0.873828671754 0.620750667163 0.569975307319
0.873972734782 0.619445418118 0.569426396129
0.875925908768 0.620124920655 0.569941767713
0.875076672832 0.620729993781 0.569723625724
0.874168705694 0.620001666806 0.569815234486
0.875258184384 0.619739745481 0.569822956049
0.875374797224 0.620023377207 0.569822956049
0.875490539818 0.620304892279 0.569941767713
0.874672757064 0.620887555289 0.569723625724
0.873798171071 0.620186005041 0.569815234486
0.874847887765 0.619933642889 0.569822956049
0.874960275502 0.620206998103 0.569822956049
0.875071854693 0.620478386733 0.569822956049
0.875182636890 0.620747836874 0.569723625724
0.874339064585 0.620071164294 0.569815234486
0.875351819424 0.619827688133 0.569822956049
0.875460277519 0.620091485473 0.569822956049
0.875567982433 0.620353450887 0.569941767713
0.874806598490 0.620895930241 0.569723625724
0.873991915648 0.620242431380 0.569815234486
0.874970223043 0.620007236721 0.569822956049
0.875075017013 0.620262121989 0.569822956049
0.875179107668 0.620515296617 0.569822956049
0.875282504386 0.620766783414 0.569723625724
0.874494797796 0.620134923588 0.569815234486
0.875440924027 0.619907465596 0.569822956049
0.875542293358 0.620154021279 0.569941767713
0.874825405879 0.620664797295 0.569723625724
0.874058027202 0.620049243529 0.569815234486
0.874979893785 0.619827617792 0.569822956049
0.875078680458 0.620067891803 0.569822956049
0.875176841899 0.620306645091 0.569822956049
0.875274385972 0.620543896787 0.569822956049
0.875371320394 0.620779665659 0.569723625724
0.874632539680 0.620187051785 0.569822956049
0.874728277381 0.620419909931 0.569822956049
0.874823427735 0.620651339499 0.569723625724
0.874098161302 0.620069566123 0.569815234486
0.874969744254 0.619860029063 0.569822956049
0.875063175023 0.620087276169 0.569822956049
0.875156046326 0.620313162514 0.569822956049
0.875248364823 0.620537704298 0.569822956049
0.875340137058 0.620760917431 0.569723625724
0.874640468264 0.620199677233 0.569822956049
0.874731167139 0.620420279687 0.569822956049
0.874821338695 0.620639599568 0.569723625724
0.874133802885 0.620088091859 0.569815234486
0.874960303960 0.619889392923 0.569822956049
0.875048929718 0.620104953035 0.569822956049
0.875137051921 0.620319288374 0.569822956049
0.875224676258 0.620532412778 0.569822956049
0.875311808323 0.620744339855 0.569723625724
0.874647318407 0.620211318437 0.569822956049
0.874733482338 0.620420890769 0.569822956049
0.874819170225 0.620629305242 0.569723625724
0.874165633439 0.620105069891 0.569815234486
0.874951486921 0.619916143034 0.569822956049
0.875035777723 0.620121159445 0.569822956049
0.875119612899 0.620325067659 0.569822956049
0.875202997349 0.620527879593 0.569822956049
0.875285935892 0.620729606970 0.569723625724
0.874653256663 0.620222102536 0.569822956049
0.874735317550 0.620421695232 0.569822956049
0.874816946538 0.620620237440 0.569822956049
0.874898148148 0.620817740161 0.569723625724
0.874278649737 0.620320808735 0.569815234486
0.875023785421 0.620141670834 0.569822956049
0.875103731337 0.620336119389 0.569822956049
0.875183267273 0.620529570772 0.569822956049
0.875262397414 0.620722035157 0.569723625724
0.874658622313 0.620237716205 0.569822956049
0.874736953159 0.620428236506 0.569822956049
0.874814890383 0.620617799418 0.569822956049
