0.900000000000 0.766666666667 0.633383896972
0.909394649866 0.755826377278 0.596103713882
0.913849861229 0.763915567261 0.616147623735
0.920079845499 0.768505094589 0.621571349582
0.923525190699 0.767372755706 0.618177658931
0.930833118592 0.766166378014 0.623392904653
0.935979131425 0.777404625711 0.629471228110
0.933077439205 0.777714930265 0.627884209737
0.930520067559 0.782553839324 0.617560900581
0.920659961579 0.790725412022 0.627555973337
0.924288152264 0.779495506244 0.617288686159
0.919224807075 0.778551980393 0.623080536660
0.920183815543 0.772311602960 0.622745183545
0.920810113772 0.771528413260 0.622600808309
0.921333527228 0.770842076893 0.622257432778
0.923136341336 0.770199223615 0.621615984815
0.926605255302 0.769496712774 0.622102532370
0.930630899137 0.772002532421 0.626307700630
0.930947382258 0.777709027041 0.625641830901
0.927439013095 0.784129255281 0.611360777666
0.920582968655 0.783679376703 0.621623965078
0.923708472134 0.772968416033 0.622436872645
0.923076685037 0.773369685180 0.622163046628
0.921248328550 0.773173670904 0.622473658489
0.920630311691 0.772653014516 0.622606614604
0.920193461866 0.771824104165 0.622745183545
0.920819760095 0.771040914465 0.622394470660
0.922430656007 0.770300035281 0.621615984815
0.925899569972 0.769597524440 0.621723742480
0.930024545372 0.771005979038 0.626187078551
0.930954361916 0.777374720290 0.625641830901
0.927445992752 0.783794948530 0.612738308693
0.920185969490 0.785075189766 0.625316893856
0.924786693172 0.774427514787 0.621848595397
0.921694656279 0.775615585458 0.621371769148
0.918933239519 0.773863992615 0.623028517401
0.918845687960 0.772091759359 0.622901875712
0.919702297000 0.771272728244 0.622538057220
0.921220771815 0.770555709138 0.622257432778
0.923023585923 0.769912855860 0.621615984815
0.926492499889 0.769210345019 0.621193934801
0.931776237553 0.771971532718 0.627483169362
0.931468183988 0.778311484214 0.624856835470
0.926883924286 0.785359620927 0.610839312938
0.922756975195 0.780048809849 0.618371420918
0.919894846680 0.775591248207 0.622317944372
0.918757582960 0.772599088338 0.623011432081
0.919052917290 0.771392637471 0.622668811912
0.920608790650 0.770775144229 0.622394470660
0.922219686562 0.770034265045 0.621615984815
0.925688600527 0.769331754204 0.620787231470
0.931156251179 0.770774433948 0.627505108674
0.931254486376 0.777911024872 0.625641830901
0.927746117212 0.784331253113 0.611360777666
0.920890072773 0.783881374535 0.621623965078
0.924015576252 0.773170413865 0.622436872645
0.923383789155 0.773571683012 0.622184934157
0.921458474035 0.774006452479 0.622255342390
0.919870464434 0.773270781607 0.622790846851
0.919740615671 0.772220518393 0.622745183545
0.920366913900 0.771437328693 0.622600808309
0.920890327356 0.770750992326 0.622394470660
0.922501223268 0.770010113142 0.621615984815
0.925970137233 0.769307602301 0.620787231470
0.931437787885 0.770750282044 0.627505108674
0.931536023082 0.777886872968 0.625641830901
0.928027653919 0.784307101209 0.611543631240
0.919371498676 0.786607455135 0.626229387826
0.924104486320 0.776082065632 0.621031467980
0.920283371603 0.776163401051 0.621784357401
0.918285901513 0.773705243706 0.623392683990
0.918874665204 0.771746976557 0.622901875712
0.919731274244 0.770927945442 0.622538057220
0.921249749059 0.770210926335 0.621779964493
0.924348212715 0.769266958934 0.620619036983
0.929771262251 0.769590621065 0.624635445250
0.932250884257 0.775748466845 0.627724437824
0.930508636470 0.780968319695 0.620971008420
0.922919240428 0.789128006934 0.621405519157
0.927249127907 0.773598068739 0.623664028616
0.925960416990 0.776995289142 0.620586135513
0.921020262872 0.779172708739 0.620747877667
0.919849264755 0.773677698132 0.622706888517
0.919151895797 0.772160014184 0.622901875712
0.920008504837 0.771340983069 0.622538057220
0.921526979652 0.770623963962 0.622257432778
0.923329793761 0.769981110685 0.621521562231
0.927131245406 0.769753694769 0.622706959764
0.930848224220 0.773467961276 0.626201153666
0.929974516345 0.778585967205 0.623459673399
0.924761536188 0.785801378422 0.613880756596
0.924659879898 0.775799367588 0.621148106705
0.920600645698 0.776922550007 0.621392548216
0.918620369316 0.773567263340 0.623028517401
0.918532817757 0.771795030084 0.622901875712
0.919389426797 0.770975998969 0.622538057220
0.920907901612 0.770258979863 0.621969985024
0.923658542118 0.769283338086 0.620644277277
0.928842061800 0.768747333167 0.622830233322
0.933046798980 0.774402641652 0.629032484769
0.931311955244 0.779377375799 0.623845357529
0.925541190292 0.786985648652 0.611700818679
0.925333767648 0.775242397273 0.622165037996
0.922406480786 0.777244161021 0.619688262751
0.918830516587 0.774997993619 0.622990569409
0.918576144364 0.772620107625 0.623011432081
0.918854761657 0.771481946430 0.622901875712
0.919655330853 0.770716496790 0.622538057220
0.921061326052 0.770052590210 0.621969985024
0.923584849452 0.769157506011 0.620644277277
0.928297140071 0.768670228812 0.622830233322
0.932085191585 0.773765101321 0.628299762506
0.930923441336 0.778714321682 0.623459673399
0.926310184561 0.785099641343 0.610839312938
0.922690053779 0.780441035133 0.617887594910
0.920886419667 0.775472938177 0.621784357401
0.919164462693 0.773353837018 0.623028517401
0.919089632301 0.771839107739 0.622901875712
0.919815572165 0.771145013574 0.622538057220
0.921091601421 0.770542476510 0.622394470660
0.922434014681 0.769925077189 0.621615984815
0.925300885727 0.769344489718 0.620787231470
0.929782566589 0.770527014098 0.625034767637
0.931103350273 0.774953321225 0.626998058944
0.929973782208 0.779256900855 0.622331468840
0.924866771778 0.785468807921 0.613880756596
0.924786092182 0.777530704085 0.619315795806
0.920728349277 0.777929379020 0.621030507802
0.919404050671 0.774506485095 0.622533908356
0.918598297050 0.772822010162 0.623011432081
0.918825477304 0.771893971034 0.622901875712
0.919479377334 0.771268756442 0.622538057220
0.920629737043 0.770725560149 0.622394470660
0.921840936976 0.770168508131 0.621779964493
0.924153223287 0.769464054847 0.621542748716
0.927143798258 0.769821984432 0.622706959764
0.929876870916 0.772553062746 0.625340129735
0.929836144637 0.775968606596 0.624543523733
0.927860157123 0.779788589606 0.618455569810
0.922910715270 0.783228464233 0.617545746851
0.923618923361 0.776228408636 0.621031467980
0.920908912923 0.776286093330 0.621392548216
0.919514352091 0.773923215396 0.622706888517
0.919026681491 0.772861897949 0.623011432081
0.919231774776 0.772024084847 0.622901875712
0.919822539631 0.771459235802 0.622745183545
0.920251511021 0.770922804501 0.622394470660
0.921347358580 0.770418805056 0.621779964493
0.923440915105 0.769780989244 0.621521562231
0.925992224934 0.769628361113 0.621723742480
0.928742208534 0.770567330845 0.624072741291
0.930167489584 0.773498007212 0.626201153666
0.929592681771 0.776865116375 0.623918210892
0.927172700004 0.780650065954 0.617074023573
0.922447635272 0.783518436498 0.617545746851
0.923087307096 0.777195805636 0.620416559537
0.920710149371 0.776220019354 0.621784357401
0.919437875429 0.774654314039 0.622533908356
0.918780013295 0.773279014885 0.623011432081
0.918965758157 0.772520240755 0.623011432081
0.919150342114 0.771766208963 0.622901875712
0.919682397418 0.771257493984 0.622538057220
0.920619727551 0.770814889598 0.622394470660
0.921608007251 0.770360362491 0.621779964493
0.923497314359 0.769784772612 0.621521562231
0.925801224447 0.769646944785 0.621723742480
0.928286149387 0.770495411410 0.624072741291
0.929574876564 0.773145304413 0.625340129735
0.929541665253 0.775930599100 0.624543523733
0.927928136987 0.779049875167 0.619741494850
0.924223989115 0.781909730606 0.615507283144
0.921922577500 0.779978504819 0.619372112155
0.920965181893 0.776631766655 0.621392548216
0.919820513464 0.774692294593 0.622533908356
0.919223144400 0.773443459730 0.623028517401
0.919173114938 0.772430755012 0.623011432081
0.919340918535 0.771745271564 0.622745183545
0.919694759342 0.771302791508 0.622538057220
0.920547835081 0.770899971785 0.622394470660
0.921447776931 0.770486072800 0.622257432778
0.922449340325 0.770128932090 0.621615984815
0.924365867377 0.769740804553 0.621542748716
0.926584151009 0.770006301773 0.622102532370
0.928783956384 0.771375602127 0.624072741291
0.929953616376 0.773780668058 0.625246393705
0.929461254365 0.776301407463 0.623918210892
0.927470624201 0.779414833729 0.618455569810
0.923791627316 0.781971745885 0.616357222226
0.922450134891 0.779114285182 0.618987796985
0.920637257149 0.777356761490 0.621030507802
0.919745098088 0.775050811898 0.622533908356
0.919200897998 0.773913129876 0.623028517401
0.919155298228 0.772990091722 0.623011432081
0.919308321197 0.772364987645 0.622745183545
0.919631155336 0.771961281614 0.622745183545
0.919952333915 0.771559645871 0.622745183545
0.920271873828 0.771160059289 0.622394470660
0.921089587489 0.770783978485 0.622394470660
0.921903171282 0.770409797079 0.621779964493
0.923460188195 0.769935441601 0.621521562231
