0.100000000000 0.766666666667 0.534799405469
0.065734289940 0.793133792980 0.607972100174
0.056904295551 0.786188503721 0.528813229807
0.075190083197 0.809808283256 0.608378157366
0.102192314822 0.824375255677 0.549357247545
0.090627925329 0.788104545926 0.531988199709
0.108424039526 0.811337521743 0.523256554728
0.105951201988 0.792854705610 0.512604891451
0.126874984550 0.784839857371 0.551025799853
0.120402590891 0.786995374631 0.559740063000
0.125851000873 0.785973095754 0.550207056838
0.121957621943 0.781947562467 0.547105794759
0.130668326552 0.785129893425 0.553322395535
0.113486699815 0.795448470102 0.531905666735
0.108298155528 0.809797287451 0.525423261062
0.099902157955 0.784667797085 0.521509969284
0.112697081461 0.771456138902 0.547350512252
0.118457358115 0.764541657450 0.542744360436
0.122775452890 0.776083575708 0.550106134424
0.113132103121 0.794862834048 0.531905666735
0.107943558834 0.809211651397 0.532925038436
0.095436915036 0.779095775474 0.498247016056
0.118462652314 0.776672974032 0.540896282797
0.118500198479 0.774555427579 0.541501502874
0.115642856540 0.774742666971 0.544339185844
0.116081545593 0.766336029612 0.539768130744
0.119508702476 0.775037526834 0.541957232718
0.114947529612 0.779592239730 0.544051900323
0.114856410355 0.777823912461 0.544205790668
0.114296286464 0.771163439162 0.543589223490
0.119625254768 0.765909203594 0.546952807657
0.123319358452 0.780385641896 0.546909061506
0.127156361083 0.788134964670 0.543664964941
0.113687582344 0.776927317405 0.547205162349
0.110573290042 0.770855670036 0.548281288296
0.116218028262 0.767281435528 0.540444388705
0.119689028812 0.775055684416 0.543287188523
0.113320490585 0.784157398167 0.537188627450
0.107461199969 0.807010439565 0.537952112479
0.094866075110 0.775038185015 0.486933671455
0.101769887606 0.770458749688 0.521923428147
0.078356368763 0.800899033033 0.564739279115
0.115986464318 0.841938900977 0.536469839894
0.107728705871 0.847048851287 0.545321204079
0.105158914394 0.838656083678 0.529265043511
0.126740750645 0.832236355932 0.562084522686
0.127224188301 0.817154216615 0.542058777851
0.125590729254 0.808437428260 0.531984581028
0.142727556045 0.818968269439 0.529796350888
0.145888708075 0.801577264282 0.482504051999
0.153031850214 0.791462774703 0.511150354851
0.133864082689 0.792736916036 0.526452113111
0.105158817295 0.804370679146 0.554356486327
0.104717405105 0.777964135144 0.524903741648
0.097128287255 0.804762121033 0.587572569855
0.105053094719 0.791728103240 0.508370544001
0.116929436343 0.776702185995 0.541612736125
0.117344594511 0.771604533043 0.542798516203
0.116011223161 0.773628161269 0.542900319005
0.115903751023 0.768248806976 0.541102630639
0.119151403118 0.774648102543 0.541957232718
0.114590230254 0.779202815439 0.544266791444
0.111185254456 0.778877112247 0.544900601989
0.099682199337 0.783302155409 0.518838489047
0.114287697160 0.774649722701 0.546049606763
0.114973941981 0.765715833377 0.538401594235
0.119223004724 0.770970001086 0.546226178088
0.114468968757 0.783166183035 0.541849284826
0.112191551527 0.799714340730 0.525030422837
0.103108628965 0.786215994673 0.513246057588
0.101507359985 0.767048085190 0.543578205007
0.072227222356 0.785268810321 0.589896834605
0.097402252376 0.773779257925 0.490583232646
0.091327214869 0.791178362524 0.544927575361
0.117782206708 0.810930079516 0.519986896226
0.143827416232 0.823269771251 0.532179685093
0.153081743915 0.804354589588 0.494087361526
0.160125396557 0.825494850554 0.555239738130
0.164618989805 0.833375673080 0.538599648062
0.147266709823 0.829180053521 0.535329551548
0.157972254504 0.824032104672 0.549230658144
0.167597970756 0.839628108576 0.524622103535
0.170825959700 0.836364474046 0.525951054495
0.161872848840 0.833940260398 0.536993248103
0.145387188332 0.831987819499 0.541267970139
0.147255265511 0.827816541790 0.530609509967
0.160432001538 0.821607706700 0.546165637654
0.177530572636 0.831313026363 0.528860322431
0.173360147588 0.827041456614 0.536914958168
0.171386857215 0.819599541367 0.535040765893
0.174252675795 0.815804572212 0.533429299281
0.173294780111 0.813405470603 0.534931435140
0.170400516978 0.808202055416 0.543032711820
0.170670489335 0.797605420805 0.526208205200
0.175929745274 0.784760284403 0.538606184291
0.170072997571 0.788180646596 0.533279572321
0.164465850201 0.783584799188 0.533026827354
0.172599689000 0.784100440543 0.536665439496
0.168920445188 0.787132309870 0.534890657025
0.166020762547 0.783879816842 0.533156104290
0.174144897012 0.784730793795 0.537938506478
0.168571810234 0.788114647673 0.534196003585
0.164501176682 0.783496914248 0.533026827354
0.172398107555 0.783997536922 0.537216015504
0.170494074117 0.788341718494 0.532445962895
0.163848162596 0.784658406214 0.534216589181
0.169042103424 0.785740335068 0.535340315785
0.169790234922 0.785468492954 0.535309846179
0.169062738430 0.785479300025 0.535340315785
0.169797142743 0.785212445839 0.535309846179
0.169082873460 0.785223056418 0.535340315785
0.169804045264 0.784961010416 0.535257829100
0.170995348676 0.786477060330 0.534696731984
0.167194047243 0.785519086480 0.535468002177
0.170010345554 0.785347095283 0.535309846179
0.169327131457 0.785357244532 0.535309846179
0.168649807137 0.785367306288 0.535340315785
0.169333995771 0.785118698542 0.535309846179
0.168668151524 0.785128589760 0.535340315785
0.169340841190 0.784884160295 0.535257829100
0.170452724374 0.786299140215 0.534696731984
0.166902748656 0.785404503479 0.535468002177
0.169534371667 0.785243790394 0.535309846179
0.168895594260 0.785253279529 0.535340315785
0.169541159342 0.785018706092 0.535257829100
0.170608567199 0.786377086815 0.534696731984
0.167199463533 0.785517951537 0.535468002177
0.169727479339 0.785363565739 0.535309846179
0.169113654174 0.785372684204 0.535340315785
0.169734197354 0.785147202761 0.535309846179
0.169129815653 0.785156180943 0.535340315785
0.169740884891 0.784934141964 0.535257829100
0.170751687786 0.786220487345 0.534696731984
0.167522010629 0.785406569713 0.535408610600
0.169144297468 0.785130300117 0.535340315785
0.169737260951 0.784914840071 0.535257829100
0.170718334349 0.786163351765 0.534696731984
0.167582954335 0.785373198151 0.535408610600
0.169158218367 0.785104936369 0.535340315785
0.169734118153 0.784895676612 0.535257829100
0.170687160882 0.786108516544 0.534696731984
0.167640727819 0.785340778635 0.535408610600
0.169171618217 0.785080073523 0.535340315785
0.169731408918 0.784876667186 0.535257829100
0.170657978238 0.786055817119 0.534696731984
0.167695584707 0.785309258188 0.535408610600
0.169184532902 0.785055695682 0.535340315785
0.169729091203 0.784857824211 0.535257829100
0.170630618109 0.786005105227 0.534696731984
0.167747751922 0.785278588146 0.535408610600
0.169196994832 0.785031787306 0.535340315785
0.169727127747 0.784839157464 0.535257829100
0.170604930261 0.785956246874 0.535356349423
0.169010015141 0.786277068379 0.535296742771
0.168226173624 0.785120514234 0.535408610600
0.169628666762 0.784881674712 0.535257829100
0.170483961519 0.785970120804 0.535356349423
0.168929681179 0.786282768513 0.535296742771
0.168165683752 0.785155494220 0.535408610600
0.169532894044 0.784922663239 0.535257829100
0.170366806432 0.785983898179 0.535356349423
0.168851141753 0.786288778243 0.535296742771
0.168106008459 0.785189337883 0.535408610600
0.169439667578 0.784962220546 0.535257829100
0.170253240640 0.785997571707 0.534696731984
0.167649925113 0.785341504767 0.535408610600
0.168959481959 0.785118491961 0.535340315785
0.169438823697 0.784944317672 0.535257829100
0.170233025972 0.785955017615 0.535309846179
0.169768116971 0.785961923908 0.535309846179
0.169305942729 0.785968789577 0.535309846179
0.168846471260 0.785975615095 0.535340315785
0.169311878645 0.785806504012 0.535309846179
0.168857718986 0.785813250623 0.535340315785
0.169317776860 0.785646083346 0.535309846179
0.168868807597 0.785652752852 0.535340315785
0.169323637541 0.785487485203 0.535309846179
0.168879741376 0.785494079348 0.535340315785
0.169329460872 0.785330668639 0.535309846179
0.168890524441 0.785337189106 0.535340315785
0.169335247053 0.785175594072 0.535309846179
0.168901160749 0.785182042489 0.535340315785
0.169340996299 0.785022223224 0.535309846179
0.168911654107 0.785028601168 0.535340315785
0.169346708837 0.784870519069 0.535257829100
0.170067930362 0.785788343882 0.535309846179
0.169645513044 0.785794618955 0.535309846179
0.169225354642 0.785800860472 0.535340315785
0.169651152888 0.785646141821 0.535309846179
0.169235440607 0.785652317290 0.535340315785
0.169656756766 0.785499227258 0.535309846179
0.169245397493 0.785505338062 0.535340315785
0.169662324942 0.785353842717 0.535309846179
0.169255228459 0.785359890197 0.535340315785
0.169667857687 0.785209956660 0.535309846179
0.169264936553 0.785215942114 0.535309846179
0.168864071139 0.785221897031 0.535340315785
0.169270416673 0.785074246745 0.535309846179
0.168873600405 0.785080141511 0.535340315785
0.169275862064 0.784933975148 0.535257829100
