0.233333333333 0.100000000000 0.297717542366
0.177165216925 0.086722628706 0.543001567895
0.108906744760 0.063785483771 0.729111025708
0.126614563036 0.067364955354 0.813333265151
0.097728070854 0.136743069676 0.621046328676
0.108422623181 0.170862748863 0.798367964220
0.119995848961 0.185452162822 0.729684182160
0.095175184993 0.170370486024 0.788164839439
0.149388526580 0.159751887544 0.690892935502
0.161699919098 0.131700759797 0.603521433208
0.049399056378 0.144417849765 0.763008150200
0.166618781172 0.145479593222 0.493019073394
0.226537856810 0.140938928920 0.587606352190
0.320320564798 0.105719658247 0.402078229843
0.242448165986 0.108840868211 0.241799279423
0.252291849526 0.095928153030 0.369219165573
0.198651353808 0.096784800897 0.440218439670
0.172235592457 0.088810998441 0.531037591234
0.097037513564 0.078031791992 0.633983236960
0.069348223593 0.133255354118 0.424243833520
0.104571430252 0.109043870718 0.452370462376
0.120733041898 0.117911266328 0.586483627467
0.218780990936 0.149289771069 0.696257385546
0.218774983443 0.149920977631 0.695461543729
0.210685591431 0.151284519241 0.685114265436
0.192067208796 0.160342348759 0.640971506615
0.155824081472 0.154233646808 0.621893033352
0.204131356022 0.138208931879 0.678430444135
0.203135530108 0.135392571494 0.677852808972
0.216342190659 0.113040955906 0.464735091258
0.253676105042 0.075177103911 0.524885998526
0.220283080428 0.073969391969 0.517614560838
0.185520624293 0.031908450002 0.722587818327
0.182832874381 0.015631335185 0.741799056480
0.178660078757 -0.006152166520 1.000000000000
0.178660078757 -0.006152166520 1.000000000000
0.178660078757 -0.006152166520 1.000000000000
0.178660078757 -0.006152166520 1.000000000000
0.178660078757 -0.006152166520 1.000000000000
0.178660078757 -0.006152166520 1.000000000000
0.178660078757 -0.006152166520 1.000000000000
0.178660078757 -0.006152166520 1.000000000000
0.178660078757 -0.006152166520 1.000000000000
0.178660078757 -0.006152166520 1.000000000000
0.178660078757 -0.006152166520 1.000000000000
0.178660078757 -0.006152166520 1.000000000000
0.178660078757 -0.006152166520 1.000000000000
0.178660078757 -0.006152166520 1.000000000000
0.178660078757 -0.006152166520 1.000000000000
0.178660078757 -0.006152166520 1.000000000000
0.178660078757 -0.006152166520 1.000000000000
0.178660078757 -0.006152166520 1.000000000000
0.178660078757 -0.006152166520 1.000000000000
0.178660078757 -0.006152166520 1.000000000000
0.178660078757 -0.006152166520 1.000000000000
0.178660078757 -0.006152166520 1.000000000000
0.178660078757 -0.006152166520 1.000000000000
0.178660078757 -0.006152166520 1.000000000000
0.178660078757 -0.006152166520 1.000000000000
0.178660078757 -0.006152166520 1.000000000000
0.178660078757 -0.006152166520 1.000000000000
0.178660078757 -0.006152166520 1.000000000000
0.178660078757 -0.006152166520 1.000000000000
0.178660078757 -0.006152166520 1.000000000000
0.178660078757 -0.006152166520 1.000000000000
0.178660078757 -0.006152166520 1.000000000000
0.178660078757 -0.006152166520 1.000000000000
0.178660078757 -0.006152166520 1.000000000000
0.178660078757 -0.006152166520 1.000000000000
0.178660078757 -0.006152166520 1.000000000000
0.178660078757 -0.006152166520 1.000000000000
0.178660078757 -0.006152166520 1.000000000000
0.178660078757 -0.006152166520 1.000000000000
0.178660078757 -0.006152166520 1.000000000000
0.178660078757 -0.006152166520 1.000000000000
0.178660078757 -0.006152166520 1.000000000000
0.178660078757 -0.006152166520 1.000000000000
0.178660078757 -0.006152166520 1.000000000000
0.178660078757 -0.006152166520 1.000000000000
0.178660078757 -0.006152166520 1.000000000000
0.178660078757 -0.006152166520 1.000000000000
0.178660078757 -0.006152166520 1.000000000000
0.178660078757 -0.006152166520 1.000000000000
0.178660078757 -0.006152166520 1.000000000000
0.178660078757 -0.006152166520 1.000000000000
0.178660078757 -0.006152166520 1.000000000000
0.178660078757 -0.006152166520 1.000000000000
0.178660078757 -0.006152166520 1.000000000000
0.178660078757 -0.006152166520 1.000000000000
0.178660078757 -0.006152166520 1.000000000000
0.178660078757 -0.006152166520 1.000000000000
0.178660078757 -0.006152166520 1.000000000000
0.178660078757 -0.006152166520 1.000000000000
0.178660078757 -0.006152166520 1.000000000000
0.178660078757 -0.006152166520 1.000000000000
0.178660078757 -0.006152166520 1.000000000000
0.178660078757 -0.006152166520 1.000000000000
0.178660078757 -0.006152166520 1.000000000000
0.178660078757 -0.006152166520 1.000000000000
0.178660078757 -0.006152166520 1.000000000000
0.178660078757 -0.006152166520 1.000000000000
0.178660078757 -0.006152166520 1.000000000000
0.178660078757 -0.006152166520 1.000000000000
0.178660078757 -0.006152166520 1.000000000000
0.178660078757 -0.006152166520 1.000000000000
0.178660078757 -0.006152166520 1.000000000000
0.178660078757 -0.006152166520 1.000000000000
0.178660078757 -0.006152166520 1.000000000000
0.178660078757 -0.006152166520 1.000000000000
0.178660078757 -0.006152166520 1.000000000000
0.178660078757 -0.006152166520 1.000000000000
0.178660078757 -0.006152166520 1.000000000000
0.178660078757 -0.006152166520 1.000000000000
0.178660078757 -0.006152166520 1.000000000000
0.178660078757 -0.006152166520 1.000000000000
0.178660078757 -0.006152166520 1.000000000000
0.178660078757 -0.006152166520 1.000000000000
0.178660078757 -0.006152166520 1.000000000000
0.178660078757 -0.006152166520 1.000000000000
0.178660078757 -0.006152166520 1.000000000000
0.178660078757 -0.006152166520 1.000000000000
0.178660078757 -0.006152166520 1.000000000000
0.178660078757 -0.006152166520 1.000000000000
0.178660078757 -0.006152166520 1.000000000000
0.178660078757 -0.006152166520 1.000000000000
0.178660078757 -0.006152166520 1.000000000000
0.178660078757 -0.006152166520 1.000000000000
0.178660078757 -0.006152166520 1.000000000000
0.178660078757 -0.006152166520 1.000000000000
0.178660078757 -0.006152166520 1.000000000000
0.178660078757 -0.006152166520 1.000000000000
0.178660078757 -0.006152166520 1.000000000000
0.178660078757 -0.006152166520 1.000000000000
0.178660078757 -0.006152166520 1.000000000000
0.178660078757 -0.006152166520 1.000000000000
0.178660078757 -0.006152166520 1.000000000000
0.178660078757 -0.006152166520 1.000000000000
0.178660078757 -0.006152166520 1.000000000000
0.178660078757 -0.006152166520 1.000000000000
0.178660078757 -0.006152166520 1.000000000000
0.178660078757 -0.006152166520 1.000000000000
0.178660078757 -0.006152166520 1.000000000000
0.178660078757 -0.006152166520 1.000000000000
0.178660078757 -0.006152166520 1.000000000000
0.178660078757 -0.006152166520 1.000000000000
0.178660078757 -0.006152166520 1.000000000000
0.178660078757 -0.006152166520 1.000000000000
0.178660078757 -0.006152166520 1.000000000000
0.178660078757 -0.006152166520 1.000000000000
0.178660078757 -0.006152166520 1.000000000000
0.178660078757 -0.006152166520 1.000000000000
0.178660078757 -0.006152166520 1.000000000000
0.178660078757 -0.006152166520 1.000000000000
0.178660078757 -0.006152166520 1.000000000000
0.178660078757 -0.006152166520 1.000000000000
0.178660078757 -0.006152166520 1.000000000000
0.178660078757 -0.006152166520 1.000000000000
0.178660078757 -0.006152166520 1.000000000000
0.178660078757 -0.006152166520 1.000000000000
0.178660078757 -0.006152166520 1.000000000000
0.178660078757 -0.006152166520 1.000000000000
0.178660078757 -0.006152166520 1.000000000000
0.178660078757 -0.006152166520 1.000000000000
0.178660078757 -0.006152166520 1.000000000000
0.178660078757 -0.006152166520 1.000000000000
0.178660078757 -0.006152166520 1.000000000000
0.178660078757 -0.006152166520 1.000000000000
0.178660078757 -0.006152166520 1.000000000000
0.178660078757 -0.006152166520 1.000000000000
0.178660078757 -0.006152166520 1.000000000000
0.178660078757 -0.006152166520 1.000000000000
0.178660078757 -0.006152166520 1.000000000000
0.178660078757 -0.006152166520 1.000000000000
0.178660078757 -0.006152166520 1.000000000000
0.178660078757 -0.006152166520 1.000000000000
0.178660078757 -0.006152166520 1.000000000000
0.178660078757 -0.006152166520 1.000000000000
0.178660078757 -0.006152166520 1.000000000000
0.178660078757 -0.006152166520 1.000000000000
0.178660078757 -0.006152166520 1.000000000000
0.178660078757 -0.006152166520 1.000000000000
0.178660078757 -0.006152166520 1.000000000000
0.178660078757 -0.006152166520 1.000000000000
0.178660078757 -0.006152166520 1.000000000000
0.178660078757 -0.006152166520 1.000000000000
0.178660078757 -0.006152166520 1.000000000000
0.178660078757 -0.006152166520 1.000000000000
0.178660078757 -0.006152166520 1.000000000000
0.178660078757 -0.006152166520 1.000000000000
0.178660078757 -0.006152166520 1.000000000000
0.178660078757 -0.006152166520 1.000000000000
0.178660078757 -0.006152166520 1.000000000000
0.178660078757 -0.006152166520 1.000000000000
0.178660078757 -0.006152166520 1.000000000000
0.178660078757 -0.006152166520 1.000000000000
0.178660078757 -0.006152166520 1.000000000000
0.178660078757 -0.006152166520 1.000000000000
0.178660078757 -0.006152166520 1.000000000000
0.178660078757 -0.006152166520 1.000000000000
0.178660078757 -0.006152166520 1.000000000000
