0.233333333333 0.233333333333 0.573392464753
0.236768308300 0.228011373218 0.538505974376
0.239210859378 0.225278530376 0.536210423470
0.236842595316 0.226767881181 0.536427033572
0.238645796372 0.224855147692 0.536210423470
0.236277532310 0.226344498496 0.536243908574
0.238332968725 0.224793322051 0.536210423470
0.235964704663 0.226282672855 0.536243908574
0.238020141078 0.224731496411 0.535045744756
0.236886847094 0.225620799984 0.534501586391
0.236961788548 0.225839372177 0.535043276530
0.237975449115 0.224925465112 0.535045744756
0.236842155130 0.225814768684 0.535043276530
0.237855815697 0.224900861619 0.535045744756
0.236722521713 0.225790165192 0.535043276530
0.237736182279 0.224876258126 0.535045744756
0.236602888295 0.225765561699 0.535043276530
0.237616548862 0.224851654634 0.535045744756
0.236483254877 0.225740958207 0.535043276530
0.237496915444 0.224827051141 0.535045744756
0.236363621459 0.225716354714 0.536243908574
0.238419057874 0.224165178270 0.539095550642
0.234862746998 0.226928597463 0.541256230850
0.238384630740 0.223917011417 0.539095550642
0.234828319863 0.226680430611 0.541256230850
0.238350203605 0.223668844565 0.543126593900
0.233635093466 0.227740109247 0.548648208904
0.238045638718 0.223667699670 0.539456861573
0.234623092518 0.227106794472 0.541256230850
0.238144976260 0.224095208427 0.536692476607
0.235886339948 0.226247232495 0.536243908574
0.237941776363 0.224696056050 0.536692476607
0.235683140051 0.226848080118 0.538573120486
0.238379246774 0.224359461297 0.539095550642
0.234822935898 0.227122880491 0.541256230850
0.238344819640 0.224111294445 0.539095550642
0.234788508763 0.226874713639 0.541256230850
0.238310392505 0.223863127593 0.536692476607
0.236051756193 0.226015151661 0.536243908574
0.238107192608 0.224463975216 0.536692476607
0.235848556296 0.226615999284 0.536243908574
0.237903992712 0.225064822839 0.535045744756
0.236770698727 0.225954126412 0.535043276530
0.237784359294 0.225040219347 0.535045744756
0.236651065309 0.225929522920 0.535043276530
0.237664725876 0.225015615854 0.535045744756
0.236531431891 0.225904919427 0.535043276530
0.237545092458 0.224991012362 0.535045744756
0.236411798474 0.225880315935 0.535043276530
0.237425459040 0.224966408869 0.535045744756
0.236292165056 0.225855712442 0.536243908574
0.238347601471 0.224304535997 0.539095550642
0.234791290594 0.227067955191 0.541256230850
0.238313174336 0.224056369145 0.536692476607
0.236054538024 0.226208393213 0.536243908574
0.238109974439 0.224657216768 0.536692476607
0.235851338128 0.226809240836 0.538573120486
0.238547444851 0.224320622016 0.539095550642
0.234991133974 0.227084041210 0.541256230850
0.238513017716 0.224072455164 0.539095550642
0.234956706839 0.226835874357 0.541256230850
0.238478590581 0.223824288312 0.539095550642
0.234922279705 0.226587707505 0.538057590644
0.237931248126 0.224419240190 0.536692476607
0.235672611814 0.226571264258 0.536243908574
0.237728048229 0.225020087814 0.535045744756
0.236594754244 0.225909391387 0.535043276530
0.237608414811 0.224995484321 0.535045744756
0.236475120826 0.225884787894 0.535043276530
0.237488781393 0.224970880829 0.535045744756
0.236355487409 0.225860184401 0.536243908574
0.238410923824 0.224309007957 0.539095550642
0.234854612947 0.227072427150 0.541256230850
0.238376496689 0.224060841105 0.539095550642
0.234820185812 0.226824260298 0.541256230850
0.238342069554 0.223812674252 0.539095550642
0.234785758678 0.226576093446 0.538057590644
0.237794727099 0.224407626131 0.536692476607
0.235536090787 0.226559650199 0.536243908574
0.237591527202 0.225008473754 0.535045744756
0.236458233217 0.225897777327 0.535043276530
0.237471893784 0.224983870262 0.535045744756
0.236338599799 0.225873173835 0.536243908574
0.238394036214 0.224321997390 0.539095550642
0.234837725338 0.227085416583 0.541256230850
0.238359609080 0.224073830538 0.539095550642
0.234803298203 0.226837249731 0.541256230850
0.238325181945 0.223825663686 0.536692476607
0.236066545633 0.225977687754 0.536243908574
0.238121982048 0.224426511309 0.536692476607
0.235863345736 0.226578535377 0.536243908574
0.237918782152 0.225027358932 0.535045744756
0.236785488167 0.225916662505 0.535043276530
0.237799148734 0.225002755439 0.535045744756
0.236665854749 0.225892059012 0.535043276530
0.237679515316 0.224978151947 0.535045744756
0.236546221331 0.225867455520 0.535043276530
0.237559881898 0.224953548454 0.535045744756
0.236426587914 0.225842852027 0.535043276530
0.237440248480 0.224928944962 0.535045744756
0.236306954496 0.225818248535 0.536243908574
0.238342040055 0.224282430273 0.539095550642
0.234855460764 0.226991664776 0.541256230850
0.238274765368 0.224067794829 0.536692476607
0.236102999684 0.226137048740 0.536243908574
0.238060558174 0.224659737841 0.536692476607
0.235929769201 0.226689949225 0.538573120486
0.238449495110 0.224364137244 0.539095550642
0.235156614669 0.226922858719 0.541256230850
0.238387700671 0.224159935742 0.539095550642
0.235154690783 0.226672135008 0.541256230850
0.238327559019 0.223958994427 0.539095550642
0.235152281451 0.226426332992 0.538057590644
0.237815085363 0.224507335369 0.536692476607
0.235833825440 0.226395075779 0.536243908574
0.237621161453 0.225046226697 0.535045744756
0.236644183880 0.225812867708 0.535043276530
0.237510560433 0.225031750558 0.535045744756
0.236550141802 0.225785397653 0.535043276530
0.237401957405 0.225017408523 0.535045744756
0.236457545751 0.225758494834 0.535043276530
0.237295281756 0.225003199738 0.534501586391
0.237356709178 0.225182357274 0.535045744756
0.236435331955 0.225905368309 0.535043276530
0.237252800154 0.225168346482 0.534501586391
0.237312753317 0.225343204237 0.534501586391
0.237372230662 0.225516674231 0.535045744756
0.236479873194 0.226216913265 0.535043276530
0.237271795512 0.225502923370 0.534501586391
0.237329889663 0.225672359179 0.534501586391
0.237387536935 0.225840491636 0.534461789454
0.237326004911 0.225623840039 0.534501586391
0.237382778740 0.225789425034 0.534461789454
0.237322172010 0.225576031356 0.534501586391
0.237378098468 0.225739144933 0.534461789454
0.237318389615 0.225528912643 0.534501586391
0.237373493626 0.225689627492 0.534461789454
0.237314656435 0.225482464286 0.534501586391
0.237368961837 0.225640849933 0.535045744756
0.236553642423 0.226280636677 0.535043276530
0.237277685685 0.225627845916 0.534501586391
0.237330835653 0.225782861656 0.535043276530
0.238044681123 0.225139265131 0.535045744756
0.237252167847 0.225761155741 0.535043276530
0.237956098796 0.225126498057 0.535045744756
0.237174516738 0.225739810866 0.535043276530
0.237868804797 0.225113847122 0.535045744756
0.237097856508 0.225718815539 0.535043276530
0.237782762297 0.225101310765 0.535045744756
0.237022162307 0.225698158801 0.535043276530
0.237697936018 0.225088887424 0.535045744756
0.236947410200 0.225677830187 0.534501586391
0.236996713789 0.225821627683 0.535043276530
0.237659237035 0.225224302804 0.535045744756
0.236923331850 0.225801772656 0.535043276530
0.237577306410 0.225212155195 0.535045744756
0.236850835907 0.225782221587 0.535043276530
0.237496479580 0.225200115176 0.535045744756
0.236779204906 0.225762965539 0.535043276530
0.237416727275 0.225188181221 0.535045744756
0.236708418535 0.225743995954 0.535043276530
0.237338021371 0.225176351814 0.534501586391
0.237384281528 0.225311272921 0.535045744756
0.236689009145 0.225856857935 0.535043276530
0.237307094857 0.225299597529 0.534501586391
0.237352513920 0.225432065525 0.534501586391
0.237397659374 0.225563735522 0.535045744756
0.236719040222 0.226096252631 0.535043276530
0.237322409607 0.225552260330 0.534501586391
0.237366753663 0.225681592989 0.534461789454
0.237319337809 0.225514643818 0.534501586391
0.237363163221 0.225642463814 0.535045744756
0.236704271369 0.226159500775 0.535043276530
0.237290202333 0.225631230795 0.534501586391
0.237333272134 0.225756846998 0.535043276530
0.237912506744 0.225234614389 0.535045744756
0.237268589707 0.225739900510 0.535043276530
0.237841279293 0.225223568835 0.535045744756
0.237204597279 0.225723177583 0.535043276530
0.237770888099 0.225212614977 0.535045744756
0.237141280329 0.225706672518 0.535043276530
0.237701313792 0.225201751487 0.535045744756
0.237078624789 0.225690379824 0.535043276530
0.237632537667 0.225190977056 0.535045744756
0.237016617023 0.225674294215 0.534501586391
0.237057125918 0.225792441346 0.535043276530
0.237602104717 0.225301093462 0.535045744756
0.236996065153 0.225776656870 0.535043276530
0.237535246306 0.225290536090 0.535045744756
0.236935619859 0.225761067081 0.535043276530
0.237469125420 0.225280063363 0.535045744756
0.236875777784 0.225745667327 0.535043276530
0.237403725996 0.225269674064 0.535045744756
0.236816527040 0.225730453117 0.535043276530
0.237339032487 0.225259367001 0.534501586391
0.237377464002 0.225371455306 0.535045744756
0.236799252786 0.225825181618 0.535043276530
0.237313801297 0.225361269402 0.534501586391
0.237351650516 0.225471659399 0.534501586391
0.237389309538 0.225581494672 0.535045744756
