0.233333333333 0.366666666667 0.568689693054
0.223668151366 0.358964096508 0.595417399390
0.228007593102 0.372934567236 0.565027274119
0.215149212071 0.366177272620 0.553355539424
0.215217296181 0.398724784694 0.531147373878
0.220248066103 0.410094019388 0.557034842476
0.218799706867 0.371361116732 0.567133822505
0.214146088270 0.389325400965 0.566538376069
0.183667548486 0.400715994956 0.535658565851
0.176945997109 0.438226056764 0.526756555141
0.176011523528 0.439959041705 0.526766201188
0.178146104692 0.440409725540 0.527586491173
0.179664255541 0.442814007931 0.529902531242
0.183648816201 0.446348128160 0.534842505760
0.184384904757 0.449204141376 0.534296183838
0.181704391824 0.447104372195 0.534059936695
0.183796236245 0.449741107924 0.534255117658
0.181791025554 0.447738463715 0.534391006797
0.183081803010 0.449566410212 0.534255117658
0.181076592319 0.447563766003 0.534391006797
0.182367369776 0.449391712499 0.534676366212
0.181951703892 0.449507831683 0.534521586593
0.180784892157 0.448769204345 0.534266752209
0.181746329799 0.450638030495 0.534358741050
0.180328396464 0.450636065580 0.534233402431
0.179187558230 0.451900685620 0.533564239894
0.177038723864 0.454296535701 0.529130398611
0.172740850021 0.459532788909 0.524601996918
0.175890064416 0.461077957819 0.525641020527
0.176508917071 0.461776915845 0.525774301163
0.176809198619 0.461587789293 0.525774301163
0.177109480166 0.461398662741 0.525776000728
0.176421803453 0.461624707073 0.525774301163
0.176722085000 0.461435580521 0.525774301163
0.177022366547 0.461246453970 0.525774301163
0.177322648095 0.461057327418 0.525991059906
0.175795948374 0.462195018724 0.526179590631
0.177819600938 0.460607105724 0.525991059906
0.176292901217 0.461744797029 0.525774301163
0.176593182764 0.461555670478 0.525774301163
0.176893464311 0.461366543926 0.525774301163
0.177193745859 0.461177417374 0.525776000728
0.176506069145 0.461403461706 0.525774301163
0.176806350693 0.461214335154 0.525774301163
0.177106632240 0.461025208602 0.525991059906
0.175579932519 0.462162899908 0.526179590631
0.177603585083 0.460574986908 0.525991059906
0.176076885362 0.461712678214 0.525774301163
0.176377166910 0.461523551662 0.525774301163
0.176677448457 0.461334425110 0.525774301163
0.176977730004 0.461145298559 0.525774301163
0.177278011552 0.460956172007 0.525991059906
0.175751311831 0.462093863313 0.526179590631
0.177774964395 0.460505950313 0.525991059906
0.176248264674 0.461643641618 0.525774301163
0.176548546221 0.461454515067 0.525774301163
0.176848827768 0.461265388515 0.525774301163
0.177149109316 0.461076261963 0.525991059906
0.175622409595 0.462213953269 0.526179590631
0.177646062159 0.460626040269 0.525991059906
0.176119362438 0.461763731575 0.525774301163
0.176419643985 0.461574605023 0.525774301163
0.176719925533 0.461385478471 0.525774301163
0.177020207080 0.461196351920 0.525774301163
0.177320488627 0.461007225368 0.525991059906
0.175793788906 0.462144916674 0.526179590631
0.177817441470 0.460557003674 0.525991059906
0.176290741749 0.461694694979 0.525774301163
0.176591023297 0.461505568428 0.525774301163
0.176891304844 0.461316441876 0.525774301163
0.177191586391 0.461127315324 0.525776000728
0.176503909678 0.461353359656 0.525774301163
0.176804191225 0.461164233104 0.525774301163
0.177104472773 0.460975106552 0.525991059906
0.175577773052 0.462112797858 0.526179590631
0.177601425616 0.460524884858 0.525991059906
0.176074725895 0.461662576164 0.525774301163
0.176375007442 0.461473449612 0.525774301163
0.176675288990 0.461284323060 0.525774301163
0.176975570537 0.461095196509 0.525774301163
0.177275852084 0.460906069957 0.525991059906
0.175749152363 0.462043761263 0.525841532019
0.177162860128 0.461564362536 0.525776000728
0.176475183415 0.461790406868 0.525774301163
0.176775464962 0.461601280316 0.525774301163
0.177075746509 0.461412153764 0.525776000728
0.176388069796 0.461638198096 0.525774301163
0.176688351343 0.461449071544 0.525774301163
0.176988632891 0.461259944992 0.525774301163
0.177288914438 0.461070818441 0.525991059906
0.175762214717 0.462208509746 0.526179590631
0.177785867281 0.460620596747 0.525991059906
0.176259167560 0.461758288052 0.525774301163
0.176559449107 0.461569161500 0.525774301163
0.176859730655 0.461380034949 0.525774301163
0.177160012202 0.461190908397 0.525776000728
0.176472335489 0.461416952729 0.525774301163
0.176772617036 0.461227826177 0.525774301163
0.177072898583 0.461038699625 0.525991059906
0.175546198862 0.462176390931 0.526179590631
0.177569851427 0.460588477931 0.525991059906
0.176058267544 0.461714904966 0.525841532019
0.177444255549 0.461244906215 0.525776000728
0.176776608255 0.461464366731 0.525774301163
0.177065340512 0.461282514277 0.525776000728
0.176410410309 0.461497794593 0.525774301163
0.176693694787 0.461319373318 0.525774301163
0.176974331747 0.461142619532 0.525774301163
0.177252370217 0.460967502354 0.525991059906
0.175851728271 0.462011255845 0.525841532019
0.177136917148 0.461575438821 0.525776000728
0.176517388578 0.461779082363 0.525774301163
0.176785497102 0.461610219371 0.525774301163
0.177051232985 0.461442850741 0.525776000728
0.176448007797 0.461641135242 0.525774301163
0.176709122186 0.461476677371 0.525774301163
0.176967985589 0.461313637240 0.525774301163
0.177224636484 0.461151990615 0.525776000728
0.176641859609 0.461343553608 0.525774301163
0.176894197043 0.461184623733 0.525774301163
0.177144431666 0.461027018273 0.525991059906
0.175882696360 0.461967259021 0.525841532019
0.177041473216 0.461574309245 0.525774301163
0.177285604555 0.461420547821 0.525776000728
0.176731026561 0.461602841637 0.525774301163
0.176971251798 0.461451540396 0.525774301163
0.177209570487 0.461301439958 0.525776000728
0.176668092760 0.461479427621 0.525774301163
0.176902687719 0.461331672502 0.525774301163
0.177135464112 0.461185062772 0.525776000728
0.176606482025 0.461358943027 0.525774301163
0.176835704580 0.461214571614 0.525774301163
0.177063190601 0.461071293923 0.525991059906
0.175915296073 0.461926700920 0.525841532019
0.176970301868 0.461568940676 0.525774301163
0.177192732644 0.461428846934 0.525776000728
0.176687088002 0.461595056001 0.525774301163
0.176906271613 0.461457007424 0.525774301163
0.177123866937 0.461319959198 0.525776000728
0.176629135489 0.461482581019 0.525774301163
0.176843622308 0.461347490625 0.525774301163
0.177056587945 0.461213358319 0.525776000728
0.176572308569 0.461372544468 0.525774301163
0.176782295665 0.461240288138 0.525774301163
0.176990824517 0.461108950255 0.525774301163
0.177197915240 0.460978518150 0.525991059906
0.176152230499 0.461757758771 0.525774301163
0.176356503661 0.461629101252 0.525774301163
0.176559396598 0.461501313042 0.525774301163
0.176760927838 0.461374382470 0.525774301163
0.176961115536 0.461248298102 0.525774301163
0.177159977488 0.461123048730 0.525776000728
0.176707558597 0.461271762106 0.525774301163
0.176903821047 0.461148149981 0.525774301163
0.177098809064 0.461025340532 0.525991059906
0.176113841502 0.461759334923 0.525774301163
0.176306329674 0.461638099954 0.525774301163
0.176497591806 0.461517637182 0.525774301163
0.176687643418 0.461397936833 0.525774301163
0.176876499737 0.461278989316 0.525774301163
0.177064175704 0.461160785221 0.525776000728
0.176637047311 0.461301185427 0.525774301163
0.176822406291 0.461184440642 0.525774301163
0.177006628099 0.461068412083 0.525794632553
0.176686763314 0.461610412400 0.525774301163
0.176868752131 0.461495790247 0.525774301163
0.177049644629 0.461381858590 0.525776000728
0.176637862166 0.461517214477 0.525774301163
0.176816601182 0.461404639149 0.525774301163
0.176994282571 0.461292729946 0.525774301163
0.177170918776 0.461181479034 0.525776000728
0.176768768651 0.461313668701 0.525774301163
0.176943350946 0.461203711404 0.525774301163
0.177116924095 0.461094389698 0.525776000728
0.176721707593 0.461224300233 0.525774301163
0.176893297048 0.461116227918 0.525774301163
0.177063911564 0.461008769650 0.525991059906
0.176201369348 0.461651533099 0.525774301163
0.176370066847 0.461545282228 0.525774301163
0.176537821901 0.461439624936 0.525774301163
0.176704644983 0.461334554630 0.525774301163
0.176870546391 0.461230064822 0.525774301163
0.177035536252 0.461126149134 0.525774301163
0.177199624529 0.461022801292 0.525991059906
0.176369896420 0.461641111784 0.525774301163
0.176532210770 0.461538881215 0.525774301163
0.176693652462 0.461437200274 0.525774301163
0.176854230829 0.461336063080 0.525774301163
0.177013955056 0.461235463851 0.525774301163
0.177172834182 0.461135396892 0.525776000728
0.176810899070 0.461254367593 0.525774301163
0.176968114540 0.461155348456 0.525774301163
0.177124511179 0.461056845043 0.525991059906
0.176333475054 0.461646322404 0.525774301163
0.176488259357 0.461548834491 0.525774301163
0.176642249894 0.461451846515 0.525774301163
0.176795454765 0.461355353377 0.525774301163
0.176947881946 0.461259350051 0.525774301163
0.177099539293 0.461163831591 0.525776000728
0.176753973106 0.461277421707 0.525774301163
