0.233333333333 0.766666666667 0.538126318570
0.230467061796 0.771092555405 0.535608202433
0.233264396345 0.772265609671 0.537425889666
0.234384481899 0.776105700896 0.538986073583
0.235052120678 0.779250847659 0.539444188759
0.233930132066 0.783140020836 0.537744683424
0.232617613472 0.785431347567 0.537100805401
0.232364053533 0.786345513932 0.537065112782
0.232986428334 0.786194234941 0.537125782626
0.233512467115 0.786983677720 0.537490359675
0.234446380355 0.788330687191 0.537960836634
0.235358301255 0.789851142909 0.538187656562
0.236762824715 0.790578480517 0.538743595810
0.236779145428 0.792034400512 0.538840599302
0.237213787984 0.791829756629 0.538840599302
0.237648430539 0.791625112746 0.538987311444
0.237126150959 0.793231134765 0.538935500452
0.237651717189 0.792271703329 0.538907033735
0.237343039046 0.793170421508 0.538935500452
0.237868605276 0.792210990071 0.538907033735
0.237559927133 0.793109708250 0.538864191820
0.237420388425 0.793353907040 0.538864191820
0.237280849718 0.793598105830 0.538935500452
0.237806415949 0.792638674394 0.538907033735
0.237497737805 0.793537392572 0.538864191820
0.237358199098 0.793781591363 0.538849248870
0.237335000735 0.793457639141 0.538935500452
0.237860566966 0.792498207705 0.538907033735
0.237551888822 0.793396925883 0.538864191820
0.237412350115 0.793641124674 0.538864191820
0.237272811408 0.793885323464 0.539039602586
0.237801807391 0.792275469228 0.538907033735
0.237493129247 0.793174187407 0.538864191820
0.237353590540 0.793418386197 0.538935500452
0.237879156771 0.792458954761 0.538907033735
0.237570478627 0.793357672939 0.538864191820
0.237430939920 0.793601871729 0.538864191820
0.237291401212 0.793846070520 0.539039602586
0.237820397196 0.792236216284 0.538907033735
0.237511719052 0.793134934463 0.538864191820
0.237372180345 0.793379133253 0.538864191820
0.237232641637 0.793623332043 0.538935500452
0.237758207868 0.792663900607 0.538907033735
0.237449529724 0.793562618785 0.538864191820
0.237309991017 0.793806817575 0.539039602586
0.237838987000 0.792196963340 0.538907033735
0.237530308857 0.793095681519 0.538864191820
0.237390770149 0.793339880309 0.538864191820
0.237251231442 0.793584079099 0.538935500452
0.237776797673 0.792624647663 0.538907033735
0.237468119529 0.793523365841 0.538864191820
0.237328580822 0.793767564631 0.538935500452
0.237854147052 0.792808133195 0.538864191820
0.237714608345 0.793052331985 0.538864191820
0.237575069637 0.793296530775 0.538864191820
0.237435530930 0.793540729566 0.538864191820
0.237295992223 0.793784928356 0.539039602586
0.237824988206 0.792175074120 0.538907033735
0.237516310063 0.793073792299 0.538864191820
0.237376771355 0.793317991089 0.538864191820
0.237237232648 0.793562189879 0.538935500452
0.237762798878 0.792602758443 0.538907033735
0.237454120735 0.793501476621 0.538864191820
0.237314582027 0.793745675412 0.538935500452
0.237840148258 0.792786243975 0.538907033735
0.237531470114 0.793684962154 0.538864191820
0.237391931407 0.793929160944 0.538849248870
0.237368733045 0.793605208723 0.538864191820
0.237229194337 0.793849407513 0.539039602586
0.237758190321 0.792239553277 0.538907033735
0.237449512177 0.793138271456 0.538864191820
0.237309973470 0.793382470246 0.538935500452
0.237835539700 0.792423038810 0.538907033735
0.237526861557 0.793321756988 0.538864191820
0.237387322849 0.793565955779 0.538864191820
0.237247784142 0.793810154569 0.539039602586
0.237776780125 0.792200300333 0.538907033735
0.237468101982 0.793099018512 0.538864191820
0.237328563275 0.793343217302 0.538935500452
0.237854129505 0.792383785866 0.538907033735
0.237545451362 0.793282504044 0.538864191820
0.237405912654 0.793526702834 0.538864191820
0.237266373947 0.793770901625 0.538935500452
0.237791940177 0.792811470188 0.538864191820
0.237652401470 0.793055668979 0.538864191820
0.237512862763 0.793299867769 0.538864191820
0.237373324055 0.793544066559 0.538864191820
0.237233785348 0.793788265349 0.539039602586
0.237762781331 0.792178411114 0.538907033735
0.237454103188 0.793077129292 0.538864191820
0.237314564480 0.793321328082 0.538935500452
0.237840130711 0.792361896646 0.538907033735
0.237531452567 0.793260614825 0.538864191820
0.237391913860 0.793504813615 0.538864191820
0.237252375153 0.793749012405 0.538935500452
0.237777941383 0.792789580969 0.538907033735
0.237469263240 0.793688299147 0.538864191820
0.237329724532 0.793932497937 0.539039602586
0.237858720516 0.792322643702 0.538907033735
0.237550042372 0.793221361880 0.538864191820
0.237410503665 0.793465560671 0.538864191820
0.237272346529 0.793707341651 0.538935500452
0.237787607539 0.792766722596 0.538907033735
0.237487920021 0.793639264517 0.538864191820
0.237353748187 0.793874071046 0.539039602586
0.237857553885 0.792340876536 0.538907033735
0.237566348090 0.793188723874 0.538864191820
0.237435938083 0.793416947042 0.538864191820
0.237306735576 0.793643057033 0.538935500452
0.237788906430 0.792762844706 0.538907033735
0.237508289935 0.793579861232 0.538864191820
0.237382579388 0.793799860143 0.538849248870
0.237361866565 0.793510617088 0.538864191820
0.237238380983 0.793726722212 0.538935500452
0.237699403992 0.792885115689 0.538864191820
0.237578065986 0.793097462463 0.538864191820
0.237457773997 0.793307978661 0.538864191820
0.237338510144 0.793516695576 0.538935500452
0.237783905255 0.792703618088 0.538907033735
0.237524511857 0.793458843448 0.538864191820
0.237408229601 0.793662342439 0.538864191820
0.237292908355 0.793864159621 0.539039602586
0.237726511620 0.792544606969 0.538907033735
0.237475553780 0.793275272155 0.538864191820
0.237363022564 0.793472206663 0.538864191820
0.237251391598 0.793667565696 0.538935500452
0.237668507654 0.792906112175 0.538864191820
0.237558634656 0.793098394687 0.538864191820
0.237449620041 0.793289174992 0.538864191820
0.237341450501 0.793478476379 0.538935500452
0.237745732217 0.792740452197 0.538907033735
0.237510100046 0.793426496609 0.538864191820
0.237404388904 0.793611495692 0.538864191820
0.237299472583 0.793795103805 0.539039602586
0.237694245705 0.792593720047 0.538907033735
0.237465595228 0.793259437216 0.538864191820
0.237362993237 0.793438995150 0.538864191820
0.237261140166 0.793617242443 0.538935500452
0.237641985261 0.792922002271 0.538864191820
0.237541597701 0.793097684854 0.538864191820
0.237441927196 0.793272112561 0.538864191820
0.237342963574 0.793445303193 0.538935500452
0.237713080638 0.792769647252 0.538907033735
0.237497221796 0.793398121502 0.538864191820
0.237400319916 0.793567703996 0.538864191820
0.237304086325 0.793736116954 0.538935500452
0.237664063195 0.793078972135 0.538864191820
0.237569138904 0.793245093761 0.538864191820
0.237474855994 0.793410092944 0.538864191820
0.237381205855 0.793573984749 0.538864191820
0.237288180050 0.793736783943 0.538935500452
0.237636237156 0.793101398885 0.538864191820
0.237544435375 0.793262055984 0.538864191820
0.237453233605 0.793421663037 0.538864191820
0.237362624055 0.793580233680 0.538864191820
0.237272599083 0.793737781286 0.538935500452
0.237609500512 0.793122761135 0.538864191820
0.237520622355 0.793278301765 0.538864191820
0.237432306717 0.793432857962 0.538864191820
0.237344546524 0.793586442107 0.538935500452
0.237673025418 0.792986797459 0.538864191820
0.237586355413 0.793138473726 0.538864191820
0.237500220409 0.793289213720 0.538864191820
0.237414613840 0.793439028929 0.538864191820
0.237329529262 0.793587930630 0.538935500452
0.237648054251 0.793006457032 0.538864191820
0.237563994788 0.793153564737 0.538864191820
0.237480438676 0.793299791558 0.538864191820
0.237397379922 0.793445147980 0.538864191820
0.237314812639 0.793589644306 0.538935500452
0.237623969245 0.793025272873 0.538864191820
0.237542367662 0.793168079183 0.538864191820
0.237461240507 0.793310055224 0.538864191820
0.237380582294 0.793451210594 0.538864191820
0.237300387635 0.793591554726 0.538935500452
0.237600711195 0.793043308191 0.538864191820
0.237521427839 0.793182057504 0.538864191820
0.237442592411 0.793320022922 0.538864191820
0.237364199879 0.793457213253 0.538864191820
0.237286245294 0.793593637159 0.538935500452
0.237578226533 0.793060619694 0.538864191820
0.237501133324 0.793195536153 0.538864191820
0.237424463705 0.793329711312 0.538864191820
0.237348213045 0.793463153274 0.538935500452
0.237633846866 0.792941723146 0.538864191820
0.237558420538 0.793073722492 0.538864191820
0.237483399727 0.793205012164 0.538864191820
0.237408780098 0.793335599752 0.538864191820
0.237334557381 0.793465492726 0.538935500452
0.237612634752 0.792957857045 0.538864191820
0.237539193327 0.793086382724 0.538864191820
0.237466136412 0.793214235494 0.538864191820
0.237393460002 0.793341422364 0.538864191820
0.237321160154 0.793467950234 0.538935500452
0.237592070582 0.792973397948 0.538864191820
0.237520512270 0.793098628096 0.538864191820
0.237449319052 0.793223219316 0.538864191820
0.237378487221 0.793347178093 0.538864191820
0.237308013126 0.793470510815 0.538935500452
0.237572116760 0.792988384465 0.538864191820
