0.233333333333 0.900000000000 0.548397758385
0.233207976676 0.900090598446 0.548397758385
0.233082620018 0.900181196893 0.548397758385
0.232957263360 0.900271795339 0.548397758385
0.232831906702 0.900362393785 0.548397758385
0.232706550044 0.900452992232 0.548397758385
0.232581193387 0.900543590678 0.548397758385
0.232455836729 0.900634189124 0.548183963552
0.232314745543 0.900979039776 0.547947375633
0.231975337559 0.901319684649 0.547947375633
0.231635929576 0.901660329523 0.547947375633
0.231296521593 0.902000974397 0.547137733039
0.230830576993 0.902482516900 0.547137733039
0.230364632393 0.902964059403 0.546171479750
0.229874543283 0.903477021831 0.546171479750
0.229384454173 0.903989984258 0.545244096361
0.228966225835 0.904447513565 0.545244096361
0.228547997497 0.904905042871 0.544505159721
0.228273383723 0.905258820137 0.544505159721
0.227998769948 0.905612597403 0.544505159721
0.227724156174 0.905966374668 0.544276272209
0.227538027397 0.906218544485 0.544033723642
0.227444092897 0.906464291802 0.544033723642
0.227350158398 0.906710039119 0.543997302398
0.227376654498 0.906877162857 0.543997302398
0.227403150598 0.907044286595 0.543997302398
0.227429646698 0.907211410333 0.543997302398
0.227456142798 0.907378534071 0.543997302398
0.227482638898 0.907545657809 0.543997302398
0.227509134999 0.907712781547 0.544097784500
0.227694324000 0.907824252503 0.544199988626
0.227828523645 0.907923728639 0.544199988626
0.227962723290 0.908023204775 0.544199988626
0.228096922936 0.908122680911 0.544199988626
0.228231122581 0.908222157047 0.544199988626
0.228365322226 0.908321633183 0.544199988626
0.228499521871 0.908421109319 0.544199988626
0.228633721516 0.908520585455 0.544293221824
0.228704072266 0.908613338304 0.544467077108
0.228993036760 0.908642721227 0.544467077108
0.229282001254 0.908672104151 0.544467077108
0.229570965748 0.908701487074 0.544467077108
0.229859930242 0.908730869998 0.544487830506
0.230083346415 0.908745073731 0.544487830506
0.230306762589 0.908759277465 0.544487830506
0.230530178762 0.908773481198 0.544487830506
0.230753594935 0.908787684931 0.544496388996
0.230897628627 0.908791785854 0.544496388996
0.231041662320 0.908795886776 0.544496388996
0.231185696012 0.908799987699 0.544496388996
0.231329729704 0.908804088621 0.544496388996
0.231473763396 0.908808189544 0.544496388996
0.231617797088 0.908812290466 0.544496967017
0.231672610941 0.908809827376 0.544496967017
0.231727424794 0.908807364285 0.544496967017
0.231782238647 0.908804901194 0.544496967017
0.231837052500 0.908802438104 0.544496967017
0.231891866353 0.908799975013 0.544496967017
0.231946680206 0.908797511923 0.544496967017
0.232001494059 0.908795048832 0.544496967017
0.232056307912 0.908792585742 0.544496967017
0.232111121765 0.908790122651 0.544496967017
0.232165935618 0.908787659561 0.544496967017
0.232220749471 0.908785196470 0.544496967017
0.232275563324 0.908782733380 0.544496967017
0.232330377177 0.908780270289 0.544496967017
0.232385191030 0.908777807198 0.544496967017
0.232440004883 0.908775344108 0.544496967017
0.232494818736 0.908772881017 0.544492190901
0.232455250613 0.908765699284 0.544496967017
0.232510064466 0.908763236194 0.544492190901
0.232470496343 0.908756054461 0.544496967017
0.232525310196 0.908753591370 0.544492190901
0.232485742072 0.908746409637 0.544496967017
0.232540555925 0.908743946547 0.544492190901
0.232500987802 0.908736764814 0.544492190901
0.232461419679 0.908729583081 0.544496967017
0.232516233532 0.908727119990 0.544492190901
0.232476665409 0.908719938257 0.544496967017
0.232531479262 0.908717475166 0.544492190901
0.232491911139 0.908710293433 0.544492190901
0.232452343016 0.908703111700 0.544496967017
0.232507156869 0.908700648610 0.544492190901
0.232467588745 0.908693466877 0.544496967017
0.232522402598 0.908691003786 0.544492190901
0.232482834475 0.908683822053 0.544496967017
0.232537648328 0.908681358963 0.544492190901
0.232498080205 0.908674177230 0.544492190901
0.232458512082 0.908666995497 0.544496967017
0.232513325935 0.908664532406 0.544492190901
0.232473757812 0.908657350673 0.544496967017
0.232528571665 0.908654887582 0.544492190901
0.232489003541 0.908647705849 0.544496967017
0.232543817394 0.908645242759 0.544492190901
0.232504249271 0.908638061026 0.544492190901
0.232464681148 0.908630879293 0.544496967017
0.232519495001 0.908628416202 0.544492190901
0.232479926878 0.908621234469 0.544496967017
0.232534740731 0.908618771379 0.544492190901
0.232495172608 0.908611589646 0.544492190901
0.232455604484 0.908604407913 0.544496967017
0.232509875626 0.908601969209 0.544492190901
0.232471083348 0.908594928294 0.544496967017
0.232524300681 0.908592536944 0.544492190901
0.232486254409 0.908585631432 0.544496967017
0.232538458079 0.908583285631 0.544492190901
0.232501129661 0.908576510411 0.544492190901
0.232464150106 0.908569798511 0.544496967017
0.232514903674 0.908567517872 0.544492190901
0.232478602643 0.908560929126 0.544496967017
0.232528433419 0.908558689953 0.544630482543
0.232310763551 0.908629057886 0.544496967017
0.232359704491 0.908626858698 0.544496967017
0.232408212326 0.908624678972 0.544496967017
0.232456294653 0.908622518366 0.544496967017
0.232503958873 0.908620376548 0.544492190901
0.232469848422 0.908614185399 0.544496967017
0.232516697869 0.908612080193 0.544492190901
0.232483165561 0.908605993979 0.544496967017
0.232529227623 0.908603924155 0.544492190901
0.232496254187 0.908597939377 0.544492190901
0.232463553258 0.908592004061 0.544496967017
0.232508482646 0.908589985134 0.544492190901
0.232476313440 0.908584146327 0.544496967017
0.232520518160 0.908582159963 0.544492190901
0.232488863662 0.908576414577 0.544496967017
0.232532366720 0.908574459743 0.544492190901
0.232501210717 0.908568804835 0.544492190901
0.232470298121 0.908563194106 0.544496967017
0.232512789480 0.908561284734 0.544492190901
0.232482352462 0.908555760324 0.544551215706
0.232357324767 0.908619948938 0.544496967017
0.232398850414 0.908618082960 0.544496967017
0.232440063837 0.908616231012 0.544496967017
0.232480969697 0.908614392885 0.544496967017
0.232521572551 0.908612568374 0.544492190901
0.232492478343 0.908607287687 0.544492190901
0.232463596501 0.908602045547 0.544496967017
0.232503316685 0.908600260698 0.544492190901
0.232474850409 0.908595093984 0.544496967017
0.232514003161 0.908593334634 0.544492190901
0.232485940662 0.908588241206 0.544496967017
0.232524541967 0.908586506635 0.544492190901
0.232496871951 0.908581484444 0.544492190901
0.232469394088 0.908576497129 0.544496967017
0.232507196745 0.908574798446 0.544492190901
0.232480095291 0.908569879451 0.544496967017
0.232517383626 0.908568203879 0.544492190901
0.232490648408 0.908563351357 0.544492190901
0.232464092621 0.908558531402 0.544551215706
0.232354901767 0.908614589458 0.544496967017
0.232391202332 0.908612958272 0.544496967017
0.232427264077 0.908611337818 0.544496967017
0.232463090125 0.908609727955 0.544496967017
0.232498683536 0.908608128545 0.544492190901
0.232473155715 0.908603495169 0.544496967017
0.232508292800 0.908601916265 0.544492190901
0.232483090174 0.908597341913 0.544496967017
0.232517782486 0.908595782995 0.544492190901
0.232492896874 0.908591266182 0.544492190901
0.232468166797 0.908586777598 0.544496967017
0.232502212668 0.908585247728 0.544492190901
0.232477787901 0.908580814560 0.544496967017
0.232511416031 0.908579303461 0.544492190901
0.232487289127 0.908574924356 0.544496967017
0.232520509644 0.908573431574 0.544492190901
0.232496673425 0.908569105229 0.544492190901
0.232472979938 0.908564804790 0.544496967017
0.232505607232 0.908563338664 0.544492190901
0.232482194141 0.908559089118 0.544551215706
0.232385849270 0.908608552109 0.544496967017
0.232417904155 0.908607111705 0.544496967017
0.232449772674 0.908605679676 0.544496967017
0.232481456983 0.908604255924 0.544496967017
0.232512959197 0.908602840355 0.544492190901
0.232490348841 0.908598736507 0.544492190901
0.232467866953 0.908594655977 0.544496967017
0.232498835231 0.908593264400 0.544492190901
0.232476605948 0.908589229719 0.544496967017
0.232507228213 0.908587853691 0.544492190901
0.232485245922 0.908583863839 0.544496967017
0.232515529819 0.908582503016 0.544492190901
0.232493789092 0.908578557008 0.544492190901
0.232472167166 0.908574632564 0.544496967017
0.232501957304 0.908573293928 0.544492190901
0.232480569129 0.908569411910 0.544496967017
0.232510038943 0.908568087668 0.544492190901
0.232488879519 0.908564247169 0.544496967017
0.232518035823 0.908562937014 0.544492190901
0.232497100308 0.908559137156 0.544630482543
0.232369935280 0.908600246843 0.544496967017
0.232398633633 0.908598957267 0.544496967017
0.232427182515 0.908597674407 0.544496967017
0.232455583475 0.908596398194 0.544496967017
0.232483838038 0.908595128560 0.544496967017
0.232511947706 0.908593865437 0.544492190901
0.232491759888 0.908590201287 0.544492190901
0.232471674547 0.908586555737 0.544496967017
0.232499358311 0.908585311752 0.544492190901
0.232479474832 0.908581702841 0.544496967017
