0.366666666667 0.100000000000 0.441087937547
0.348815630630 0.088333575059 0.503372949796
0.333615624824 0.084145822042 0.522379042418
0.323252111555 0.085968230046 0.517506370198
0.317735139531 0.083947626501 0.528236819713
0.297426242771 0.077088228549 0.535989546662
0.271995958713 0.078400926008 0.498025580814
0.247033356286 0.076472140806 0.513441170508
0.212506950012 0.081409659767 0.540084225368
0.160823011825 0.035995591980 0.775035383867
0.145722494271 0.049158817223 0.756318039327
0.117965162470 0.010167122715 0.751098706478
0.109424832572 -0.005133293842 1.000000000000
0.109424832572 -0.005133293842 1.000000000000
0.109424832572 -0.005133293842 1.000000000000
0.109424832572 -0.005133293842 1.000000000000
0.109424832572 -0.005133293842 1.000000000000
0.109424832572 -0.005133293842 1.000000000000
0.109424832572 -0.005133293842 1.000000000000
0.109424832572 -0.005133293842 1.000000000000
0.109424832572 -0.005133293842 1.000000000000
0.109424832572 -0.005133293842 1.000000000000
0.109424832572 -0.005133293842 1.000000000000
0.109424832572 -0.005133293842 1.000000000000
0.109424832572 -0.005133293842 1.000000000000
0.109424832572 -0.005133293842 1.000000000000
0.109424832572 -0.005133293842 1.000000000000
0.109424832572 -0.005133293842 1.000000000000
0.109424832572 -0.005133293842 1.000000000000
0.109424832572 -0.005133293842 1.000000000000
0.109424832572 -0.005133293842 1.000000000000
0.109424832572 -0.005133293842 1.000000000000
0.109424832572 -0.005133293842 1.000000000000
0.109424832572 -0.005133293842 1.000000000000
0.109424832572 -0.005133293842 1.000000000000
0.109424832572 -0.005133293842 1.000000000000
0.109424832572 -0.005133293842 1.000000000000
0.109424832572 -0.005133293842 1.000000000000
0.109424832572 -0.005133293842 1.000000000000
0.109424832572 -0.005133293842 1.000000000000
0.109424832572 -0.005133293842 1.000000000000
0.109424832572 -0.005133293842 1.000000000000
0.109424832572 -0.005133293842 1.000000000000
0.109424832572 -0.005133293842 1.000000000000
0.109424832572 -0.005133293842 1.000000000000
0.109424832572 -0.005133293842 1.000000000000
0.109424832572 -0.005133293842 1.000000000000
0.109424832572 -0.005133293842 1.000000000000
0.109424832572 -0.005133293842 1.000000000000
0.109424832572 -0.005133293842 1.000000000000
0.109424832572 -0.005133293842 1.000000000000
0.109424832572 -0.005133293842 1.000000000000
0.109424832572 -0.005133293842 1.000000000000
0.109424832572 -0.005133293842 1.000000000000
0.109424832572 -0.005133293842 1.000000000000
0.109424832572 -0.005133293842 1.000000000000
0.109424832572 -0.005133293842 1.000000000000
0.109424832572 -0.005133293842 1.000000000000
0.109424832572 -0.005133293842 1.000000000000
0.109424832572 -0.005133293842 1.000000000000
0.109424832572 -0.005133293842 1.000000000000
0.109424832572 -0.005133293842 1.000000000000
0.109424832572 -0.005133293842 1.000000000000
0.109424832572 -0.005133293842 1.000000000000
0.109424832572 -0.005133293842 1.000000000000
0.109424832572 -0.005133293842 1.000000000000
0.109424832572 -0.005133293842 1.000000000000
0.109424832572 -0.005133293842 1.000000000000
0.109424832572 -0.005133293842 1.000000000000
0.109424832572 -0.005133293842 1.000000000000
0.109424832572 -0.005133293842 1.000000000000
0.109424832572 -0.005133293842 1.000000000000
0.109424832572 -0.005133293842 1.000000000000
0.109424832572 -0.005133293842 1.000000000000
0.109424832572 -0.005133293842 1.000000000000
0.109424832572 -0.005133293842 1.000000000000
0.109424832572 -0.005133293842 1.000000000000
0.109424832572 -0.005133293842 1.000000000000
0.109424832572 -0.005133293842 1.000000000000
0.109424832572 -0.005133293842 1.000000000000
0.109424832572 -0.005133293842 1.000000000000
0.109424832572 -0.005133293842 1.000000000000
0.109424832572 -0.005133293842 1.000000000000
0.109424832572 -0.005133293842 1.000000000000
0.109424832572 -0.005133293842 1.000000000000
0.109424832572 -0.005133293842 1.000000000000
0.109424832572 -0.005133293842 1.000000000000
0.109424832572 -0.005133293842 1.000000000000
0.109424832572 -0.005133293842 1.000000000000
0.109424832572 -0.005133293842 1.000000000000
0.109424832572 -0.005133293842 1.000000000000
0.109424832572 -0.005133293842 1.000000000000
0.109424832572 -0.005133293842 1.000000000000
0.109424832572 -0.005133293842 1.000000000000
0.109424832572 -0.005133293842 1.000000000000
0.109424832572 -0.005133293842 1.000000000000
0.109424832572 -0.005133293842 1.000000000000
0.109424832572 -0.005133293842 1.000000000000
0.109424832572 -0.005133293842 1.000000000000
0.109424832572 -0.005133293842 1.000000000000
0.109424832572 -0.005133293842 1.000000000000
0.109424832572 -0.005133293842 1.000000000000
0.109424832572 -0.005133293842 1.000000000000
0.109424832572 -0.005133293842 1.000000000000
0.109424832572 -0.005133293842 1.000000000000
0.109424832572 -0.005133293842 1.000000000000
0.109424832572 -0.005133293842 1.000000000000
0.109424832572 -0.005133293842 1.000000000000
0.109424832572 -0.005133293842 1.000000000000
0.109424832572 -0.005133293842 1.000000000000
0.109424832572 -0.005133293842 1.000000000000
0.109424832572 -0.005133293842 1.000000000000
0.109424832572 -0.005133293842 1.000000000000
0.109424832572 -0.005133293842 1.000000000000
0.109424832572 -0.005133293842 1.000000000000
0.109424832572 -0.005133293842 1.000000000000
0.109424832572 -0.005133293842 1.000000000000
0.109424832572 -0.005133293842 1.000000000000
0.109424832572 -0.005133293842 1.000000000000
0.109424832572 -0.005133293842 1.000000000000
0.109424832572 -0.005133293842 1.000000000000
0.109424832572 -0.005133293842 1.000000000000
0.109424832572 -0.005133293842 1.000000000000
0.109424832572 -0.005133293842 1.000000000000
0.109424832572 -0.005133293842 1.000000000000
0.109424832572 -0.005133293842 1.000000000000
0.109424832572 -0.005133293842 1.000000000000
0.109424832572 -0.005133293842 1.000000000000
0.109424832572 -0.005133293842 1.000000000000
0.109424832572 -0.005133293842 1.000000000000
0.109424832572 -0.005133293842 1.000000000000
0.109424832572 -0.005133293842 1.000000000000
0.109424832572 -0.005133293842 1.000000000000
0.109424832572 -0.005133293842 1.000000000000
0.109424832572 -0.005133293842 1.000000000000
0.109424832572 -0.005133293842 1.000000000000
0.109424832572 -0.005133293842 1.000000000000
0.109424832572 -0.005133293842 1.000000000000
0.109424832572 -0.005133293842 1.000000000000
0.109424832572 -0.005133293842 1.000000000000
0.109424832572 -0.005133293842 1.000000000000
0.109424832572 -0.005133293842 1.000000000000
0.109424832572 -0.005133293842 1.000000000000
0.109424832572 -0.005133293842 1.000000000000
0.109424832572 -0.005133293842 1.000000000000
0.109424832572 -0.005133293842 1.000000000000
0.109424832572 -0.005133293842 1.000000000000
0.109424832572 -0.005133293842 1.000000000000
0.109424832572 -0.005133293842 1.000000000000
0.109424832572 -0.005133293842 1.000000000000
0.109424832572 -0.005133293842 1.000000000000
0.109424832572 -0.005133293842 1.000000000000
0.109424832572 -0.005133293842 1.000000000000
0.109424832572 -0.005133293842 1.000000000000
0.109424832572 -0.005133293842 1.000000000000
0.109424832572 -0.005133293842 1.000000000000
0.109424832572 -0.005133293842 1.000000000000
0.109424832572 -0.005133293842 1.000000000000
0.109424832572 -0.005133293842 1.000000000000
0.109424832572 -0.005133293842 1.000000000000
0.109424832572 -0.005133293842 1.000000000000
0.109424832572 -0.005133293842 1.000000000000
0.109424832572 -0.005133293842 1.000000000000
0.109424832572 -0.005133293842 1.000000000000
0.109424832572 -0.005133293842 1.000000000000
0.109424832572 -0.005133293842 1.000000000000
0.109424832572 -0.005133293842 1.000000000000
0.109424832572 -0.005133293842 1.000000000000
0.109424832572 -0.005133293842 1.000000000000
0.109424832572 -0.005133293842 1.000000000000
0.109424832572 -0.005133293842 1.000000000000
0.109424832572 -0.005133293842 1.000000000000
0.109424832572 -0.005133293842 1.000000000000
0.109424832572 -0.005133293842 1.000000000000
0.109424832572 -0.005133293842 1.000000000000
0.109424832572 -0.005133293842 1.000000000000
0.109424832572 -0.005133293842 1.000000000000
0.109424832572 -0.005133293842 1.000000000000
0.109424832572 -0.005133293842 1.000000000000
0.109424832572 -0.005133293842 1.000000000000
0.109424832572 -0.005133293842 1.000000000000
0.109424832572 -0.005133293842 1.000000000000
0.109424832572 -0.005133293842 1.000000000000
0.109424832572 -0.005133293842 1.000000000000
0.109424832572 -0.005133293842 1.000000000000
0.109424832572 -0.005133293842 1.000000000000
0.109424832572 -0.005133293842 1.000000000000
0.109424832572 -0.005133293842 1.000000000000
0.109424832572 -0.005133293842 1.000000000000
0.109424832572 -0.005133293842 1.000000000000
0.109424832572 -0.005133293842 1.000000000000
0.109424832572 -0.005133293842 1.000000000000
0.109424832572 -0.005133293842 1.000000000000
0.109424832572 -0.005133293842 1.000000000000
0.109424832572 -0.005133293842 1.000000000000
0.109424832572 -0.005133293842 1.000000000000
0.109424832572 -0.005133293842 1.000000000000
0.109424832572 -0.005133293842 1.000000000000
0.109424832572 -0.005133293842 1.000000000000
0.109424832572 -0.005133293842 1.000000000000
