0.366666666667 0.233333333333 0.586631303744
0.399944094747 0.254417991147 0.686029946613
0.373561073910 0.224946169744 0.657514743173
0.335028161317 0.285946474118 0.601851128085
0.368069100714 0.269611285357 0.718681692408
0.294903001607 0.233211628474 0.769968079817
0.257139022509 0.217493251862 0.642836790350
0.213010325928 0.206352598877 0.655789707903
0.227506872618 0.183272664070 0.665401804989
0.240808300525 0.191856976418 0.660689811484
0.239780413332 0.187011516797 0.659808920050
0.247285619893 0.171929092564 0.627301911806
0.250099864827 0.184775814408 0.624367632057
0.261168001229 0.172136821640 0.631100608568
0.252295217609 0.154979331485 0.591153127561
0.297349934358 0.133931252738 0.138048311611
0.340815082268 0.130504154493 0.209810553949
0.282789377775 0.137233678157 0.252893162342
0.338348706655 0.109958530081 0.369399019645
0.301249006009 0.119899068953 0.199839855270
0.266077472890 0.123102693720 0.178769931494
0.288504343929 0.082950312859 0.497375598267
0.265045027236 0.093217828808 0.404748459460
0.210743172742 0.106789039789 0.440779984697
0.256799235977 0.087440684917 0.446928251997
0.220666324749 0.093644712826 0.405637431388
0.191548820757 0.062655405212 0.622605656525
0.182641169794 0.056826285937 0.667285484506
0.174939748648 0.020289054094 0.806363049030
0.188252658800 -0.020308353858 1.000000000000
0.188252658800 -0.020308353858 1.000000000000
0.188252658800 -0.020308353858 1.000000000000
0.188252658800 -0.020308353858 1.000000000000
0.188252658800 -0.020308353858 1.000000000000
0.188252658800 -0.020308353858 1.000000000000
0.188252658800 -0.020308353858 1.000000000000
0.188252658800 -0.020308353858 1.000000000000
0.188252658800 -0.020308353858 1.000000000000
0.188252658800 -0.020308353858 1.000000000000
0.188252658800 -0.020308353858 1.000000000000
0.188252658800 -0.020308353858 1.000000000000
0.188252658800 -0.020308353858 1.000000000000
0.188252658800 -0.020308353858 1.000000000000
0.188252658800 -0.020308353858 1.000000000000
0.188252658800 -0.020308353858 1.000000000000
0.188252658800 -0.020308353858 1.000000000000
0.188252658800 -0.020308353858 1.000000000000
0.188252658800 -0.020308353858 1.000000000000
0.188252658800 -0.020308353858 1.000000000000
0.188252658800 -0.020308353858 1.000000000000
0.188252658800 -0.020308353858 1.000000000000
0.188252658800 -0.020308353858 1.000000000000
0.188252658800 -0.020308353858 1.000000000000
0.188252658800 -0.020308353858 1.000000000000
0.188252658800 -0.020308353858 1.000000000000
0.188252658800 -0.020308353858 1.000000000000
0.188252658800 -0.020308353858 1.000000000000
0.188252658800 -0.020308353858 1.000000000000
0.188252658800 -0.020308353858 1.000000000000
0.188252658800 -0.020308353858 1.000000000000
0.188252658800 -0.020308353858 1.000000000000
0.188252658800 -0.020308353858 1.000000000000
0.188252658800 -0.020308353858 1.000000000000
0.188252658800 -0.020308353858 1.000000000000
0.188252658800 -0.020308353858 1.000000000000
0.188252658800 -0.020308353858 1.000000000000
0.188252658800 -0.020308353858 1.000000000000
0.188252658800 -0.020308353858 1.000000000000
0.188252658800 -0.020308353858 1.000000000000
0.188252658800 -0.020308353858 1.000000000000
0.188252658800 -0.020308353858 1.000000000000
0.188252658800 -0.020308353858 1.000000000000
0.188252658800 -0.020308353858 1.000000000000
0.188252658800 -0.020308353858 1.000000000000
0.188252658800 -0.020308353858 1.000000000000
0.188252658800 -0.020308353858 1.000000000000
0.188252658800 -0.020308353858 1.000000000000
0.188252658800 -0.020308353858 1.000000000000
0.188252658800 -0.020308353858 1.000000000000
0.188252658800 -0.020308353858 1.000000000000
0.188252658800 -0.020308353858 1.000000000000
0.188252658800 -0.020308353858 1.000000000000
0.188252658800 -0.020308353858 1.000000000000
0.188252658800 -0.020308353858 1.000000000000
0.188252658800 -0.020308353858 1.000000000000
0.188252658800 -0.020308353858 1.000000000000
0.188252658800 -0.020308353858 1.000000000000
0.188252658800 -0.020308353858 1.000000000000
0.188252658800 -0.020308353858 1.000000000000
0.188252658800 -0.020308353858 1.000000000000
0.188252658800 -0.020308353858 1.000000000000
0.188252658800 -0.020308353858 1.000000000000
0.188252658800 -0.020308353858 1.000000000000
0.188252658800 -0.020308353858 1.000000000000
0.188252658800 -0.020308353858 1.000000000000
0.188252658800 -0.020308353858 1.000000000000
0.188252658800 -0.020308353858 1.000000000000
0.188252658800 -0.020308353858 1.000000000000
0.188252658800 -0.020308353858 1.000000000000
0.188252658800 -0.020308353858 1.000000000000
0.188252658800 -0.020308353858 1.000000000000
0.188252658800 -0.020308353858 1.000000000000
0.188252658800 -0.020308353858 1.000000000000
0.188252658800 -0.020308353858 1.000000000000
0.188252658800 -0.020308353858 1.000000000000
0.188252658800 -0.020308353858 1.000000000000
0.188252658800 -0.020308353858 1.000000000000
0.188252658800 -0.020308353858 1.000000000000
0.188252658800 -0.020308353858 1.000000000000
0.188252658800 -0.020308353858 1.000000000000
0.188252658800 -0.020308353858 1.000000000000
0.188252658800 -0.020308353858 1.000000000000
0.188252658800 -0.020308353858 1.000000000000
0.188252658800 -0.020308353858 1.000000000000
0.188252658800 -0.020308353858 1.000000000000
0.188252658800 -0.020308353858 1.000000000000
0.188252658800 -0.020308353858 1.000000000000
0.188252658800 -0.020308353858 1.000000000000
0.188252658800 -0.020308353858 1.000000000000
0.188252658800 -0.020308353858 1.000000000000
0.188252658800 -0.020308353858 1.000000000000
0.188252658800 -0.020308353858 1.000000000000
0.188252658800 -0.020308353858 1.000000000000
0.188252658800 -0.020308353858 1.000000000000
0.188252658800 -0.020308353858 1.000000000000
0.188252658800 -0.020308353858 1.000000000000
0.188252658800 -0.020308353858 1.000000000000
0.188252658800 -0.020308353858 1.000000000000
0.188252658800 -0.020308353858 1.000000000000
0.188252658800 -0.020308353858 1.000000000000
0.188252658800 -0.020308353858 1.000000000000
0.188252658800 -0.020308353858 1.000000000000
0.188252658800 -0.020308353858 1.000000000000
0.188252658800 -0.020308353858 1.000000000000
0.188252658800 -0.020308353858 1.000000000000
0.188252658800 -0.020308353858 1.000000000000
0.188252658800 -0.020308353858 1.000000000000
0.188252658800 -0.020308353858 1.000000000000
0.188252658800 -0.020308353858 1.000000000000
0.188252658800 -0.020308353858 1.000000000000
0.188252658800 -0.020308353858 1.000000000000
0.188252658800 -0.020308353858 1.000000000000
0.188252658800 -0.020308353858 1.000000000000
0.188252658800 -0.020308353858 1.000000000000
0.188252658800 -0.020308353858 1.000000000000
0.188252658800 -0.020308353858 1.000000000000
0.188252658800 -0.020308353858 1.000000000000
0.188252658800 -0.020308353858 1.000000000000
0.188252658800 -0.020308353858 1.000000000000
0.188252658800 -0.020308353858 1.000000000000
0.188252658800 -0.020308353858 1.000000000000
0.188252658800 -0.020308353858 1.000000000000
0.188252658800 -0.020308353858 1.000000000000
0.188252658800 -0.020308353858 1.000000000000
0.188252658800 -0.020308353858 1.000000000000
0.188252658800 -0.020308353858 1.000000000000
0.188252658800 -0.020308353858 1.000000000000
0.188252658800 -0.020308353858 1.000000000000
0.188252658800 -0.020308353858 1.000000000000
0.188252658800 -0.020308353858 1.000000000000
0.188252658800 -0.020308353858 1.000000000000
0.188252658800 -0.020308353858 1.000000000000
0.188252658800 -0.020308353858 1.000000000000
0.188252658800 -0.020308353858 1.000000000000
0.188252658800 -0.020308353858 1.000000000000
0.188252658800 -0.020308353858 1.000000000000
0.188252658800 -0.020308353858 1.000000000000
0.188252658800 -0.020308353858 1.000000000000
0.188252658800 -0.020308353858 1.000000000000
0.188252658800 -0.020308353858 1.000000000000
0.188252658800 -0.020308353858 1.000000000000
0.188252658800 -0.020308353858 1.000000000000
0.188252658800 -0.020308353858 1.000000000000
0.188252658800 -0.020308353858 1.000000000000
0.188252658800 -0.020308353858 1.000000000000
0.188252658800 -0.020308353858 1.000000000000
0.188252658800 -0.020308353858 1.000000000000
0.188252658800 -0.020308353858 1.000000000000
0.188252658800 -0.020308353858 1.000000000000
0.188252658800 -0.020308353858 1.000000000000
0.188252658800 -0.020308353858 1.000000000000
0.188252658800 -0.020308353858 1.000000000000
0.188252658800 -0.020308353858 1.000000000000
0.188252658800 -0.020308353858 1.000000000000
0.188252658800 -0.020308353858 1.000000000000
0.188252658800 -0.020308353858 1.000000000000
0.188252658800 -0.020308353858 1.000000000000
0.188252658800 -0.020308353858 1.000000000000
0.188252658800 -0.020308353858 1.000000000000
0.188252658800 -0.020308353858 1.000000000000
0.188252658800 -0.020308353858 1.000000000000
0.188252658800 -0.020308353858 1.000000000000
0.188252658800 -0.020308353858 1.000000000000
0.188252658800 -0.020308353858 1.000000000000
0.188252658800 -0.020308353858 1.000000000000
0.188252658800 -0.020308353858 1.000000000000
0.188252658800 -0.020308353858 1.000000000000
0.188252658800 -0.020308353858 1.000000000000
0.188252658800 -0.020308353858 1.000000000000
0.188252658800 -0.020308353858 1.000000000000
