0.366666666667 0.366666666667 0.705328928099
0.368283429120 0.367969583119 0.710781503733
0.368913027723 0.370095362521 0.713875492487
0.369500139244 0.371940504447 0.715602063887
0.370613185076 0.372591828294 0.717452703623
0.371454133791 0.373781062144 0.719526412080
0.372013290784 0.375428993384 0.721698748800
0.372256628865 0.377411088950 0.722373871621
0.372614674611 0.378552009662 0.723576852587
0.372370290239 0.379566828448 0.722618803896
0.372051154030 0.380024752513 0.722618803896
0.371732017821 0.380482676578 0.722141587660
0.371067345220 0.380765692912 0.721971966184
0.370569899761 0.380844935885 0.721959213412
0.370221061563 0.380806716735 0.721959213412
0.369872223365 0.380768497586 0.721959213412
0.369523385167 0.380730278436 0.722017069638
0.369310654689 0.380664816065 0.722017069638
0.369097924211 0.380599353694 0.722017069638
0.368885193732 0.380533891323 0.722017069638
0.368672463254 0.380468428952 0.722057383631
0.368591346043 0.380465902180 0.722057383631
0.368510228832 0.380463375408 0.722057383631
0.368429111621 0.380460848637 0.722057383631
0.368347994410 0.380458321865 0.722057383631
0.368266877199 0.380455795093 0.722057383631
0.368185759988 0.380453268321 0.722057383631
0.368104642777 0.380450741550 0.722057383631
0.368023525565 0.380448214778 0.722057383631
0.367942408354 0.380445688006 0.722057383631
0.367861291143 0.380443161234 0.722057383631
0.367780173932 0.380440634462 0.722057383631
0.367699056721 0.380438107691 0.721993980272
0.367753825881 0.380584687785 0.722057383631
0.367672708669 0.380582161014 0.721993980272
0.367727477829 0.380728741108 0.722057383631
0.367646360618 0.380726214337 0.721993980272
0.367701129777 0.380872794431 0.721993980272
0.367755898937 0.381019374526 0.722057383631
0.367674781726 0.381016847754 0.721993980272
0.367729550885 0.381163427849 0.722057383631
0.367648433674 0.381160901077 0.721993980272
0.367703202833 0.381307481172 0.721993980272
0.367757971993 0.381454061267 0.721920998704
0.367565043228 0.381272721541 0.721993980272
0.367619812388 0.381419301636 0.722037997605
0.367660361848 0.381373138426 0.722037997605
0.367700911307 0.381326975215 0.722037997605
0.367741460767 0.381280812005 0.722057383631
0.367660343556 0.381278285233 0.721993980272
0.367715112715 0.381424865328 0.721920998704
0.367522183951 0.381243525602 0.721993980272
0.367576953110 0.381390105697 0.722037997605
0.367617502570 0.381343942487 0.722037997605
0.367658052030 0.381297779276 0.721993980272
0.367712821189 0.381444359371 0.721920998704
0.367519892425 0.381263019645 0.721993980272
0.367574661584 0.381409599740 0.722037997605
0.367615211044 0.381363436530 0.722037997605
0.367655760504 0.381317273319 0.721993980272
0.367710529663 0.381463853414 0.721920998704
0.367517600899 0.381282513689 0.721993980272
0.367572370058 0.381429093783 0.722037997605
0.367612919518 0.381382930573 0.722037997605
0.367653468977 0.381336767363 0.722037997605
0.367694018437 0.381290604152 0.721993980272
0.367748787597 0.381437184247 0.721920998704
0.367555858832 0.381255844522 0.721993980272
0.367610627992 0.381402424616 0.722037997605
0.367651177451 0.381356261406 0.722037997605
0.367691726911 0.381310098195 0.721993980272
0.367746496071 0.381456678290 0.721920998704
0.367553567306 0.381275338565 0.721993980272
0.367608336465 0.381421918659 0.722037997605
0.367648885925 0.381375755449 0.722037997605
0.367689435385 0.381329592239 0.722037997605
0.367729984845 0.381283429028 0.722057383631
0.367648867634 0.381280902256 0.721993980272
0.367703636793 0.381427482351 0.722037997605
0.367744186253 0.381381319141 0.721920998704
0.367551257488 0.381199979415 0.721993980272
0.367606026648 0.381346559510 0.722037997605
0.367646576107 0.381300396300 0.721993980272
0.367701345267 0.381446976394 0.722037997605
0.367741894727 0.381400813184 0.721920998704
0.367548965962 0.381219473459 0.721993980272
0.367603735121 0.381366053553 0.722037997605
0.367644284581 0.381319890343 0.721993980272
0.367699053741 0.381466470437 0.722037997605
0.367739603200 0.381420307227 0.721920998704
0.367546674436 0.381238967502 0.721993980272
0.367601443595 0.381385547596 0.722037997605
0.367641993055 0.381339384386 0.722037997605
0.367682542515 0.381293221176 0.721993980272
0.367737311674 0.381439801270 0.721920998704
0.367544382910 0.381258461545 0.721993980272
0.367599152069 0.381405041640 0.722037997605
0.367639701529 0.381358878429 0.722037997605
0.367680250989 0.381312715219 0.721993980272
0.367735020148 0.381459295313 0.721920998704
0.367542091384 0.381277955588 0.721993980272
0.367596318274 0.381423084395 0.722037997605
0.367636072646 0.381377826345 0.722037997605
0.367675441054 0.381333007694 0.722037997605
0.367714430919 0.381288619992 0.722057383631
0.367637176432 0.381286213543 0.721993980272
0.367688845451 0.381424496651 0.722037997605
0.367726742142 0.381381353464 0.721920998704
0.367548104397 0.381213446311 0.721993980272
0.367598351332 0.381347923462 0.722037997605
0.367635214478 0.381305956907 0.721993980272
0.367684556063 0.381438011046 0.722037997605
0.367720760937 0.381396793894 0.721920998704
0.367550027517 0.381236316261 0.721993980272
0.367598070640 0.381364895291 0.722037997605
0.367633331040 0.381324753369 0.722037997605
0.367668287470 0.381284957498 0.721993980272
0.367715098718 0.381410239630 0.721920998704
0.367551599765 0.381256561897 0.721993980272
0.367597624268 0.381379738447 0.722037997605
0.367631415485 0.381341269105 0.722037997605
0.367664927435 0.381303117692 0.721993980272
0.367709820189 0.381423265310 0.721920998704
0.367552967535 0.381275834639 0.721993980272
0.367597136212 0.381394044393 0.722037997605
0.367629575779 0.381357113825 0.722037997605
0.367661757890 0.381320476356 0.721993980272
0.367704883213 0.381435893754 0.721920998704
0.367554157615 0.381294222093 0.721993980272
0.367596614328 0.381407850074 0.722037997605
0.367627806220 0.381372339912 0.722037997605
0.367658760006 0.381337100820 0.722037997605
0.367689479294 0.381302128691 0.721993980272
0.367730659113 0.381412339288 0.721920998704
0.367586682423 0.381277011135 0.721993980272
0.367627252171 0.381385588983 0.722037997605
0.367657067950 0.381351645446 0.722037997605
0.367686666096 0.381317949672 0.721993980272
0.367726353893 0.381424167132 0.721920998704
0.367587556220 0.381293706898 0.721993980272
0.367626677049 0.381398406965 0.722037997605
0.367655435531 0.381365667100 0.722037997605
0.367683991488 0.381333157797 0.722037997605
0.367712347754 0.381300875831 0.722057383631
0.367656016357 0.381299121129 0.721993980272
0.367693788191 0.381400210849 0.722037997605
0.367721561794 0.381368592212 0.721920998704
0.367590317736 0.381245231854 0.721993980272
0.367627323925 0.381344272459 0.722037997605
0.367654538328 0.381313290439 0.721993980272
0.367691051101 0.381411010502 0.722037997605
0.367717905047 0.381380438839 0.721920998704
0.367590978229 0.381261136388 0.721993980272
0.367626775065 0.381356940372 0.722037997605
0.367653105883 0.381326964261 0.722037997605
0.367679266825 0.381297181545 0.721993980272
0.367714375260 0.381391143144 0.721920998704
0.367591490697 0.381275640134 0.721993980272
0.367626154722 0.381368412346 0.722037997605
0.367651657527 0.381339378880 0.722037997605
0.367677000939 0.381310526874 0.721993980272
0.367711019051 0.381401570411 0.721920998704
0.367591927221 0.381289632309 0.721993980272
0.367625527932 0.381379558747 0.722037997605
0.367650253212 0.381351410448 0.722037997605
0.367674828642 0.381323432745 0.722037997605
0.367699256028 0.381295623582 0.721993980272
0.367732051932 0.381383396094 0.721920998704
0.367617213381 0.381275455781 0.721993980272
0.367649621168 0.381362189565 0.722037997605
0.367673473791 0.381335034735 0.722037997605
0.367697186926 0.381308038706 0.721993980272
0.367729029460 0.381393259691 0.721920998704
0.367617509943 0.381288439041 0.721993980272
0.367648986472 0.381372680474 0.722037997605
0.367672157591 0.381346301497 0.722037997605
0.367695197057 0.381320072400 0.721993980272
0.367726140085 0.381402886013 0.721920998704
0.367617753139 0.381301009763 0.721993980272
0.367648350435 0.381382898084 0.722037997605
0.367670877912 0.381357251856 0.722037997605
0.367693280929 0.381331747320 0.722037997605
0.367715560852 0.381306382918 0.722057383631
0.367671234507 0.381305002169 0.721993980272
0.367701000354 0.381384665264 0.722037997605
0.367722918981 0.381359712177 0.721920998704
0.367619193839 0.381262217701 0.721993980272
0.367648482159 0.381340602778 0.722037997605
0.367670051021 0.381316047879 0.721993980272
0.367699029412 0.381393603485 0.722037997605
0.367720371233 0.381369307058 0.721920998704
0.367619361409 0.381274364794 0.721993980272
0.367647887013 0.381350708593 0.722037997605
0.367668897095 0.381326789831 0.722037997605
0.367689798879 0.381302994362 0.721993980272
0.367717885627 0.381378163641 0.721920998704
0.367619452584 0.381285643373 0.721993980272
0.367647254188 0.381360049513 0.722037997605
0.367667733713 0.381336734760 0.722037997605
0.367688110326 0.381313537167 0.721993980272
