0.366666666667 0.500000000000 0.594513600829
0.373100216513 0.504995582976 0.597344809785
0.368635045406 0.508504508273 0.590254231503
0.360684393540 0.511425389674 0.581485633451
0.359862726598 0.515155098967 0.582072131776
0.363113664946 0.517207420279 0.585296219886
0.366808272393 0.519618653976 0.588897383480
0.368549786285 0.522698741048 0.589762711645
0.367129394378 0.527918297298 0.585393882110
0.363523992070 0.534403901600 0.579069376005
0.364776024454 0.541846242095 0.584834676980
0.364552946969 0.551058464594 0.577694238961
0.359515584252 0.550031291730 0.576732264384
0.357762287118 0.554664109792 0.571754570953
0.352284529493 0.557353248907 0.568559997856
0.348026902666 0.557381663939 0.568059520332
0.343863760479 0.559010705900 0.563354786526
0.337788804517 0.563707987935 0.557600988866
0.339881937346 0.563024773382 0.557498363921
0.339466069239 0.564243225937 0.557849389601
0.341527622385 0.563258371294 0.557893746079
0.340241348941 0.564870257322 0.557699328527
0.341530740923 0.564339853696 0.557722757672
0.341036181874 0.565031714968 0.557650993068
0.341453327238 0.565081552622 0.557722757672
0.340958768189 0.565773413894 0.557789685711
0.341927003962 0.564957801723 0.557722757672
0.341432444913 0.565649662995 0.557789685711
0.342400680687 0.564834050825 0.557722757672
0.341906121638 0.565525912097 0.557690345864
0.342037793548 0.565336667100 0.557690345864
0.342169465458 0.565147422102 0.557722757672
0.341674906409 0.565839283375 0.557690345864
0.341806578320 0.565650038377 0.557690345864
0.341938250230 0.565460793380 0.557690345864
0.342069922141 0.565271548383 0.557690345864
0.342201594051 0.565082303386 0.557722757672
0.341707035002 0.565774164658 0.557690345864
0.341838706912 0.565584919661 0.557690345864
0.341970378823 0.565395674663 0.557690345864
0.342102050733 0.565206429666 0.557690345864
0.342233722643 0.565017184669 0.557722757672
0.341739163595 0.565709045941 0.557690345864
0.341870835505 0.565519800944 0.557690345864
0.342002507415 0.565330555947 0.557690345864
0.342134179326 0.565141310950 0.557722757672
0.341639620277 0.565833172222 0.557690345864
0.341771292187 0.565643927225 0.557690345864
0.341902964097 0.565454682227 0.557690345864
0.342034636008 0.565265437230 0.557690345864
0.342166307918 0.565076192233 0.557722757672
0.341671748869 0.565768053505 0.557690345864
0.341803420780 0.565578808508 0.557690345864
0.341935092690 0.565389563511 0.557690345864
0.342066764600 0.565200318513 0.557690345864
0.342198436511 0.565011073516 0.557722757672
0.341703877462 0.565702934788 0.557690345864
0.341835549372 0.565513689791 0.557690345864
0.341967221282 0.565324444794 0.557690345864
0.342098893193 0.565135199797 0.557722757672
0.341604334144 0.565827061069 0.557690345864
0.341736006054 0.565637816072 0.557690345864
0.341867677965 0.565448571075 0.557690345864
0.341999349875 0.565259326077 0.557690345864
0.342131021785 0.565070081080 0.557722757672
0.341636462736 0.565761942352 0.557690345864
0.341768134647 0.565572697355 0.557690345864
0.341899806557 0.565383452358 0.557690345864
0.342031478468 0.565194207361 0.557690345864
0.342163150378 0.565004962363 0.557722757672
0.341668591329 0.565696823636 0.557690345864
0.341800263239 0.565507578638 0.557690345864
0.341931935150 0.565318333641 0.557690345864
0.342063607060 0.565129088644 0.557722757672
0.341569048011 0.565820949916 0.557690345864
0.341700719922 0.565631704919 0.557690345864
0.341832391832 0.565442459922 0.557690345864
0.341964063742 0.565253214924 0.557690345864
0.342095735653 0.565063969927 0.557722757672
0.341601176604 0.565755831200 0.557690345864
0.341732848514 0.565566586202 0.557690345864
0.341864520424 0.565377341205 0.557690345864
0.341996192335 0.565188096208 0.557690345864
0.342127864245 0.564998851211 0.557722757672
0.341633305196 0.565690712483 0.557690345864
0.341764977107 0.565501467486 0.557690345864
0.341896649017 0.565312222488 0.557690345864
0.342028320927 0.565122977491 0.557722757672
0.341533761878 0.565814838763 0.557690345864
0.341665433789 0.565625593766 0.557690345864
0.341797105699 0.565436348769 0.557690345864
0.341928777609 0.565247103772 0.557690345864
0.342060449520 0.565057858774 0.557722757672
0.341565890471 0.565749720047 0.557690345864
0.341697562381 0.565560475049 0.557690345864
0.341829234292 0.565371230052 0.557690345864
0.341960906202 0.565181985055 0.557690345864
0.342092578112 0.564992740058 0.557722757672
0.341598019063 0.565684601330 0.557690345864
0.341729690974 0.565495356333 0.557690345864
0.341861362884 0.565306111336 0.557690345864
0.341991731112 0.565118740051 0.557722757672
0.341506869300 0.565797035416 0.557690345864
0.341634706106 0.565613302409 0.557690345864
0.341761313712 0.565431336066 0.557690345864
0.341886715531 0.565251102735 0.557690345864
0.342010934315 0.565072569719 0.557722757672
0.341548729596 0.565719169039 0.557690345864
0.341670648032 0.565543942189 0.557690345864
0.341791447949 0.565370322926 0.557690345864
0.341911149686 0.565198282019 0.557690345864
0.342029773029 0.565027791031 0.557722757672
0.341588202449 0.565645524309 0.557690345864
0.341704726264 0.565478050861 0.557690345864
0.341820227940 0.565312046477 0.557690345864
0.341934725253 0.565147485610 0.557722757672
0.341508381245 0.565743917741 0.557690345864
0.341620921340 0.565582169880 0.557690345864
0.341732507704 0.565421792764 0.557690345864
0.341843156368 0.565262763355 0.557690345864
0.341952882960 0.565105059190 0.557722757672
0.341544156474 0.565676845366 0.557690345864
0.341652084269 0.565521726515 0.557690345864
0.341759134603 0.565367868794 0.557690345864
0.341865321627 0.565215251861 0.557690345864
0.341970659155 0.565063855863 0.557722757672
0.341578151974 0.565612952111 0.557690345864
0.341681830643 0.565463940302 0.557690345864
0.341784699323 0.565316092648 0.557690345864
0.341886770572 0.565169391100 0.557722757672
0.341506340534 0.565701592078 0.557690345864
0.341606853443 0.565557130248 0.557690345864
0.341706604890 0.565413762826 0.557690345864
0.341805606326 0.565271473355 0.557690345864
0.341903868946 0.565130245745 0.557722757672
0.341537528910 0.565642735576 0.557690345864
0.341634346491 0.565503584843 0.557690345864
0.341730457374 0.565365449808 0.557690345864
0.341825871802 0.565228315752 0.557690345864
0.341920599795 0.565092168272 0.557722757672
0.341567343332 0.565586354895 0.557690345864
0.341660727665 0.565452138585 0.557690345864
0.341753454363 0.565318867460 0.557690345864
0.341845532622 0.565186528302 0.557690345864
0.341936971448 0.565055108165 0.557722757672
0.341595896242 0.565532253870 0.557690345864
0.341686082482 0.565402634008 0.557690345864
0.341775655210 0.565273895915 0.557690345864
0.341864622717 0.565146027674 0.557722757672
0.341532703893 0.565610364098 0.557690345864
0.341620485166 0.565484200767 0.557690345864
0.341707685107 0.565358872954 0.557690345864
0.341794311364 0.565234369666 0.557690345864
0.341880371436 0.565110680126 0.557722757672
0.341559229196 0.565559940692 0.557690345864
0.341644178816 0.565437847145 0.557690345864
0.341728583887 0.565316536250 0.557690345864
0.341812451345 0.565195998035 0.557690345864
0.341895787998 0.565076222720 0.557722757672
0.341584744571 0.565511355596 0.557690345864
0.341667039515 0.565393077473 0.557690345864
0.341748823310 0.565275533996 0.557690345864
0.341830102267 0.565158716096 0.557722757672
0.341526691807 0.565583170865 0.557690345864
0.341606979558 0.565467777574 0.557690345864
0.341686780715 0.565353083636 0.557690345864
0.341766101143 0.565239080626 0.557690345864
0.341844946599 0.565125760268 0.557722757672
0.341550566212 0.565537582454 0.557690345864
0.341628478585 0.565425603166 0.557690345864
0.341705932650 0.565314282579 0.557690345864
0.341782933767 0.565203612990 0.557690345864
0.341859487204 0.565093586829 0.557722757672
0.341573614921 0.565493506639 0.557690345864
0.341649288433 0.565384745147 0.557690345864
0.341724529524 0.565276605148 0.557690345864
0.341799343110 0.565169079582 0.557722757672
0.341519931218 0.565559961656 0.557690345864
0.341593904201 0.565453644242 0.557690345864
0.341667463928 0.565347920780 0.557690345864
0.341740614989 0.565242784670 0.557690345864
0.341813361901 0.565138229423 0.557722757672
0.341541626160 0.565518372980 0.557690345864
0.341613578023 0.565414960413 0.557690345864
0.341685138844 0.565312109871 0.557690345864
0.341756312850 0.565209815278 0.557690345864
0.341827104199 0.565108070655 0.557722757672
0.341562634120 0.565478049945 0.557690345864
0.341632672370 0.565377387713 0.557690345864
0.341702340047 0.565277258085 0.557690345864
0.341771641053 0.565177655455 0.557690345864
0.341840579226 0.565078574304 0.557722757672
0.341582996388 0.565438918717 0.557690345864
0.341651220175 0.565340864314 0.557690345864
0.341719092294 0.565243315346 0.557690345864
0.341786616351 0.565146266630 0.557722757672
0.341534290305 0.565499257075 0.557690345864
0.341601128839 0.565403193625 0.557690345864
0.341667629803 0.565307615343 0.557690345864
0.341733796593 0.565212517355 0.557690345864
