0.366666666667 0.633333333333 0.584724860897
0.391189790885 0.614488117393 0.596148615611
0.392907487723 0.618347856273 0.596964262086
0.391095070598 0.621985040212 0.593278177219
0.386492037534 0.627749834469 0.586305537805
0.391614334887 0.629816806153 0.589624879280
0.392678503200 0.632355621068 0.590842700598
0.394017018951 0.634320003986 0.592378569993
0.394601337883 0.638515872924 0.591618815948
0.391889534309 0.644351474368 0.584425336031
0.390042037771 0.645384646143 0.585197206517
0.393851813494 0.640964548066 0.589100252362
0.389313852541 0.646099722942 0.586305285122
0.396954324943 0.639308647478 0.595759988838
0.395381093680 0.648442994955 0.587221657088
0.395631471939 0.654602286031 0.591374444318
0.401600515255 0.644275871978 0.600906632488
0.398460911809 0.651807837024 0.589867269390
0.395941864250 0.656521749022 0.590966863087
0.399074457675 0.644731827203 0.597282025598
0.395562460327 0.655465585249 0.592565244043
0.401780293598 0.641686122499 0.603013648856
0.401875661927 0.645798044405 0.601522747309
0.398229671479 0.651342282698 0.590382308095
0.395457767220 0.657626536955 0.596091640329
0.400974767551 0.634535285111 0.598352039444
0.405726477753 0.636197533019 0.599893164124
0.410160047725 0.634764911354 0.600958354538
0.409998664330 0.643063567497 0.599425198560
0.408098331729 0.639510540347 0.601025384892
0.409666211148 0.637135915675 0.600932726725
0.409590112164 0.642763055507 0.599797954006
0.407699003158 0.639980111910 0.601025384892
0.409266882577 0.637605487237 0.600345476296
0.410484002284 0.639293599292 0.600672761002
0.409523961438 0.640270269680 0.600717793262
0.409422733381 0.638055470293 0.600345476296
0.410639853087 0.639743582348 0.601095143214
0.408087022307 0.643164777374 0.601183928142
0.407035601424 0.638165697474 0.601028115205
0.410092927347 0.635874685272 0.600941355616
0.410053790096 0.642923406186 0.599797954006
0.408162681090 0.640140462589 0.601266360240
0.409055682184 0.636840534341 0.600091853433
0.410409479332 0.639906433399 0.600672761002
0.409449438486 0.640883103787 0.600717793262
0.409348210429 0.638668304400 0.600553785013
0.410242752896 0.638979134006 0.600821596606
0.409666955559 0.641499841260 0.600149156139
0.407978637846 0.639761719500 0.601025384892
0.409546517266 0.637387094827 0.600901814208
0.409281664388 0.641482042853 0.600645588841
0.408648422374 0.638229907724 0.600553785013
0.409542964842 0.638540737331 0.600821596606
0.408967167505 0.641061444584 0.600645588841
0.408333925491 0.637809309456 0.600211354622
0.410821465807 0.637596415701 0.601960504560
0.408934600894 0.644406543725 0.599953927837
0.407478826761 0.639494544426 0.601563063295
0.409883996478 0.636470878208 0.600932726725
0.409807897493 0.642098018040 0.599797954006
0.407916788487 0.639315074443 0.601025384892
0.409484667907 0.636940449770 0.600091853433
0.410838465055 0.640006348828 0.601095143214
0.408285634275 0.643427543853 0.601183928142
0.407234213391 0.638428463954 0.601028115205
0.410291539314 0.636137451752 0.600941355616
0.410252402063 0.643186172666 0.599425198560
0.408352069462 0.639633145517 0.601025384892
0.409919948882 0.637258520844 0.600901814208
0.409655096004 0.641353468869 0.600149156139
0.407966778291 0.639615347110 0.601025384892
0.409534657710 0.637240722437 0.600901814208
0.409269804833 0.641335670462 0.600645588841
0.408636562819 0.638083535334 0.600345476296
0.409853682525 0.639771647389 0.600672761002
0.408893641679 0.640748317777 0.600717793262
0.408792413623 0.638533518390 0.600553785013
0.409686956090 0.638844347996 0.600821596606
0.409111158753 0.641365055250 0.600645588841
0.408477916739 0.638112920122 0.600211354622
0.410965457055 0.637900026367 0.601960504560
0.409078592143 0.644710154390 0.599953927837
0.407622818010 0.639798155092 0.601025384892
0.409190697429 0.637423530419 0.600345476296
0.410407817136 0.639111642474 0.600672761002
0.409447776290 0.640088312862 0.600717793262
0.409346548233 0.637873513475 0.600345476296
0.410563667939 0.639561625530 0.601095143214
0.408010837160 0.642982820555 0.601337551837
0.407511378236 0.638336399820 0.601028115205
0.410568704159 0.636045387618 0.602587332682
0.409183168835 0.645906417819 0.599683493940
0.407906550595 0.641022682379 0.601266360240
0.408799551689 0.637722754131 0.600345476296
0.410016671395 0.639410866186 0.600672761002
0.409056630549 0.640387536574 0.600717793262
0.408955402493 0.638172737187 0.600553785013
0.409849944960 0.638483566794 0.600821596606
0.409274147623 0.641004274047 0.600717793262
0.409172919567 0.638789474660 0.600553785013
0.410058605178 0.639097226746 0.600821596606
0.409494097985 0.641568508367 0.600645588841
0.408879299913 0.638411095621 0.600553785013
0.409739436901 0.638709970242 0.600821596606
0.409191058485 0.641110643817 0.600645588841
0.408593660358 0.638042591809 0.600345476296
0.409731155411 0.639620266627 0.600672761002
0.408842228702 0.640524591060 0.600717793262
0.408749358925 0.638492665017 0.600553785013
0.409562579350 0.638775237387 0.600821596606
0.409043843011 0.641046144822 0.600717793262
0.408953460817 0.639068645370 0.600553785013
0.409745091320 0.639343715818 0.600672761002
0.408902950227 0.640200444228 0.600717793262
0.408814925829 0.638274531718 0.600553785013
0.409586083129 0.638542488275 0.600821596606
0.409093948653 0.640696938919 0.600717793262
0.409008162164 0.638819990286 0.600553785013
0.409759878524 0.639081191636 0.600821596606
0.409280047410 0.641181781014 0.600645588841
0.408756706902 0.638494066032 0.600553785013
0.409489938433 0.638748844398 0.600553785013
0.410217208732 0.639001551395 0.600821596606
0.409752856041 0.641034379825 0.600446999984
0.408669300433 0.640662102572 0.600717793262
0.408588960705 0.638904325281 0.600553785013
0.409293324853 0.639149073003 0.600684852604
0.409631919606 0.638360710027 0.600821596606
0.409185565081 0.640314746658 0.600717793262
0.409107697345 0.638611054822 0.600553785013
0.409790554191 0.638848329330 0.600821596606
0.409354344087 0.640757956037 0.600717793262
0.409278232766 0.639092693340 0.600553785013
0.409945801772 0.639324655733 0.600672761002
0.409234660405 0.640048115280 0.600684852604
0.409553337819 0.639306126597 0.600672761002
0.408852578078 0.640019024691 0.600684852604
0.409166636979 0.639287789467 0.600684852604
0.409478436464 0.638561814929 0.600553785013
0.410117395370 0.638783836076 0.600821596606
0.409709028464 0.640571571717 0.600446999984
0.408755194302 0.640243862867 0.600717793262
0.408684405451 0.638695052107 0.600553785013
0.409305615498 0.638910906001 0.600553785013
0.409922541338 0.639125271246 0.600672761002
0.409264979115 0.639794223567 0.600684852604
0.409559809920 0.639107757847 0.600672761002
0.408911133673 0.639767670271 0.600684852604
0.409202007018 0.639090418856 0.600553785013
0.409798368663 0.639297638594 0.600672761002
0.409162580024 0.639944440175 0.600684852604
0.409447712447 0.639280555564 0.600684852604
0.409730981261 0.638621010069 0.600821596606
0.409357086886 0.640257832960 0.600717793262
0.409291778462 0.638828930130 0.600553785013
0.409865203121 0.639028179878 0.600821596606
0.409498453225 0.640633725899 0.600717793262
0.409434384834 0.639231954135 0.600684852604
0.409706964258 0.638597297149 0.600821596606
0.409347090923 0.640172739182 0.600717793262
0.409284216354 0.638797087389 0.600553785013
0.409836403062 0.638988957516 0.600821596606
0.409483153162 0.640535403684 0.600717793262
0.409421428737 0.639184916253 0.600684852604
0.409684096182 0.638573337702 0.600821596606
0.409337230316 0.640091836048 0.600717793262
0.409276614714 0.638765608870 0.600553785013
0.409809080468 0.638950626493 0.600821596606
0.409468371985 0.640442169246 0.600717793262
0.409408826069 0.639139346077 0.600684852604
0.409662277112 0.638549226423 0.600821596606
0.409327511219 0.640014753896 0.600684852604
0.409578032192 0.639431456434 0.600672761002
0.409026284580 0.639992761255 0.600684852604
0.409273942456 0.639416130050 0.600684852604
0.409520193186 0.638842775159 0.600553785013
0.410025584411 0.639018385106 0.600821596606
0.409702102761 0.640434512777 0.600446999984
0.408945429850 0.640174542628 0.600717793262
0.408889192041 0.638944098524 0.600553785013
0.409383414399 0.639115827588 0.600684852604
0.409621546972 0.638561374507 0.600821596606
0.409306903619 0.639938810164 0.600684852604
0.409542447795 0.639390383747 0.600672761002
0.409023506797 0.639918313686 0.600684852604
0.409256518240 0.639375784327 0.600684852604
0.409488283633 0.638836156194 0.600553785013
0.409964104094 0.639001491091 0.600821596606
0.409659449419 0.640335198632 0.600446999984
0.408946583887 0.640090279387 0.600717793262
0.408893584905 0.638930698556 0.600553785013
0.409359492440 0.639092588976 0.600553785013
0.409822985946 0.639253640586 0.600672761002
0.409328119531 0.639757078930 0.600684852604
0.409550376600 0.639239589387 0.600672761002
0.409060559842 0.639737890605 0.600684852604
0.409280560493 0.639225654764 0.600684852604
0.409499450031 0.638716005971 0.600553785013
0.409948968859 0.638872201753 0.600821596606
