0.366666666667 0.766666666667 0.579453814751
0.366509076568 0.764273206881 0.579449911773
0.366495965956 0.765687473275 0.579466743062
0.366505185785 0.764465958271 0.579449911773
0.366492075173 0.765880224665 0.579466743062
0.366501295003 0.764658709661 0.579457395333
0.366567206701 0.764733298565 0.579457395333
0.366633118400 0.764807887468 0.579457395333
0.366699030099 0.764882476371 0.579457395333
0.366764941798 0.764957065275 0.579576989667
0.365418677752 0.766151244476 0.579768587431
0.366554182348 0.764339524893 0.579449911773
0.366541071736 0.765753791288 0.579466743062
0.366550291565 0.764532276284 0.579449911773
0.366537180953 0.765946542678 0.579466743062
0.366546400783 0.764725027674 0.579457395333
0.366612312481 0.764799616577 0.579457395333
0.366678224180 0.764874205481 0.579457395333
0.366744135879 0.764948794384 0.579576989667
0.365397871833 0.766142973586 0.579768587431
0.366533376429 0.764331254003 0.579449911773
0.366520265817 0.765745520397 0.579466743062
0.366529485647 0.764524005393 0.579449911773
0.366516375035 0.765938271787 0.579466743062
0.366525594864 0.764716756783 0.579457395333
0.366591506563 0.764791345686 0.579457395333
0.366657418261 0.764865934590 0.579457395333
0.366723329960 0.764940523493 0.579457395333
0.366789241659 0.765015112397 0.579576989667
0.365442977613 0.766209291598 0.579768587431
0.366578482209 0.764397572015 0.579449911773
0.366565371597 0.765811838410 0.579466743062
0.366574591427 0.764590323406 0.579449911773
0.366561480815 0.766004589800 0.579466743062
0.366570700644 0.764783074796 0.579457395333
0.366636612343 0.764857663699 0.579457395333
0.366702524041 0.764932252603 0.579457395333
0.366768435740 0.765006841506 0.579576989667
0.365422171695 0.766201020708 0.579768587431
0.366557676290 0.764389301125 0.579449911773
0.366544565679 0.765803567519 0.579466743062
0.366553785508 0.764582052515 0.579449911773
0.366540674896 0.765996318909 0.579466743062
0.366549894725 0.764774803905 0.579457395333
0.366615806424 0.764849392808 0.579457395333
0.366681718123 0.764923981712 0.579457395333
0.366747629821 0.764998570615 0.579576989667
0.365401365776 0.766192749817 0.579768587431
0.366536870372 0.764381030234 0.579449911773
0.366523759760 0.765795296628 0.579466743062
0.366532979589 0.764573781624 0.579449911773
0.366519868977 0.765988048018 0.579466743062
0.366529088806 0.764766533014 0.579457395333
0.366595000505 0.764841121918 0.579457395333
0.366660912204 0.764915710821 0.579457395333
0.366726823903 0.764990299725 0.579457395333
0.366792735601 0.765064888628 0.579576989667
0.365446471556 0.766259067830 0.579768587431
0.366581976152 0.764447348246 0.579449911773
0.366568865540 0.765861614641 0.579466743062
0.366578085369 0.764640099637 0.579457395333
0.366643997068 0.764714688540 0.579457395333
0.366709908767 0.764789277444 0.579457395333
0.366775820465 0.764863866347 0.579576989667
0.365429556420 0.766058045549 0.579768587431
0.366565061016 0.764246325966 0.579449911773
0.366551950404 0.765660592360 0.579466743062
0.366561170233 0.764439077356 0.579449911773
0.366548059621 0.765853343750 0.579466743062
0.366557279450 0.764631828746 0.579457395333
0.366623191149 0.764706417649 0.579457395333
0.366689102848 0.764781006553 0.579457395333
0.366755014547 0.764855595456 0.579576989667
0.365408750501 0.766049774658 0.579768587431
0.366544255097 0.764238055075 0.579449911773
0.366531144485 0.765652321469 0.579466743062
0.366540364314 0.764430806465 0.579449911773
0.366527253702 0.765845072859 0.579466743062
0.366536473531 0.764623557855 0.579457395333
0.366602385230 0.764698146759 0.579457395333
0.366668296929 0.764772735662 0.579457395333
0.366734208628 0.764847324566 0.579576989667
0.365387944582 0.766041503767 0.579768587431
0.366523449178 0.764229784184 0.579449911773
0.366510338566 0.765644050578 0.579466743062
0.366519558395 0.764422535574 0.579449911773
0.366506447783 0.765836801969 0.579466743062
0.366515667612 0.764615286964 0.579457395333
0.366581579311 0.764689875868 0.579457395333
0.366647491010 0.764764464771 0.579457395333
0.366713402709 0.764839053675 0.579457395333
0.366779314408 0.764913642578 0.579576989667
0.365433050362 0.766107821780 0.579768587431
0.366568554958 0.764296102197 0.579449911773
0.366555444346 0.765710368591 0.579466743062
0.366564664175 0.764488853587 0.579449911773
0.366551553563 0.765903119981 0.579466743062
0.366560773392 0.764681604977 0.579457395333
0.366626685091 0.764756193881 0.579457395333
0.366692596790 0.764830782784 0.579457395333
0.366758508489 0.764905371687 0.579576989667
0.365425573790 0.766087727333 0.579768587431
0.366538813590 0.764311531663 0.579449911773
0.366526084841 0.765684605832 0.579466743062
0.366534950061 0.764510072174 0.579449911773
0.366522463764 0.765856992550 0.579466743062
0.366531161716 0.764704619905 0.579457395333
0.366592761434 0.764774329160 0.579457395333
0.366653790785 0.764843392960 0.579457395333
0.366714260234 0.764911823146 0.579457395333
0.366774179960 0.764979631240 0.579576989667
0.365561329468 0.766055468359 0.579768587431
0.366575172857 0.764437861588 0.579449911773
0.366563570546 0.765689424769 0.579466743062
0.366571658115 0.764617920379 0.579457395333
0.366628972636 0.764682780295 0.579457395333
0.366685793066 0.764747081074 0.579457395333
0.366742127852 0.764810832274 0.579576989667
0.365601226118 0.765822848546 0.579768587431
0.366555431661 0.764300395115 0.579449911773
0.366544506151 0.765478950444 0.579457395333
0.366598978629 0.765540594166 0.579457395333
0.366653004612 0.765601732611 0.579466743062
0.366660500408 0.764608630982 0.579457395333
0.366713655004 0.764668783323 0.579457395333
0.366766384363 0.764728454446 0.579576989667
0.365697920834 0.765676215717 0.579768587431
0.366592018941 0.764249664864 0.579449911773
0.366581776276 0.765354560485 0.579457395333
0.366632870616 0.765412381340 0.579457395333
0.366683571923 0.765469757420 0.579457395333
0.366733886197 0.765526695514 0.579576989667
0.365713989192 0.766431376727 0.579768587431
0.366567752046 0.765069181552 0.579457395333
0.366616939881 0.765124844913 0.579457395333
0.366665763362 0.765180095952 0.579457395333
0.366714227846 0.765234940734 0.579457395333
0.366762338576 0.765289385189 0.579576989667
0.365786784919 0.766154732437 0.579466743062
0.365793417890 0.765275944664 0.579457395333
0.365840497675 0.765329222452 0.579457395333
0.365887243560 0.765382122384 0.579457395333
0.365933660250 0.765434649781 0.579457395333
0.365979752347 0.765486809853 0.579457395333
0.366025524360 0.765538607703 0.579457395333
0.366070980704 0.765590048326 0.579466743062
0.366077295655 0.764753394213 0.579457395333
0.366122133546 0.764804134964 0.579457395333
0.366166668477 0.764854532872 0.579457395333
0.366210904517 0.764904592538 0.579457395333
0.366254845649 0.764954318474 0.579457395333
0.366298495781 0.765003715099 0.579457395333
0.366341858741 0.765052786746 0.579457395333
0.366384938283 0.765101537663 0.579457395333
0.366427738087 0.765149972016 0.579457395333
0.366470261764 0.765198093889 0.579457395333
0.366512512853 0.765245907289 0.579457395333
0.366554494827 0.765293416144 0.579457395333
0.366596211092 0.765340624311 0.579457395333
0.366637664990 0.765387535571 0.579457395333
0.366678859802 0.765434153636 0.579457395333
0.366719798745 0.765480482147 0.579457395333
0.366760484979 0.765526524680 0.579576989667
0.365934556117 0.766259149957 0.579466743062
0.365940177964 0.765514323735 0.579457395333
0.365980124448 0.765559529131 0.579457395333
0.366019830291 0.765604462206 0.579466743062
0.366025351147 0.764873016095 0.579457395333
0.366064584301 0.764917414252 0.579457395333
0.366103585306 0.764961549698 0.579457395333
0.366142356893 0.765005425523 0.579457395333
0.366180901746 0.765049044765 0.579457395333
0.366219222502 0.765092410407 0.579457395333
0.366257321750 0.765135525380 0.579457395333
0.366295202036 0.765178392566 0.579457395333
0.366332865864 0.765221014796 0.579457395333
0.366370315693 0.765263394855 0.579457395333
0.366407553941 0.765305535478 0.579457395333
0.366444582985 0.765347439357 0.579457395333
0.366481405163 0.765389109135 0.579457395333
0.366518022774 0.765430547415 0.579457395333
0.366554438077 0.765471756754 0.579457395333
0.366590653296 0.765512739668 0.579457395333
0.366626670618 0.765553498631 0.579457395333
0.366662492193 0.765594036079 0.579466743062
0.366667475885 0.764933757698 0.579457395333
0.366702912282 0.764973859259 0.579457395333
0.366738159180 0.765013746373 0.579576989667
0.366022061283 0.765648948076 0.579466743062
0.366026939500 0.765002643841 0.579457395333
0.366061629867 0.765041901159 0.579457395333
0.366096138610 0.765080952941 0.579457395333
0.366130467620 0.765119801328 0.579457395333
0.366164618759 0.765158448428 0.579457395333
0.366198593862 0.765196896317 0.579457395333
0.366232394733 0.765235147036 0.579457395333
0.366266023151 0.765273202599 0.579457395333
0.366299480866 0.765311064987 0.579457395333
0.366332769603 0.765348736150 0.579457395333
0.366365891060 0.765386218011 0.579457395333
