0.366666666667 0.900000000000 0.572367499682
0.367147914971 0.900570417931 0.572927393986
0.367482053227 0.901146003585 0.573314113859
0.367938624790 0.901573993774 0.573722991758
0.368250656687 0.901984203040 0.574081971721
0.368671986395 0.902255471969 0.574081971721
0.369093316102 0.902526740898 0.574337513630
0.369384646560 0.902781208846 0.574670835610
0.369773975449 0.902916674719 0.574803899464
0.370057493082 0.903057416490 0.574803899464
0.370341010716 0.903198158260 0.574803899464
0.370624528350 0.903338900031 0.574950558134
0.370819828238 0.903502242970 0.574950558134
0.371015128126 0.903665585908 0.574950558134
0.371210428014 0.903828928847 0.575190605787
0.371505236996 0.903918761361 0.575190605787
0.371800045977 0.904008593874 0.575307396657
0.372035242420 0.904162098373 0.575307396657
0.372270438864 0.904315602872 0.575307396657
0.372505635307 0.904469107370 0.575307396657
0.372740831751 0.904622611869 0.575495396244
0.372939438205 0.904857764290 0.575731547500
0.373223423321 0.905065773135 0.575731547500
0.373507408437 0.905273781979 0.575731547500
0.373791393552 0.905481790823 0.575989735041
0.374054405113 0.905805607188 0.576276725871
0.374378341710 0.906111155864 0.576276725871
0.374702278306 0.906416704539 0.576639887068
0.375007036741 0.906857034769 0.576952620341
0.375342400399 0.907274117063 0.576952620341
0.375677764057 0.907691199356 0.577723693428
0.375982034224 0.908206571372 0.577723693428
0.376286304392 0.908721943388 0.578016628001
0.376582858851 0.909179236801 0.578524508917
0.376812124389 0.909763052774 0.578735879803
0.377017916138 0.910271701833 0.578735879803
0.377223707887 0.910780350891 0.578927680028
0.377413415878 0.911203980887 0.578927680028
0.377603123869 0.911627610882 0.579493087833
0.377702537578 0.912080203364 0.579493087833
0.377801951286 0.912532795846 0.579597250267
0.377920159024 0.912906044741 0.579597250267
0.378038366761 0.913279293635 0.579597250267
0.378156574498 0.913652542529 0.579730283819
0.378315052556 0.913961933682 0.579730283819
0.378473530614 0.914271324834 0.580094114435
0.378581448137 0.914711189627 0.580238935766
0.378774851130 0.915116688441 0.580238935766
0.378968254123 0.915522187256 0.580477039332
0.379266439480 0.915921572871 0.580477039332
0.379564624837 0.916320958486 0.580941763553
0.379875259498 0.916877973885 0.581315036093
0.380332402739 0.917465099761 0.581831893118
0.380935659022 0.918111660019 0.582541792411
0.381609908523 0.918922832096 0.584211922678
0.382517464751 0.919953817975 0.586286519909
0.383619827118 0.921149525125 0.588623782957
0.384824977120 0.922407680277 0.592116194534
0.385929687514 0.923532938539 0.594067506467
0.386794629608 0.924409318026 0.595452777060
0.387330177277 0.924960050290 0.595890463789
0.387722045135 0.925313368414 0.596171269887
0.387902325777 0.925528752135 0.596171269887
0.388082606420 0.925744135856 0.596171269887
0.388262887062 0.925959519576 0.596293628257
0.388318428873 0.926004687623 0.596293628257
0.388373970685 0.926049855670 0.596293628257
0.388429512496 0.926095023716 0.596258304053
0.388300368096 0.926036194232 0.596293628257
0.388355909907 0.926081362279 0.596258304053
0.388226765508 0.926022532794 0.596293628257
0.388282307319 0.926067700841 0.596293628257
0.388337849130 0.926112868888 0.596258304053
0.388208704730 0.926054039403 0.596293628257
0.388264246542 0.926099207450 0.596258304053
0.388135102142 0.926040377965 0.596293628257
0.388190643953 0.926085546012 0.596258304053
0.388061499554 0.926026716528 0.596171269887
0.388241780196 0.926242100248 0.596258304053
0.388112635796 0.926183270764 0.596234286934
0.388059040158 0.926301380105 0.596234286934
0.388005444519 0.926419489446 0.596234286934
0.387951848880 0.926537598787 0.596234286934
0.387898253242 0.926655708128 0.596234286934
0.387844657603 0.926773817469 0.596234286934
0.387791061964 0.926891926810 0.596234286934
0.387737466325 0.927010036151 0.596234286934
0.387683870687 0.927128145492 0.596063617627
0.387386342804 0.927199149612 0.596063617627
0.387088814921 0.927270153732 0.595886691738
0.386813191702 0.927569489872 0.595886691738
0.386537568483 0.927868826011 0.595886691738
0.386261945264 0.928168162151 0.595475019612
0.385693440742 0.928466328487 0.595065945664
0.385112245149 0.929011533420 0.593684637568
0.384199373606 0.929802081856 0.592808900544
0.383306598206 0.930806799747 0.591785552684
0.382105795219 0.931773599896 0.588508652508
0.380845205342 0.932861614794 0.586288550368
0.379611570641 0.933794880665 0.584364547301
0.378543143509 0.934480159814 0.582915228742
0.377747143506 0.934884534151 0.582002964813
0.377261214317 0.935057889520 0.581805474249
0.376980764144 0.935287130074 0.581805474249
0.376703010608 0.935514166393 0.581805474249
0.376427902343 0.935739040461 0.581530466243
0.376311001625 0.936054473495 0.581445940288
0.376267148222 0.936240841750 0.581445940288
0.376223700868 0.936425484373 0.581445940288
0.376180652114 0.936608433028 0.581445940288
0.376137994712 0.936789718512 0.581443697014
0.376177845429 0.936860101340 0.581443697014
0.376217340335 0.936929855750 0.581443697014
0.376256485729 0.936998992864 0.581443697014
0.376295287742 0.937067523512 0.581443697014
0.376333752346 0.937135458242 0.581443697014
0.376371885359 0.937202807327 0.581443697014
0.376409692449 0.937269580779 0.581443697014
0.376447179140 0.937335788355 0.581443697014
0.376484350817 0.937401439564 0.581424486170
0.376410836869 0.937311148148 0.581443697014
0.376447394138 0.937375714213 0.581443697014
0.376483651757 0.937439751048 0.581424486170
0.376411930833 0.937351661862 0.581443697014
0.376447603652 0.937414665845 0.581443697014
0.376482991088 0.937477165796 0.581424486170
0.376412977805 0.937391173972 0.581443697014
0.376447807958 0.937452689672 0.581443697014
0.376482366001 0.937513724780 0.581424486170
0.376413980934 0.937429732765 0.581443697014
0.376448007315 0.937489828872 0.581443697014
0.376481773952 0.937549466230 0.581424486170
0.376414943091 0.937467383125 0.581443697014
0.376448201960 0.937526123681 0.581443697014
0.376481212628 0.937584425874 0.581424486170
0.376415866897 0.937504166837 0.581443697014
0.376448392114 0.937561611645 0.581443697014
0.376480679921 0.937618637148 0.581424486170
0.376416754749 0.937540122874 0.581443697014
0.376448577983 0.937596327866 0.581443697014
0.376480173908 0.937652131394 0.581424486170
0.376417608847 0.937575287635 0.581443697014
0.376448759759 0.937630305198 0.581443697014
0.376479692832 0.937684938022 0.581424486170
0.376418431209 0.937609695176 0.581443697014
0.376448937620 0.937663574444 0.581443697014
0.376479235082 0.937717084676 0.581424486170
0.376419223697 0.937643377398 0.581443697014
0.376449111734 0.937696164519 0.581443697014
0.376478799180 0.937748597364 0.581398661210
0.376503371433 0.937585199390 0.581424486170
0.376444949753 0.937513444622 0.581443697014
0.376474051263 0.937564842609 0.581424486170
0.376416393265 0.937494025812 0.581443697014
0.376445116833 0.937544756292 0.581443697014
0.376473655088 0.937595159478 0.581424486170
0.376417105898 0.937525704543 0.581443697014
0.376445280608 0.937575465650 0.581443697014
0.376473276997 0.937624911814 0.581424486170
0.376417794773 0.937556767350 0.581443697014
0.376445441207 0.937605595436 0.581443697014
0.376472915925 0.937654120243 0.581424486170
0.376418461149 0.937587237713 0.581443697014
0.376445598754 0.937635167123 0.581443697014
0.376472570885 0.937682804281 0.581424486170
0.376419106196 0.937617137797 0.581443697014
0.376445753362 0.937664201013 0.581443697014
0.376472240963 0.937710982414 0.581424486170
0.376419731001 0.937646488545 0.581443697014
0.376445905140 0.937692716320 0.581443697014
0.376471925314 0.937738672166 0.581424486170
0.376420336579 0.937675309769 0.581443697014
0.376446054192 0.937720731245 0.581443697014
0.376471623149 0.937765890169 0.581398661210
0.376492806125 0.937625029847 0.581424486170
0.376442396561 0.937563115733 0.581443697014
0.376467529683 0.937607504903 0.581424486170
0.376417689719 0.937546290384 0.581443697014
0.376442540447 0.937590180799 0.581443697014
0.376467252344 0.937633826017 0.581424486170
0.376418243045 0.937573631739 0.581443697014
0.376442681882 0.937616794689 0.581443697014
0.376466986440 0.937659720480 0.581424486170
0.376418780573 0.937600512994 0.581443697014
0.376442820951 0.937642972200 0.581443697014
0.376466731381 0.937685201896 0.581424486170
0.376419303028 0.937626949370 0.581443697014
0.376442957731 0.937668727412 0.581443697014
0.376466486611 0.937710283231 0.581424486170
0.376419811089 0.937652955348 0.581443697014
0.376443092297 0.937694073737 0.581443697014
0.376466251614 0.937734976846 0.581424486170
0.376420305397 0.937678544711 0.581443697014
0.376443224721 0.937719023954 0.581443697014
0.376466025904 0.937759294541 0.581398661210
0.376484927636 0.937633603792 0.581424486170
0.376439919097 0.937578323333 0.581443697014
0.376462373054 0.937617980663 0.581424486170
0.376417819147 0.937563258593 0.581443697014
0.376440047436 0.937602517356 0.581443697014
