0.500000000000 0.100000000000 0.472263512885
0.497049572059 0.100540280763 0.466234935419
0.493701530446 0.101596584391 0.459139688580
0.490325844096 0.103072365136 0.451847522961
0.487636719102 0.104397754121 0.446316664823
0.487488890518 0.104828397757 0.446316664823
0.487341061933 0.105259041392 0.446499174657
0.488382187241 0.105410445259 0.447232795953
0.489357941573 0.105998298870 0.447892062626
0.490191230376 0.106757500149 0.449258883065
0.492145707935 0.107331771604 0.452275233554
0.494457417969 0.107576292024 0.452532284977
0.495243518080 0.107501902825 0.452411685488
0.495455361809 0.107331589363 0.452411685488
0.495667205537 0.107161275901 0.452411685488
0.495879049266 0.106990962439 0.452482293862
0.495507186787 0.107344282159 0.452411685488
0.495719030515 0.107173968697 0.452411685488
0.495930874244 0.107003655235 0.452482293862
0.495559011765 0.107356974954 0.452411685488
0.495770855494 0.107186661492 0.452411685488
0.495982699222 0.107016348030 0.452411685488
0.496194542951 0.106846034568 0.452779652996
0.495360394282 0.107104818668 0.452411685488
0.495572238011 0.106934505206 0.452482293862
0.495200375532 0.107287824926 0.452411685488
0.495412219260 0.107117511464 0.452411685488
0.495624062989 0.106947198002 0.452482293862
0.495252200510 0.107300517721 0.452411685488
0.495464044238 0.107130204259 0.452411685488
0.495675887967 0.106959890797 0.452482293862
0.495304025488 0.107313210517 0.452411685488
0.495515869217 0.107142897055 0.452411685488
0.495727712945 0.106972583593 0.452482293862
0.495355850466 0.107325903312 0.452411685488
0.495567694195 0.107155589850 0.452411685488
0.495779537923 0.106985276388 0.452482293862
0.495407675444 0.107338596108 0.452411685488
0.495619519173 0.107168282646 0.452411685488
0.495831362901 0.106997969184 0.452482293862
0.495459500422 0.107351288904 0.452411685488
0.495671344151 0.107180975442 0.452411685488
0.495883187880 0.107010661980 0.452411685488
0.496095031608 0.106840348518 0.452482293862
0.495723169129 0.107193668237 0.452411685488
0.495935012858 0.107023354775 0.452411685488
0.496146856586 0.106853041313 0.452779652996
0.495312707918 0.107111825413 0.452411685488
0.495524551646 0.106941511951 0.452482293862
0.495152689167 0.107294831671 0.452411685488
0.495364532896 0.107124518209 0.452411685488
0.495576376624 0.106954204747 0.452482293862
0.495204514145 0.107307524466 0.452411685488
0.495416357874 0.107137211004 0.452411685488
0.495628201603 0.106966897542 0.452482293862
0.495256339123 0.107320217262 0.452411685488
0.495468182852 0.107149903800 0.452411685488
0.495680026581 0.106979590338 0.452482293862
0.495308164101 0.107332910057 0.452411685488
0.495520007830 0.107162596595 0.452411685488
0.495731851559 0.106992283133 0.452482293862
0.495359989079 0.107345602853 0.452411685488
0.495571832808 0.107175289391 0.452411685488
0.495783676537 0.107004975929 0.452411685488
0.495995520266 0.106834662467 0.452482293862
0.495623657786 0.107187982187 0.452411685488
0.495835501515 0.107017668725 0.452411685488
0.496047345244 0.106847355263 0.452482293862
0.495675482764 0.107200674982 0.452411685488
0.495887326493 0.107030361520 0.452411685488
0.496099170222 0.106860048058 0.452482293862
0.495727307742 0.107213367778 0.452411685488
0.495939151471 0.107043054316 0.452411685488
0.496150995200 0.106872740854 0.452779652996
0.495316846531 0.107131524953 0.452411685488
0.495528690260 0.106961211491 0.452482293862
0.495156827780 0.107314531211 0.452411685488
0.495368671509 0.107144217749 0.452411685488
0.495580515238 0.106973904287 0.452482293862
0.495208652758 0.107327224007 0.452411685488
0.495420496487 0.107156910545 0.452411685488
0.495632340216 0.106986597083 0.452482293862
0.495260477736 0.107339916802 0.452411685488
0.495472321465 0.107169603340 0.452411685488
0.495684165194 0.106999289878 0.452482293862
0.495312302714 0.107352609598 0.452411685488
0.495524146443 0.107182296136 0.452411685488
0.495735990172 0.107011982674 0.452411685488
0.495947833901 0.106841669212 0.452482293862
0.495575971421 0.107194988932 0.452411685488
0.495787815150 0.107024675470 0.452411685488
0.495999658879 0.106854362008 0.452482293862
0.495627796399 0.107207681727 0.452411685488
0.495839640128 0.107037368265 0.452411685488
0.496051483857 0.106867054803 0.452482293862
0.495679621377 0.107220374523 0.452411685488
0.495891465106 0.107050061061 0.452411685488
0.496103308835 0.106879747599 0.452482293862
0.495731446355 0.107233067318 0.452411685488
0.495943290084 0.107062753856 0.452411685488
0.496155133813 0.106892440394 0.452779652996
0.495329244042 0.107148662275 0.452411685488
0.495536933972 0.106981688293 0.452482293862
0.495175902438 0.107324717147 0.452411685488
0.495379598332 0.107160954203 0.452411685488
0.495581354264 0.106998750905 0.452482293862
0.495230540604 0.107332071396 0.452411685488
0.495428525397 0.107172899936 0.452411685488
0.495624676998 0.107015202286 0.452411685488
0.495819029043 0.106858951403 0.452482293862
0.495480972243 0.107180151148 0.452411685488
0.495671822449 0.107026715597 0.452411685488
0.495860968636 0.106874650006 0.452482293862
0.495531886795 0.107187322324 0.452411685488
0.495717714628 0.107037924551 0.452411685488
0.495901926566 0.106889825888 0.452482293862
0.495581355463 0.107194411853 0.452411685488
0.495762418479 0.107048844792 0.452411685488
0.495941947062 0.106904511349 0.452482293862
0.495629457584 0.107201418677 0.452411685488
0.495805994024 0.107059490792 0.452411685488
0.495981071486 0.106918735864 0.452482293862
0.495676266175 0.107208342192 0.452411685488
0.495848496849 0.107069875963 0.452411685488
0.496019338566 0.106932526397 0.452482293862
0.495721848582 0.107215182172 0.452411685488
0.495889978526 0.107080012758 0.452411685488
0.496056784611 0.106945907670 0.452482293862
0.495766267049 0.107221938701 0.452411685488
0.495930486994 0.107089912761 0.452411685488
0.496093443708 0.106958902406 0.452482293862
0.495809579220 0.107228612115 0.452411685488
0.495970066894 0.107099586765 0.452411685488
0.496129347893 0.106971531531 0.452779652996
0.495506848886 0.107164653993 0.452411685488
0.495663770167 0.107038495873 0.452411685488
0.495819537614 0.106913265386 0.452482293862
0.495548105147 0.107171162992 0.452411685488
0.495701615096 0.107047747440 0.452411685488
0.495854020656 0.106925219769 0.452482293862
0.495588404599 0.107177590998 0.452411685488
0.495738648379 0.107056801308 0.452411685488
0.495887834103 0.106936862251 0.452482293862
0.495627790411 0.107183938978 0.452411685488
0.495774904112 0.107065665740 0.452411685488
0.495921003235 0.106948208180 0.452482293862
0.495666302907 0.107190207988 0.452411685488
0.495810414287 0.107074348490 0.452411685488
0.495953551941 0.106959271827 0.452482293862
0.495703979807 0.107196399155 0.452411685488
0.495845208960 0.107082856847 0.452411685488
0.495985502820 0.106970066475 0.452482293862
0.495740856452 0.107202513659 0.452411685488
0.495879316405 0.107091197671 0.452411685488
0.496016877268 0.106980604514 0.452482293862
0.495776965991 0.107208552720 0.452411685488
0.495912763253 0.107099377424 0.452411685488
0.496047695565 0.106990897511 0.452482293862
0.495812339565 0.107214517587 0.452411685488
0.495945574614 0.107107402202 0.452411685488
0.496077976945 0.107000956289 0.452482293862
0.495847006461 0.107220409531 0.452411685488
0.495977774195 0.107115277764 0.452411685488
0.496107739672 0.107010790977 0.452411685488
0.496236912678 0.106906941305 0.452779652996
0.495731368030 0.107063780154 0.452411685488
0.495858984734 0.106961181683 0.452482293862
0.495636312591 0.107172750377 0.452411685488
0.495762410048 0.107071373316 0.452411685488
0.495887761367 0.106970596120 0.452482293862
0.495669018732 0.107178431249 0.452411685488
0.495792903954 0.107078832733 0.452411685488
0.495916068912 0.106979813279 0.452482293862
0.495701119502 0.107184044330 0.452411685488
0.495822868771 0.107086163030 0.452411685488
0.495943922331 0.106988841052 0.452482293862
0.495732636831 0.107189590893 0.452411685488
0.495852322553 0.107093368598 0.452411685488
0.495971335884 0.106997686878 0.452482293862
0.495763591482 0.107195072196 0.452411685488
0.495881282443 0.107100453606 0.452411685488
0.495998323177 0.107006357770 0.452411685488
0.496114720830 0.106912778945 0.452779652996
0.495658901885 0.107054191021 0.452411685488
0.495774034347 0.106961629357 0.452482293862
0.495573027601 0.107152612990 0.452411685488
0.495686922079 0.107061046612 0.452411685488
0.495800207495 0.106969969894 0.452482293862
0.495602408304 0.107157905916 0.452411685488
0.495714494933 0.107067792973 0.452411685488
0.495825991632 0.106978154308 0.452482293862
0.495631299235 0.107163138455 0.452411685488
0.495741634510 0.107074433527 0.452411685488
0.495851398100 0.106986188210 0.452482293862
0.495659716410 0.107168311776 0.452411685488
0.495768354219 0.107080971540 0.452411685488
0.495876437755 0.106994076916 0.452482293862
0.495687675074 0.107173427028 0.452411685488
0.495794666857 0.107087410128 0.452411685488
0.495901120992 0.107001825473 0.452482293862
