0.500000000000 0.233333333333 0.694195684154
0.532066116140 0.241041580909 0.591020918204
0.526422756656 0.228702206807 0.649879547432
0.489726447382 0.206435889126 0.589305749877
0.512467742551 0.170181470587 0.141145703051
0.487724392686 0.176341814741 0.226173011073
0.557219210794 0.172808839034 0.223490123020
0.527434536149 0.174741463405 0.136685325662
0.509414185692 0.181198258041 0.232794456948
0.578382487931 0.160509048515 0.337697164257
0.548834938524 0.173539767181 0.197524596069
0.501683925142 0.193837221742 0.370548177180
0.540819206344 0.180951345380 0.118881190154
0.543679289267 0.166487479473 0.232445039964
0.511087206778 0.174551606807 0.145902639744
0.545692403430 0.167892947069 0.229392123926
0.514377077062 0.176468681992 0.156184412687
0.559455364988 0.164342432578 0.271193650605
0.528042876556 0.186595117311 0.224089585513
0.590836220462 0.169378264857 0.390289805794
0.582364732138 0.195401201506 0.160766146608
0.541084722163 0.236623382118 0.583793748274
0.507477287083 0.224014534228 0.666576403267
0.497788841612 0.262074360529 0.623162762359
0.506975330873 0.258688274956 0.625106334783
0.509697006528 0.263817064497 0.628010416532
0.507431433246 0.270180168627 0.622044523732
0.509461009393 0.276336946283 0.640787027673
0.534408552783 0.265583604842 0.618723505549
0.553725028899 0.262772247549 0.617821652521
0.566885740784 0.236965264295 0.388088535927
0.575086893693 0.182692864188 0.199797590436
0.520446453082 0.217542788470 0.691732236606
0.588437698565 0.182086474887 0.347637537337
0.564076933124 0.230900173548 0.428904305171
0.568517961227 0.177045207620 0.207284308362
0.541302909269 0.195004681553 0.268142279225
0.608073778194 0.181347159396 0.380718605551
0.584008436459 0.216027529291 0.261180953963
0.634666800962 0.181315649480 0.457660388181
0.595263368436 0.167150011471 0.408836015972
0.587109738149 0.176717430317 0.355582497372
0.578874865344 0.217766820704 0.307079501495
0.612110026525 0.179415118340 0.423197110066
0.589527122800 0.228060756784 0.320360613220
0.602716828438 0.224612234998 0.243861864448
0.660290861019 0.200844735882 0.482725173373
0.633397228986 0.175126353417 0.499212144279
0.609672806835 0.173908478228 0.415299693243
0.598354448366 0.211981777650 0.152386513028
0.623341165569 0.210567124580 0.246217625702
0.614790857901 0.211272831122 0.237753419612
0.607891175374 0.230451304837 0.274128053571
0.634043479071 0.191542362143 0.403142997197
0.612747284583 0.202381177074 0.249859027541
0.589813128052 0.219417534051 0.262446461794
0.640559365559 0.202805057317 0.364081030880
0.581277180131 0.244727233749 0.448734033117
0.661258296437 0.237735097447 0.050746992446
0.646673473355 0.250450533490 0.206703059098
0.698068719301 0.181345197172 0.457327553289
0.679838153330 0.184432415141 0.440129664207
0.666206927327 0.173280428189 0.480738724951
0.645252615478 0.171736956552 0.498071442075
0.623667063728 0.160179975053 0.519679382273
0.591789040750 0.196365313611 0.186135097620
0.509585152515 0.202005199497 0.444630060472
0.592100489169 0.207632955664 0.131309455307
0.627350032499 0.199175379912 0.325542864408
0.579465593828 0.214135157422 0.277027838031
0.646921684696 0.174819060006 0.478877511724
0.621976929038 0.162541593085 0.491186083167
0.604711108318 0.194473342181 0.255609732929
0.557497171348 0.226806058168 0.439174764395
0.604092711193 0.206453446885 0.184623319804
0.585314449666 0.250816933973 0.539643527314
0.656228451553 0.252979476930 0.170697964920
0.709730940661 0.245377167386 0.192950645851
0.679723646169 0.257634668534 0.210624836310
0.747164852482 0.229744807513 0.396383907775
0.722995373791 0.245617407572 0.246188951472
0.702777055534 0.268647111810 0.244266692824
0.750849900707 0.242171127417 0.348652703167
0.725857313435 0.246374282149 0.253216690973
0.699276119388 0.262997855597 0.201494726206
0.757162830101 0.245244566751 0.333327431174
0.739013663807 0.252435666230 0.258425783105
0.707021039652 0.269750978412 0.235715771763
0.757535395596 0.251875679269 0.315533341339
0.742472676524 0.263211338412 0.200167257770
0.711158181895 0.279721803982 0.298953273666
0.726726584824 0.259837255572 0.166336571143
0.692551112586 0.281633630737 0.312575757718
0.669259937261 0.304411621385 0.367346088055
0.659103346375 0.312566780856 0.470228849146
0.715858679701 0.247388175026 0.202382985941
0.694524791717 0.269175228789 0.281254931316
0.739078369382 0.255229242893 0.239463772360
0.706291179944 0.269152171120 0.225848427559
0.757077922724 0.249947122857 0.321167702695
0.742877121246 0.260796556655 0.212400009246
0.711640486096 0.277305811762 0.291676900246
0.733599995487 0.265932418650 0.150039392718
0.703553478520 0.282738297851 0.355178070439
0.722817078154 0.267831838564 0.159516540899
0.758888938559 0.241280580478 0.351497634205
0.737487095029 0.244721234958 0.300055093041
0.712577480023 0.262153094981 0.141571453960
0.739032540424 0.252127934843 0.258425783105
0.709681509089 0.268013542349 0.206112734447
0.760856324696 0.255957537971 0.304028218708
0.738868507741 0.263457310679 0.187524492754
0.709041614473 0.278069523908 0.300647087473
0.739505265245 0.261099320657 0.203408820880
0.710717798679 0.273769699462 0.266880028219
0.749100760107 0.270813775656 0.166512246913
0.723894054936 0.280382561257 0.267359680170
0.753369435630 0.263511083232 0.240949561596
0.719253677978 0.280009522509 0.279330015672
0.727341928292 0.269181058326 0.143501735245
0.742354658475 0.249085076375 0.291674261761
0.715584603961 0.263457813111 0.142251229440
0.741692017927 0.257619474062 0.234602168460
0.714327886879 0.269825794948 0.221747653468
0.766864450515 0.263081723260 0.287201373342
0.748225995362 0.279013023469 0.156495850348
0.762909262724 0.267398233271 0.252991047502
0.742268839699 0.283122764596 0.226327298428
0.783168626633 0.259160417606 0.349741018149
0.778031506082 0.270727371545 0.307254240353
0.769339837704 0.295632065639 0.256014777452
0.754682828136 0.360187971034 0.573153734220
0.763037530479 0.342032418706 0.424174957942
0.776021730535 0.360728862641 0.473099946073
0.811407590258 0.340105050898 0.175381750872
0.826895345416 0.313328112797 0.218425134676
0.806245600467 0.324277588911 0.103474470793
0.784708532373 0.322651991160 0.181703223112
0.825726268436 0.308010695691 0.246039903877
0.807096177394 0.311434151075 0.323546840213
0.753035743508 0.315203527318 0.281897244523
0.779081993967 0.317462658027 0.157789263277
0.808493821429 0.298148669714 0.351738454584
0.817585950938 0.267317868641 0.402600430524
0.821390920002 0.252540202203 0.411965743735
0.813625727320 0.248426260191 0.443412995184
0.807833066267 0.244364744856 0.428082696667
0.814751432632 0.259155188283 0.409219303687
0.812826613890 0.240660537641 0.430894436344
0.824864968014 0.244987548846 0.408858641220
0.826908409847 0.233861867531 0.416176608741
0.816616242098 0.234437805796 0.415809471026
0.820603266412 0.233863004487 0.414703080315
0.820389509324 0.234083068067 0.414703080315
0.820177140269 0.234301702663 0.414703080315
0.819966141337 0.234518926713 0.415114432483
0.822187188379 0.233628099128 0.414973334350
0.819599280021 0.234277883884 0.414673980715
0.820245248814 0.234255139686 0.414703080315
0.820039558031 0.234466898980 0.414840204218
0.821104864331 0.233581707584 0.414804621216
0.819836247453 0.234017493842 0.414673980715
0.820466266400 0.233995311229 0.414703080315
0.820265623243 0.234201873976 0.414703080315
0.820066203521 0.234407177194 0.414703080315
0.819867992403 0.234611236150 0.415114432483
0.821955241430 0.233774072877 0.414804621216
0.820732203602 0.234194202144 0.414703080315
0.820537531968 0.234394617190 0.414703080315
0.820344012237 0.234593846348 0.414840204218
0.821346653461 0.233760725034 0.414804621216
0.820152224704 0.234171026716 0.414703080315
0.819962080318 0.234366780947 0.414673980715
0.820552040256 0.234346008789 0.414703080315
0.820364081437 0.234539512971 0.414840204218
0.821338075769 0.233730195124 0.414804621216
0.820177579647 0.234128840507 0.414703080315
0.819992806571 0.234319064958 0.414673980715
0.820566194601 0.234298876287 0.414703080315
0.820383486028 0.234486975325 0.414840204218
0.821330424962 0.233700138529 0.414804621216
0.820201986744 0.234087771609 0.414703080315
0.820022289852 0.234272770113 0.414673980715
0.820580011542 0.234253133046 0.414703080315
0.820402267876 0.234436120697 0.414840204218
0.821323613865 0.233670549760 0.414804621216
0.820225510009 0.234047762596 0.414703080315
0.820050617846 0.234227814616 0.414703080315
0.819876655960 0.234406908912 0.414673980715
0.820416672200 0.234387895244 0.414703080315
0.820244541492 0.234565104337 0.414840204218
0.821136944675 0.233823582749 0.414804621216
0.820073156564 0.234189007684 0.414703080315
0.819903701463 0.234363462232 0.414673980715
0.820429799759 0.234344938607 0.414703080315
0.820262082659 0.234517603877 0.414840204218
0.821131720455 0.233794998656 0.414804621216
0.820094932042 0.234151148847 0.414703080315
0.819929756110 0.234321197977 0.414673980715
0.820442635855 0.234303139769 0.414703080315
