0.500000000000 0.366666666667 0.654651183760
0.498346780566 0.368764613156 0.642012787099
0.495445612137 0.371916559724 0.627462369360
0.493438241463 0.373039763743 0.625493205889
0.492134163068 0.372310071296 0.629333145139
0.491121609544 0.370338050460 0.632950229066
0.490454179672 0.368402739070 0.634228545126
0.489779383808 0.367356306703 0.635696846619
0.489529915044 0.366323221933 0.635999509797
0.489145184896 0.365783916411 0.636726796021
0.489237914158 0.364845151655 0.636743482146
0.489096004754 0.364358258860 0.637029736369
0.488637739674 0.364289880786 0.637029736369
0.488179474594 0.364221502713 0.637291294071
0.488100544925 0.363761259542 0.637572078050
0.487592388308 0.363637799209 0.637572078050
0.487084231690 0.363514338876 0.637886776191
0.486866569388 0.362997459703 0.637886776191
0.486648907085 0.362480580530 0.638348589746
0.485912089534 0.362209604766 0.638817748791
0.485377721032 0.361521011778 0.640341348991
0.484416185724 0.360548623960 0.642612645892
0.483015012026 0.359217508310 0.645636004612
0.481268486003 0.357514004288 0.653168250764
0.479440975169 0.355290808914 0.660417296905
0.478459968919 0.353110992886 0.663191838474
0.478674470520 0.351903983865 0.662185925103
0.478697662000 0.351321518938 0.662185925103
0.478720853480 0.350739054011 0.662086280576
0.478890229205 0.350566665261 0.662086280576
0.479059604929 0.350394276512 0.662086280576
0.479228980654 0.350221887762 0.662086280576
0.479398356378 0.350049499012 0.661881645769
0.479635392905 0.350267873108 0.662072030417
0.479389504636 0.350413779181 0.662086280576
0.479558880361 0.350241390431 0.662086280576
0.479728256085 0.350069001682 0.662260133597
0.479575603125 0.350627099517 0.662072030417
0.479329714857 0.350773005590 0.662086280576
0.479499090581 0.350600616840 0.662086280576
0.479668466305 0.350428228091 0.662072030417
0.479422578037 0.350574134164 0.662086280576
0.479591953762 0.350401745414 0.662072030417
0.479346065493 0.350547651487 0.662086280576
0.479515441218 0.350375262737 0.662086280576
0.479684816942 0.350202873988 0.662072030417
0.479438928674 0.350348780061 0.662086280576
0.479608304398 0.350176391311 0.662260133597
0.479455651438 0.350734489146 0.662086280576
0.479625027162 0.350562100397 0.662072030417
0.479379138894 0.350708006470 0.662086280576
0.479548514619 0.350535617720 0.662086280576
0.479717890343 0.350363228970 0.662072030417
0.479472002075 0.350509135044 0.662086280576
0.479641377799 0.350336746294 0.662072030417
0.479395489531 0.350482652367 0.662086280576
0.479564865255 0.350310263617 0.662086280576
0.479734240980 0.350137874868 0.662260133597
0.479581588019 0.350695972703 0.662072030417
0.479335699751 0.350841878776 0.662086280576
0.479505075476 0.350669490026 0.662086280576
0.479674451200 0.350497101277 0.662072030417
0.479428562932 0.350643007350 0.662086280576
0.479597938656 0.350470618600 0.662072030417
0.479352050388 0.350616524673 0.662086280576
0.479521426113 0.350444135923 0.662086280576
0.479690801837 0.350271747174 0.662072030417
0.479444913569 0.350417653247 0.662086280576
0.479614289293 0.350245264497 0.662072030417
0.479368401025 0.350391170570 0.662086280576
0.479537776749 0.350218781820 0.662086280576
0.479707152474 0.350046393071 0.662260133597
0.479554499513 0.350604490906 0.662086280576
0.479723875238 0.350432102156 0.662072030417
0.479477986970 0.350578008229 0.662086280576
0.479647362694 0.350405619480 0.662072030417
0.479401474426 0.350551525553 0.662086280576
0.479570850150 0.350379136803 0.662086280576
0.479740225875 0.350206748053 0.662072030417
0.479494337606 0.350352654126 0.662086280576
0.479663713331 0.350180265377 0.662260133597
0.479511060370 0.350738363212 0.662086280576
0.479680436095 0.350565974462 0.662072030417
0.479434547827 0.350711880535 0.662086280576
0.479603923551 0.350539491786 0.662072030417
0.479358035283 0.350685397859 0.662086280576
0.479527411007 0.350513009109 0.662086280576
0.479696786732 0.350340620359 0.662072030417
0.479450898463 0.350486526433 0.662086280576
0.479620274188 0.350314137683 0.662072030417
0.479374385920 0.350460043756 0.662086280576
0.479543761644 0.350287655006 0.662086280576
0.479713137368 0.350115266257 0.662260133597
0.479560484408 0.350673364092 0.662086280576
0.479729860132 0.350500975342 0.662072030417
0.479483971864 0.350646881415 0.662086280576
0.479653347589 0.350474492666 0.662072030417
0.479407459321 0.350620398739 0.662086280576
0.479576835045 0.350448009989 0.662072030417
0.479330946777 0.350593916062 0.662086280576
0.479500322501 0.350421527312 0.662086280576
0.479668021238 0.350250845382 0.662072030417
0.479426954309 0.350393890552 0.662086280576
0.479591396759 0.350226522833 0.662072030417
0.479354965732 0.350366817135 0.662086280576
0.479516275946 0.350202637373 0.662086280576
0.479676064365 0.350040006477 0.662260133597
0.479533398047 0.350561593239 0.662086280576
0.479690227422 0.350401974026 0.662072030417
0.479464641854 0.350535832809 0.662086280576
0.479618619786 0.350379115764 0.662072030417
0.479397098823 0.350510562676 0.662086280576
0.479548327149 0.350356644150 0.662086280576
0.479698217170 0.350204087734 0.662072030417
0.479482525707 0.350332075518 0.662086280576
0.479629808946 0.350182172257 0.662260133597
0.479498211566 0.350663291081 0.662086280576
0.479642977142 0.350515950269 0.662072030417
0.479434597254 0.350639599483 0.662086280576
0.479576929796 0.350494734988 0.662072030417
0.479372022905 0.350616323382 0.662086280576
0.479512002843 0.350473853341 0.662086280576
0.479650835404 0.350332551087 0.662072030417
0.479450926243 0.350451173911 0.662086280576
0.479587519569 0.350312150726 0.662072030417
0.479390808954 0.350428875584 0.662086280576
0.479525234133 0.350292059116 0.662086280576
0.479658600845 0.350156319943 0.662260133597
0.479539340719 0.350592333877 0.662086280576
0.479670639731 0.350458699187 0.662072030417
0.479481494909 0.350570934628 0.662086280576
0.479610789355 0.350439340163 0.662072030417
0.479424510364 0.350549875066 0.662086280576
0.479551860533 0.350420259465 0.662086280576
0.479678260327 0.350291611144 0.662072030417
0.479496120869 0.350399689717 0.662086280576
0.479620661843 0.350272933284 0.662072030417
0.479441181355 0.350379434067 0.662086280576
0.479563917387 0.350254514683 0.662086280576
0.479685770426 0.350130494000 0.662260133597
0.479576732598 0.350529135311 0.662072030417
0.479402343755 0.350632614795 0.662086280576
0.479521622434 0.350511214267 0.662086280576
0.479640066997 0.350390662694 0.662072030417
0.479469311255 0.350491986356 0.662086280576
0.479586122099 0.350373097563 0.662072030417
0.479417705477 0.350473033229 0.662086280576
0.479532927058 0.350355761971 0.662086280576
0.479647370115 0.350239283086 0.662072030417
0.479482344432 0.350337206625 0.662086280576
0.479595261582 0.350222280792 0.662072030417
0.479432421669 0.350318907331 0.662086280576
0.479543853067 0.350205493679 0.662086280576
0.479654556154 0.350092821294 0.662260133597
0.479555430855 0.350455222486 0.662086280576
0.479664705516 0.350344003938 0.662072030417
0.479507084832 0.350437533472 0.662086280576
0.479614967459 0.350327731720 0.662072030417
0.479459341972 0.350420077336 0.662086280576
0.479565867585 0.350311656739 0.662086280576
0.479671727413 0.350203913770 0.662072030417
0.479519001781 0.350294538660 0.662086280576
0.479623554697 0.350188125852 0.662260133597
0.479529902574 0.350530517162 0.662086280576
0.479633180455 0.350425402071 0.662072030417
0.479484157262 0.350513829994 0.662086280576
0.479586190831 0.350409981349 0.662072030417
0.479438952347 0.350497350255 0.662086280576
0.479539771230 0.350394737904 0.662086280576
0.479639993553 0.350292732727 0.662072030417
0.479495353395 0.350378559829 0.662086280576
0.479594403526 0.350277747694 0.662072030417
0.479451445231 0.350362576807 0.662086280576
0.479549350274 0.350262930131 0.662086280576
0.479646692644 0.350163856136 0.662260133597
0.479559462381 0.350482769185 0.662086280576
0.479655698588 0.350384821032 0.662072030417
0.479516778662 0.350467253842 0.662086280576
0.479611933564 0.350370406229 0.662072030417
0.479474565816 0.350451918002 0.662086280576
0.479568663441 0.350356146475 0.662086280576
0.479662241189 0.350260904071 0.662072030417
0.479527137745 0.350341072243 0.662086280576
0.479619692786 0.350246870741 0.662072030417
0.479486057857 0.350326167520 0.662086280576
0.479577612303 0.350232984412 0.662072030417
0.479445414309 0.350311428537 0.662086280576
0.479535989563 0.350219242040 0.662086280576
0.479626083033 0.350127545896 0.662260133597
0.479545314271 0.350422835756 0.662086280576
0.479634459389 0.350332104835 0.662072030417
0.479505722076 0.350408495450 0.662086280576
0.479593938599 0.350318709643 0.662072030417
0.479466535352 0.350394308644 0.662086280576
0.479553842426 0.350305448464 0.662086280576
0.479640701772 0.350217043977 0.662072030417
0.479515248574 0.350291485851 0.662086280576
0.479601226099 0.350203978871 0.662072030417
0.479477040105 0.350277668807 0.662086280576
0.479562153534 0.350191041295 0.661881645769
