0.500000000000 0.500000000000 0.561529517021
0.534201716602 0.484332268339 0.635615388868
0.542366628024 0.486932236644 0.617094560365
0.554178322031 0.459396107221 0.679635544217
0.551027093483 0.464125423698 0.663969694463
0.532666214390 0.474759839554 0.640915782051
0.523782438860 0.476655479868 0.598220243702
0.498069468519 0.498461328292 0.559415966314
0.521820453716 0.465779794266 0.655936515587
0.514449743700 0.457170522058 0.642853390516
0.522420126113 0.468544333180 0.646651829376
0.502635408825 0.465607731077 0.631445425020
0.510441433326 0.438012361640 0.629412578477
0.498688621956 0.440833054097 0.645513840436
0.512680663372 0.433727341209 0.642960538928
0.501802663611 0.439349745445 0.637271252357
0.503104956677 0.430752604995 0.649283063722
0.493096892680 0.434483884212 0.602408558441
0.498994931831 0.465769360544 0.651636411335
0.512541187611 0.446883873546 0.624376590519
0.515441377055 0.459224257154 0.649253256142
0.520046112604 0.474408422155 0.607487009648
0.487101921828 0.476108329530 0.612723092178
0.497777153592 0.482566132142 0.598944402683
0.475603614129 0.498733795638 0.621464726458
0.492241711558 0.493348967233 0.608743373046
0.496170250268 0.434320101331 0.624113899227
0.498973552785 0.457702073903 0.629834647205
0.502876359270 0.451238595861 0.627365914791
0.497204762468 0.433516163247 0.628601560401
0.493911564128 0.455471682907 0.624849135282
0.487814207766 0.477293718037 0.615221773719
0.494834658112 0.478586909633 0.614787089394
0.469294205206 0.485824137653 0.611672273532
0.470970639060 0.441711108370 0.667730839038
0.519564578731 0.386267863579 0.674251365511
0.514125702668 0.378743703180 0.682061378681
0.520066652939 0.383395368221 0.677327745691
0.515401927437 0.375182120207 0.676480848711
0.525613255263 0.379349227070 0.674034476649
0.528948180950 0.377667056238 0.671993897492
0.539550071999 0.376548353644 0.668820045693
0.542992647017 0.377113359747 0.669143950931
0.533737401496 0.377499922973 0.671609961303
0.550449434366 0.377019343152 0.670927293286
0.541659264364 0.379514614299 0.666990728746
0.538428465810 0.370804259557 0.663543663702
0.537704441272 0.389158914472 0.677432899146
0.538979168639 0.383062488097 0.671403640567
0.539684843081 0.367694585783 0.671929243100
0.530586245290 0.389773690003 0.675119784993
0.524714666396 0.396727587848 0.672756519511
0.530036963708 0.398023568223 0.677137041900
0.536967923720 0.401480116070 0.688596416960
0.537135498300 0.406360017860 0.683751870672
0.527797351779 0.406169550067 0.671864174503
0.513471355408 0.419013683037 0.651696042516
0.517097391619 0.410780926774 0.642053689962
0.507683726389 0.399492001962 0.663954760316
0.502455483046 0.399903948318 0.658061465845
0.497925250674 0.409814235970 0.635461718728
0.494432078109 0.419450909348 0.641265156012
0.500265285925 0.433492352182 0.638735398097
0.493256308825 0.445972687443 0.650763604393
0.494504461346 0.473957187001 0.637009798962
0.465645285426 0.487698360349 0.668163655325
0.480227990238 0.397113637159 0.644931403807
0.464586219273 0.422332671201 0.561482266040
0.465033812640 0.415644393811 0.602811322405
0.412957040104 0.425418083254 0.732916868038
0.399157964527 0.456612035467 0.696439894906
0.391582029673 0.475149289765 0.683046155030
0.342321370285 0.495778286052 0.568317526390
0.346417976452 0.505508570051 0.574318638735
0.345683921091 0.503739734248 0.575106487200
0.344170430860 0.502814571629 0.574953451021
0.344201083794 0.505686012042 0.574691447708
0.343413906551 0.506472088043 0.574526363417
0.342515599896 0.507053897864 0.574158074845
0.341462614961 0.508323471258 0.573613827912
0.339961106584 0.510108586238 0.571914442544
0.336797314030 0.512415804798 0.568978386110
0.331457623103 0.514301185444 0.565278974726
0.325821168171 0.515293982949 0.562213278078
0.323661768652 0.518409245252 0.559626953172
0.320566751461 0.520770132903 0.556427300735
0.317999889282 0.523320475728 0.554295379508
0.317659084458 0.525912759084 0.554375312653
0.318143287728 0.526691710418 0.554512232759
0.318314435453 0.526750442234 0.554512232759
0.318485583178 0.526809174051 0.554512232759
0.318656730903 0.526867905868 0.554512232759
0.318827878628 0.526926637685 0.554512232759
0.318999026354 0.526985369501 0.554512232759
0.319170174079 0.527044101318 0.554509467020
0.319041095442 0.526984526254 0.554512232759
0.319212243167 0.527043258070 0.554509467020
0.319083164530 0.526983683006 0.554509467020
0.318954085893 0.526924107941 0.554512232759
0.319125233618 0.526982839758 0.554509467020
0.318996154981 0.526923264693 0.554512232759
0.319165608174 0.526981415007 0.554509467020
0.319039060491 0.526923008081 0.554512232759
0.319205223331 0.526980029262 0.554509467020
0.319081109257 0.526922745546 0.554509467020
0.318958177222 0.526866007389 0.554512232759
0.319119637340 0.526921414764 0.554509467020
0.318999003100 0.526865737133 0.554512232759
0.319157473216 0.526920118445 0.554509467020
0.319039052448 0.526865462423 0.554512232759
0.319194641289 0.526918854983 0.554509467020
0.319078354229 0.526865183754 0.554509467020
0.318963105446 0.526811991732 0.554512232759
0.319114563609 0.526863966791 0.554509467020
0.319001336735 0.526811707962 0.554512232759
0.319150160844 0.526862779107 0.554509467020
0.319038886157 0.526811421293 0.554512232759
0.319185166264 0.526861619427 0.554509467020
0.319075777588 0.526811132084 0.554509467020
0.318967308146 0.526761069005 0.554512232759
0.319109931250 0.526810012185 0.554509467020
0.319003254690 0.526760776595 0.554512232759
0.319143539711 0.526808917428 0.554509467020
0.319038597730 0.526760482416 0.554512232759
0.319176620089 0.526807846785 0.554509467020
0.319073357179 0.526760186733 0.554509467020
0.318970913816 0.526712904936 0.554512232759
0.319105675805 0.526759150461 0.554509467020
0.319004833120 0.526712607441 0.554512232759
0.319137505775 0.526758135982 0.554509467020
0.319038214516 0.526712309009 0.554512232759
0.319168861634 0.526757142457 0.554509467020
0.319071074788 0.526712009832 0.554509467020
0.318974023181 0.526667216550 0.554512232759
0.319101745364 0.526711046264 0.554509467020
0.319006131559 0.526666916587 0.554512232759
0.319131975474 0.526710101746 0.554509467020
0.319037757491 0.526666616298 0.554512232759
0.319161777582 0.526709175585 0.554509467020
0.319068915253 0.526666315827 0.554509467020
0.318976716227 0.526623762209 0.554512232759
0.319098097592 0.526665415980 0.554509467020
0.319007197144 0.526623461709 0.554512232759
0.319126880868 0.526664532909 0.554509467020
0.319037242925 0.526623161337 0.554512232759
0.319155275839 0.526663666038 0.554509467020
0.319066865814 0.526622861199 0.554509467020
0.318979057217 0.526582333944 0.554512232759
0.319094697572 0.526622017604 0.554509467020
0.319008067614 0.526582034340 0.554512232759
0.319122166098 0.526621188884 0.554509467020
0.319036683557 0.526581735199 0.554512232759
0.319149280744 0.526620374552 0.554509467020
0.319064915622 0.526581436601 0.554512232759
0.319176050509 0.526619574145 0.554509467020
0.319092773969 0.526581138619 0.554509467020
0.319010031253 0.526542949475 0.554512232759
0.319119042543 0.526580358276 0.554509467020
0.319037347203 0.526542652539 0.554512232759
0.319144987281 0.526579590788 0.554509467020
0.319064313133 0.526542356373 0.554512232759
0.319170616068 0.526578835762 0.554509467020
0.319090937897 0.526542061031 0.554509467020
0.319011748549 0.526505511911 0.554512232759
0.319116106918 0.526541323995 0.554509467020
0.319037877441 0.526505217895 0.554512232759
0.319140978481 0.526540598508 0.554509467020
0.319063685884 0.526504924816 0.554512232759
0.319165559530 0.526539884231 0.554509467020
0.319089181638 0.526504632713 0.554509467020
0.319013253028 0.526469588558 0.554512232759
0.319113339417 0.526503934649 0.554509467020
0.319038293698 0.526469297984 0.554512232759
0.319137223019 0.526503247011 0.554509467020
0.319063039894 0.526469008468 0.554512232759
0.319160838594 0.526502569506 0.554509467020
0.319087498459 0.526468720038 0.554509467020
0.319014572676 0.526435061809 0.554512232759
0.319110723083 0.526468057212 0.554509467020
0.319038612113 0.526434775053 0.554512232759
0.319133694182 0.526467403840 0.554509467020
0.319062380018 0.526434489440 0.554512232759
0.319156417230 0.526466759669 0.554509467020
0.319085882456 0.526434204988 0.554509467020
0.319015731023 0.526401827236 0.554512232759
0.319108243306 0.526433574164 0.554509467020
0.319038846190 0.526401544559 0.554512232759
0.319130369037 0.526432951948 0.554509467020
0.319061710188 0.526401263084 0.554512232759
0.319152264540 0.526432338119 0.554509467020
0.319084328415 0.526400982822 0.554509467020
0.319016747977 0.526369791689 0.554512232759
0.319105887417 0.526400381177 0.554509467020
0.319039007294 0.526369513268 0.554512232759
0.319127227771 0.526399787400 0.554509467020
0.319061033599 0.526369236085 0.554512232759
0.319148353866 0.526399201297 0.554509467020
0.319082831716 0.526368960148 0.554509467020
0.319017640485 0.526338871731 0.554512232759
0.319103644367 0.526368385207 0.554509467020
