0.500000000000 0.900000000000 0.762747354039
0.505112098012 0.887412430435 0.696772718380
0.504510080626 0.879616475842 0.709708312350
0.503885986147 0.871572571399 0.711188539217
0.505852019037 0.866623606817 0.685099001391
0.507615871227 0.860139921666 0.677369585918
0.505666184341 0.853238692590 0.716976106493
0.500533609943 0.848271920011 0.754378190533
0.495314234033 0.846692911393 0.774825200935
0.486873118328 0.844997557555 0.797864787671
0.480815727590 0.846304431281 0.787188128757
0.481609266489 0.846777088797 0.787534292651
0.481415894392 0.847019295780 0.787188128757
0.482209433291 0.847491953296 0.787444985288
0.482221515204 0.846721247394 0.787534292651
0.482028143107 0.846963454377 0.787534292651
0.481834771010 0.847205661361 0.787534292651
0.481641398913 0.847447868344 0.787444985288
0.481653480826 0.846677162442 0.787534292651
0.481460108729 0.846919369426 0.787188128757
0.482253647628 0.847392026941 0.787444985288
0.482265729541 0.846621321039 0.787534292651
0.482072357444 0.846863528023 0.787534292651
0.481878985348 0.847105735006 0.787534292651
0.481685613251 0.847347941989 0.787444985288
0.481697695164 0.846577236087 0.787534292651
0.481504323067 0.846819443071 0.787188128757
0.482297861966 0.847292100587 0.787444985288
0.482309943879 0.846521394685 0.787534292651
0.482116571782 0.846763601668 0.787534292651
0.481923199685 0.847005808651 0.787534292651
0.481729827588 0.847248015635 0.787534292651
0.481536455491 0.847490222618 0.787444985288
0.481548537404 0.846719516716 0.787534292651
0.481355165307 0.846961723699 0.787188128757
0.482148704206 0.847434381215 0.787444985288
0.482160786119 0.846663675313 0.787534292651
0.481967414022 0.846905882297 0.787534292651
0.481774041925 0.847148089280 0.787534292651
0.481580669828 0.847390296263 0.787444985288
0.481592751741 0.846619590361 0.787534292651
0.481399379644 0.846861797345 0.787188128757
0.482192918543 0.847334454860 0.787444985288
0.482205000456 0.846563748958 0.787534292651
0.482011628359 0.846805955942 0.787534292651
0.481818256262 0.847048162925 0.787534292651
0.481624884166 0.847290369909 0.787444985288
0.481636966078 0.846519664007 0.787534292651
0.481443593982 0.846761870990 0.787188128757
0.482237132881 0.847234528506 0.787534292651
0.482043760784 0.847476735489 0.787444985288
0.482055842697 0.846706029587 0.787534292651
0.481862470600 0.846948236571 0.787534292651
0.481669098503 0.847190443554 0.787534292651
0.481475726406 0.847432650537 0.788032202900
0.482413346369 0.847007363548 0.787534292651
0.482219974272 0.847249570531 0.787534292651
0.482026602175 0.847491777514 0.787444985288
0.482038684088 0.846721071613 0.787534292651
0.481845311991 0.846963278596 0.787534292651
0.481651939894 0.847205485579 0.787534292651
0.481458567797 0.847447692563 0.788032202900
0.482396187761 0.847022405573 0.787534292651
0.482202815664 0.847264612556 0.787534292651
0.482009443567 0.847506819540 0.787444985288
0.482021525480 0.846736113638 0.787534292651
0.481828153383 0.846978320621 0.787534292651
0.481634781286 0.847220527605 0.787534292651
0.481441409189 0.847462734588 0.788032202900
0.482379029152 0.847037447599 0.787534292651
0.482185657055 0.847279654582 0.787444985288
0.482197738968 0.846508948680 0.787534292651
0.482004366871 0.846751155663 0.787534292651
0.481810994775 0.846993362647 0.787534292651
0.481617622678 0.847235569630 0.787534292651
0.481424250581 0.847477776613 0.788032202900
0.482361870544 0.847052489624 0.787534292651
0.482168498447 0.847294696607 0.787444985288
0.482180580360 0.846523990705 0.787534292651
0.481987208263 0.846766197689 0.787534292651
0.481793836166 0.847008404672 0.787534292651
0.481600464069 0.847250611655 0.787534292651
0.481407091972 0.847492818639 0.788032202900
0.482344711936 0.847067531649 0.787534292651
0.482151339839 0.847309738633 0.787444985288
0.482163421752 0.846539032731 0.787534292651
0.481970049655 0.846781239714 0.787534292651
0.481776677558 0.847023446697 0.787534292651
0.481583305461 0.847265653681 0.787534292651
0.481389933364 0.847507860664 0.788032202900
0.482327553327 0.847082573675 0.787534292651
0.482134181230 0.847324780658 0.787444985288
0.482146263143 0.846554074756 0.787534292651
0.481952891046 0.846796281739 0.787534292651
0.481759518949 0.847038488723 0.787534292651
0.481566146852 0.847280695706 0.787444985288
0.481578228765 0.846509989804 0.787534292651
0.481384856668 0.846752196788 0.787188128757
0.482178395567 0.847224854303 0.787534292651
0.481985023471 0.847467061287 0.787444985288
0.481997105384 0.846696355385 0.787534292651
0.481805647862 0.846936164279 0.787534292651
0.481616067375 0.847173622106 0.787534292651
0.481428327475 0.847408774517 0.788032202900
0.482329885132 0.846999844719 0.787534292651
0.482145721230 0.847230518037 0.787534292651
0.481963294723 0.847459015191 0.787444985288
0.481974586231 0.846738729301 0.787534292651
0.481795537993 0.846962995027 0.787534292651
0.481618132399 0.847185203268 0.787534292651
0.481442339584 0.847405391435 0.788032202900
0.482287042254 0.847022250003 0.787534292651
0.482114388596 0.847238506238 0.787534292651
0.481943262846 0.847452848701 0.787444985288
0.481953861015 0.846776790893 0.787534292651
0.481785711366 0.846987405661 0.787534292651
0.481619011282 0.847196204784 0.787534292651
0.481453735986 0.847403219300 0.788032202900
0.482248329175 0.847042806597 0.787534292651
0.482085831615 0.847246341877 0.787534292651
0.481924688200 0.847448181030 0.787444985288
0.481934673252 0.846811234004 0.787534292651
0.481776171534 0.847009764318 0.787534292651
0.481618958447 0.847206680564 0.787534292651
0.481463013207 0.847402008777 0.788032202900
0.482213109178 0.847061779185 0.787534292651
0.482059639260 0.847254006950 0.787534292651
0.481907377766 0.847444721110 0.787444985288
0.481916816761 0.846842607124 0.787534292651
0.481766915910 0.847030364476 0.787534292651
0.481618168143 0.847216677540 0.787534292651
0.481470555856 0.847401568367 0.788032202900
0.482180874010 0.847079381253 0.787534292651
0.482035481456 0.847261491767 0.787534292651
0.481891173921 0.847442243247 0.787444985288
0.481900123486 0.846871349987 0.787534292651
0.481757938120 0.847049443357 0.787534292651
0.481616790604 0.847226236775 0.787534292651
0.481476665896 0.847401749082 0.788032202900
0.482151212633 0.847095787219 0.787534292651
0.482013089706 0.847268792207 0.787534292651
0.481875946375 0.847440570210 0.787444985288
0.481884454764 0.846897819574 0.787534292651
0.481749229522 0.847067195087 0.787534292651
0.481614943343 0.847235394381 0.787534292651
0.481481583277 0.847402433680 0.788032202900
0.482123788731 0.847111141222 0.787534292651
0.481992243087 0.847275907877 0.787534292651
0.481861586264 0.847439561244 0.787444985288
0.481869694931 0.846922308961 0.787534292651
0.481740780200 0.847083780283 0.787534292651
0.481612719208 0.847244182259 0.787534292651
0.481485500723 0.847403528958 0.788032202900
0.482098324229 0.847125563606 0.787534292651
0.481972757932 0.847282840868 0.787444985288
0.481980552715 0.846785611254 0.787534292651
0.481856596242 0.846940872140 0.787534292651
0.481733429302 0.847095144104 0.787534292651
0.481611041898 0.847248439663 0.787534292651
0.481489424227 0.847400771100 0.788032202900
0.482075436704 0.847134966731 0.787534292651
0.481955329812 0.847285405851 0.787444985288
0.481962787783 0.846809661467 0.787534292651
0.481844154595 0.846958254709 0.787534292651
0.481726244779 0.847105941894 0.787534292651
0.481609049569 0.847252734005 0.787534292651
0.481492560354 0.847398641826 0.788032202900
0.482054009434 0.847143978958 0.787534292651
0.481938906995 0.847288149781 0.787444985288
0.481946056056 0.846832110786 0.787534292651
0.481832307764 0.846974585482 0.787534292651
0.481719224666 0.847116226993 0.787534292651
0.481606799029 0.847257045007 0.787534292651
0.481495023250 0.847397049043 0.788032202900
0.482033885298 0.847152631233 0.787534292651
0.481923386957 0.847291035224 0.787444985288
0.481930251680 0.846853134143 0.787534292651
0.481821001908 0.846989974247 0.787534292651
0.481712365898 0.847126045586 0.787534292651
0.481604336794 0.847261356750 0.787534292651
0.481496907851 0.847395916185 0.788032202900
0.482014929930 0.847160950997 0.787534292651
0.481908681525 0.847294031757 0.787444985288
0.481915283663 0.846872880991 0.787534292651
0.481810190133 0.847004515221 0.787534292651
0.481705664675 0.847135437915 0.787534292651
0.481601701182 0.847265656723 0.787534292651
0.481498293643 0.847395179174 0.788032202900
0.481997027666 0.847168962690 0.787534292651
0.481894714388 0.847297114533 0.787444985288
0.481901073289 0.846891479848 0.787534292651
0.481799831354 0.847018289787 0.787534292651
0.481699116720 0.847144439258 0.787534292651
0.481598923923 0.847269935104 0.787534292651
0.481499247585 0.847394784065 0.788032202900
0.481980078335 0.847176688172 0.787534292651
0.481881419102 0.847300263164 0.787444985288
0.481887552053 0.846909041894 0.787534292651
0.481789889378 0.847031368653 0.787534292651
0.481692717470 0.847153080705 0.787534292651
