0.633333333333 0.100000000000 0.578857988192
0.633448662173 0.102297578029 0.578512547714
0.633156502672 0.105028736797 0.575218954698
0.632856776135 0.107705512236 0.574845834154
0.632940277936 0.110274973549 0.575737632255
0.633437913223 0.112821831758 0.579503473335
0.634126847886 0.115583402547 0.581426975181
0.634678048853 0.118601761093 0.585435115506
0.634818445369 0.121527726366 0.585152925287
0.634535732356 0.124508135801 0.584277808849
0.634327500044 0.127493724312 0.585289146289
0.635227522648 0.130449208504 0.592783812730
0.637427724146 0.133760889824 0.608320879136
0.640585493632 0.137984928794 0.629516265530
0.641797968097 0.140691875921 0.631155958979
0.640831652103 0.140469260782 0.631198629119
0.640785826894 0.140607996408 0.631198629119
0.640740001684 0.140746732033 0.631198629119
0.640694176475 0.140885467659 0.631198629119
0.640648351265 0.141024203284 0.631198629119
0.640602526056 0.141162938909 0.630960621558
0.640161387360 0.140400459821 0.631198629119
0.640115562150 0.140539195447 0.631198629119
0.640069736941 0.140677931072 0.630879309066
0.640904906009 0.141197883363 0.630960621558
0.640463767312 0.140435404275 0.631198629119
0.640417942103 0.140574139901 0.631198629119
0.640372116893 0.140712875526 0.631198629119
0.640326291684 0.140851611152 0.631198629119
0.640280466474 0.140990346777 0.631198629119
0.640234641265 0.141129082402 0.630960621558
0.639793502568 0.140366603314 0.630879309066
0.640628671636 0.140886555606 0.631198629119
0.640582846427 0.141025291231 0.631198629119
0.640537021217 0.141164026856 0.630960621558
0.640095882521 0.140401547768 0.631198629119
0.640050057312 0.140540283394 0.630879309066
0.640885226380 0.141060235685 0.630960621558
0.640444087683 0.140297756597 0.631198629119
0.640398262474 0.140436492223 0.631198629119
0.640352437264 0.140575227848 0.631198629119
0.640306612055 0.140713963473 0.631198629119
0.640260786845 0.140852699099 0.631198629119
0.640214961636 0.140991434724 0.631198629119
0.640169136426 0.141130170349 0.630960621558
0.639727997730 0.140367691261 0.630879309066
0.640563166798 0.140887643553 0.631198629119
0.640517341588 0.141026379178 0.631198629119
0.640471516379 0.141165114804 0.630960621558
0.640030377682 0.140402635716 0.630879309066
0.640865546751 0.140922588007 0.631198629119
0.640819721541 0.141061323632 0.630960621558
0.640378582845 0.140298844544 0.631198629119
0.640332757635 0.140437580170 0.631198629119
0.640286932426 0.140576315795 0.631198629119
0.640241107216 0.140715051420 0.631198629119
0.640195282007 0.140853787046 0.631198629119
0.640149456797 0.140992522671 0.631198629119
0.640103631588 0.141131258297 0.630960621558
0.639662492891 0.140368779209 0.630879309066
0.640497661959 0.140888731500 0.631198629119
0.640451836750 0.141027467125 0.631198629119
0.640406011540 0.141166202751 0.630960621558
0.639964872844 0.140403723663 0.630879309066
0.640800041912 0.140923675954 0.631198629119
0.640754216702 0.141062411579 0.630960621558
0.640313078006 0.140299932492 0.631198629119
0.640267252797 0.140438668117 0.631198629119
0.640221427587 0.140577403742 0.631198629119
0.640175602378 0.140716139368 0.631198629119
0.640129777168 0.140854874993 0.631198629119
0.640083951959 0.140993610618 0.631198629119
0.640038126749 0.141132346244 0.631493636256
0.640460857364 0.140809587509 0.631198629119
0.640415032154 0.140948323135 0.631198629119
0.640369206945 0.141087058760 0.630960621558
0.639928068248 0.140324579672 0.630879309066
0.640763237316 0.140844531963 0.631198629119
0.640717412107 0.140983267589 0.631198629119
0.640671586897 0.141122003214 0.630960621558
0.640230448201 0.140359524126 0.631198629119
0.640184622991 0.140498259752 0.631198629119
0.640138797782 0.140636995377 0.631198629119
0.640092972572 0.140775731002 0.631198629119
0.640047147363 0.140914466628 0.630879309066
0.640882316431 0.141434418919 0.630960621558
0.640441177735 0.140671939831 0.631198629119
0.640395352525 0.140810675456 0.631198629119
0.640349527316 0.140949411082 0.631198629119
0.640303702106 0.141088146707 0.630960621558
0.639862563410 0.140325667619 0.630879309066
0.640697732478 0.140845619911 0.631198629119
0.640651907268 0.140984355536 0.631198629119
0.640606082059 0.141123091161 0.630960621558
0.640164943362 0.140360612073 0.631198629119
0.640119118153 0.140499347699 0.631198629119
0.640073292943 0.140638083324 0.630879309066
0.640908462011 0.141158035615 0.630960621558
0.640467323315 0.140395556527 0.631198629119
0.640421498105 0.140534292153 0.631198629119
0.640375672896 0.140673027778 0.631198629119
0.640330301401 0.140810389783 0.631198629119
0.640285374725 0.140946405102 0.631198629119
0.640240884231 0.141081099884 0.630960621558
0.639816712407 0.140347946915 0.630879309066
0.640612111520 0.140843139574 0.631198629119
0.640568880190 0.140974022239 0.631198629119
0.640526052891 0.141103681702 0.630960621558
0.640117591136 0.140397682547 0.631198629119
0.640075549659 0.140524962937 0.630879309066
0.640834794266 0.140997646838 0.631198629119
0.640793510294 0.141122633888 0.630960621558
0.640399636458 0.140441848988 0.631198629119
0.640359083175 0.140564623878 0.631198629119
0.640318885623 0.140686321795 0.631198629119
0.640279037614 0.140806961469 0.631198629119
0.640239533124 0.140926561146 0.631198629119
0.640200366278 0.141045138603 0.631198629119
0.640161531354 0.141162711167 0.630960621558
0.639790826568 0.140521972438 0.630879309066
0.640486800791 0.140955266014 0.631198629119
0.640448928717 0.141069923556 0.630960621558
0.640087339622 0.140444940697 0.631198629119
0.640050083354 0.140557733888 0.630879309066
0.640723606796 0.140977050252 0.631198629119
0.640686946628 0.141088038752 0.630960621558
0.640336836552 0.140482896619 0.631198629119
0.640300753709 0.140592137269 0.631198629119
0.640264952765 0.140700524476 0.631198629119
0.640229429346 0.140808071473 0.631198629119
0.640194179185 0.140914791185 0.631198629119
0.640159198109 0.141020696242 0.631198629119
0.640124482041 0.141125798989 0.630960621558
0.639792798811 0.140552506441 0.630879309066
0.640416059310 0.140940530539 0.631198629119
0.640382114710 0.141043297669 0.631198629119
0.640348419703 0.141145309158 0.630960621558
0.640026420655 0.140588755080 0.630879309066
0.640631615631 0.140965532102 0.631198629119
0.640598647855 0.141065341905 0.630960621558
0.640283548786 0.140520713985 0.631198629119
0.640251048637 0.140619108045 0.631198629119
0.640218777363 0.140716809190 0.631198629119
0.640186731762 0.140813827110 0.631198629119
0.640154908700 0.140910171294 0.631198629119
0.640123305107 0.141005851036 0.631198629119
0.640091917977 0.141100875437 0.630960621558
0.639791823626 0.140582182180 0.630879309066
0.640356127050 0.140933501295 0.631198629119
0.640325371876 0.141026612453 0.631198629119
0.640294821737 0.141119102870 0.630960621558
0.640002676904 0.140614149832 0.630879309066
0.640552130239 0.140956223708 0.631198629119
0.640522179121 0.141046900587 0.631198629119
0.640492422492 0.141136988655 0.630960621558
0.640207816881 0.140645066663 0.631198629119
0.640178441747 0.140733999756 0.631198629119
0.640149253715 0.140822366397 0.631198629119
0.640120250418 0.140910173755 0.631198629119
0.640091429532 0.140997428865 0.631198629119
0.640062788776 0.141084138631 0.631493636256
0.640325354375 0.140883667367 0.631198629119
0.640297067209 0.140969306642 0.631198629119
0.640268953583 0.141054420523 0.630960621558
0.639999966573 0.140589494249 0.630879309066
0.640506129645 0.140904616850 0.631198629119
0.640478524097 0.140988192528 0.631198629119
0.640451083852 0.141071267753 0.630960621558
0.640188501294 0.140617411153 0.631198629119
0.640161385786 0.140699503239 0.631198629119
0.640134429780 0.140781112430 0.631198629119
0.640107631412 0.140862244375 0.631198629119
0.640080988848 0.140942904622 0.631198629119
0.640054500288 0.141023098625 0.630879309066
0.640534482511 0.141321921781 0.630960621558
0.640282403256 0.140886219445 0.631198629119
0.640256366205 0.140965046505 0.631198629119
0.640230476256 0.141043428215 0.631198629119
0.640204731756 0.141121369577 0.630960621558
0.639958285557 0.140695403606 0.630879309066
0.640422268373 0.140984265990 0.631198629119
0.640396950578 0.141060915507 0.630960621558
0.640154566678 0.140641970953 0.631198629119
0.640129525580 0.140717782770 0.631198629119
0.640104620575 0.140793182567 0.631198629119
0.640079850192 0.140868174797 0.631198629119
0.640055212982 0.140942763843 0.630879309066
0.640501827457 0.141220813196 0.630960621558
0.640267179214 0.140815239213 0.631198629119
0.640242933072 0.140888644306 0.631198629119
0.640218814541 0.140961663056 0.631198629119
0.640194822284 0.141034299509 0.631198629119
0.640170954988 0.141106557648 0.630960621558
0.639942385715 0.140711490763 0.630879309066
0.640372885234 0.140979507408 0.631198629119
0.640349385127 0.141050653882 0.630960621558
0.640124314364 0.140661633939 0.631198629119
0.640101052836 0.140732058115 0.631198629119
0.640077908791 0.140802126612 0.631198629119
0.640054881047 0.140871843007 0.630879309066
