0.633333333333 0.233333333333 0.048727053992
0.646525450670 0.230210567849 0.084148122940
0.599354338126 0.251069534078 0.324578674707
0.615465364698 0.139928663995 0.553743253060
0.646036461393 0.172062106375 0.495930323622
0.622026275156 0.161703243516 0.495068521827
0.599500215294 0.195296044523 0.219277270947
0.536628508693 0.216065971216 0.549595953460
0.625482088310 0.154285921148 0.564235507518
0.598184160500 0.186607110676 0.336174515174
0.545111597404 0.170778236990 0.208520379225
0.504342307825 0.186033278023 0.309764332738
0.550860834104 0.173108471047 0.212991454394
0.512868374371 0.189032147944 0.295608944167
0.553168489126 0.164618566172 0.248514433499
0.535267911318 0.168923306749 0.201164413633
0.492615312934 0.180795624733 0.272780915155
0.550286894123 0.172853726746 0.209724187240
0.510410232785 0.190409940520 0.317484855984
0.546533468056 0.166530767110 0.236464483347
0.519373658875 0.172237148116 0.135842621219
0.508502458469 0.173385038950 0.142999451082
0.539730653207 0.167626516031 0.217909431456
0.501080885008 0.178408547925 0.219600496927
0.574766508244 0.158748537369 0.342527752318
0.551769942173 0.162819271547 0.256166856457
0.526865974548 0.164929413851 0.213044992403
0.487241211153 0.172789206779 0.176846593517
0.542176937269 0.166196918484 0.237148007519
0.510689058936 0.174117953335 0.141038025582
0.536947372777 0.169667505551 0.194897754493
0.491741564089 0.181354432023 0.284723763263
0.542969315015 0.175321648427 0.154701435144
0.492269431573 0.190015343284 0.352446072451
0.541214061654 0.176928964659 0.140936543020
0.498030915896 0.185359225613 0.310362107602
0.536710991127 0.181272089762 0.132306857117
0.558731744193 0.162279531976 0.279120583153
0.525833976608 0.185897654075 0.229972191639
0.586644618854 0.172668831474 0.360701020823
0.580788199384 0.210458301753 0.203919018636
0.657069348693 0.181055537397 0.470694693868
0.669926119592 0.182059557845 0.462615699668
0.672649540989 0.174813625291 0.479167151408
0.630784258339 0.184002163611 0.449036944544
0.593437747250 0.166667601886 0.406597037785
0.586021795091 0.180166769690 0.335613183296
0.565140741596 0.235473989127 0.410737272706
0.556380953808 0.176396873800 0.190599958026
0.505006944621 0.188034440532 0.323407300293
0.542547130456 0.173425756775 0.171628413698
0.491803416182 0.188296018511 0.337749363430
0.531385499352 0.176593632763 0.134584448554
0.520409257031 0.178391502088 0.156649127186
0.565604604650 0.162834973700 0.305308083774
0.525596526506 0.181803260221 0.168847961833
0.582221058941 0.167122890219 0.330387129072
0.570093668681 0.203493478587 0.180850683952
0.636261232233 0.148517699343 0.630139744512
0.620819849890 0.141992799469 0.584616231080
0.624441729363 0.153710161908 0.558013235655
0.595575375321 0.185078739659 0.351932620708
0.548324338240 0.171929393162 0.210459394255
0.509794180965 0.189311634871 0.310337325744
0.547276197945 0.164288608695 0.251821023133
0.521992028512 0.164116678703 0.214271478466
0.476284791355 0.171333021351 0.181648130904
0.547028620190 0.164327317912 0.251821023133
0.521744450757 0.164155387919 0.214271478466
0.476037213600 0.171371730567 0.181648130904
0.546781042435 0.164366027129 0.251821023133
0.521496873002 0.164194097136 0.214271478466
0.475789635845 0.171410439784 0.181648130904
0.546533464680 0.164404736346 0.246692896437
0.520666160757 0.166445964254 0.183011582421
0.468199864060 0.177740410695 0.273652143679
0.523700072829 0.174090622361 0.135635130522
0.507801398034 0.178423787632 0.195250466941
0.577042725513 0.162344383538 0.329495820837
0.546010617464 0.172922528155 0.194908518125
0.499394700498 0.192086616813 0.359050155407
0.539223349899 0.185268775795 0.144521785227
0.588104270864 0.152623464609 0.398443938262
0.570735916345 0.163772374282 0.308639854661
0.528756021091 0.169679835581 0.174359414033
0.482369765502 0.184018441930 0.318395240329
0.535081357710 0.183626824981 0.150168255208
0.580393871263 0.156242500235 0.366698492208
0.563366365023 0.171749501533 0.229358608625
0.531330341325 0.175396594542 0.137692910822
0.510574986147 0.180541030625 0.215430436634
0.579211783169 0.160945328926 0.340552424347
0.550627158748 0.177234117346 0.162702136991
0.489850431500 0.197873715151 0.483957823365
0.578906708619 0.170504080974 0.302135916410
0.569531114181 0.205761262524 0.218140230863
0.635987604437 0.147958916252 0.630873842482
0.621712790693 0.147000665582 0.579493262076
0.607785474103 0.155639294388 0.516926802072
0.559049162385 0.175868159996 0.203671110405
0.519675440134 0.179192467982 0.166066872582
0.570418009716 0.162227299344 0.323797853300
0.535968489364 0.166490837942 0.216514712548
0.501032804472 0.177564491017 0.205335250829
0.570747820041 0.158678712257 0.339917780014
0.552125061562 0.162968699677 0.256166856457
0.528630752482 0.164959399964 0.216143204452
0.495105530489 0.172555854054 0.164139860277
0.544426139869 0.162334658937 0.261710305238
0.518609699132 0.165514916289 0.189066023368
0.469661219943 0.175422969221 0.249032420745
0.530547185090 0.171997702960 0.162270615731
0.491698094902 0.183995491699 0.309963955218
0.524203527372 0.177916376226 0.139939863951
0.547991109275 0.170530152494 0.217492573328
0.518625409890 0.183576889570 0.214111702719
0.568680671380 0.167736943981 0.269797704328
0.530279472605 0.178852075654 0.135663607572
0.542931562095 0.173859517839 0.174675275482
0.500081438317 0.187657764388 0.323622999738
0.531408137857 0.185501245336 0.194241540767
0.584455209475 0.163356974708 0.356056702932
0.570680889868 0.190481856635 0.106830417980
0.546599765478 0.190017801757 0.165945397914
0.613887923285 0.170020330534 0.454725930216
0.620171707324 0.196441443089 0.340431496050
0.574172776163 0.209495448916 0.231225998010
0.640333099558 0.181646420068 0.448768554542
0.613146412834 0.181569551662 0.422714223809
0.591597698403 0.217882408337 0.233993786838
0.635298420056 0.201895272526 0.340637788117
0.595724203825 0.225111892180 0.287337375805
0.619689810367 0.205543508433 0.251706534922
0.606345077206 0.212042399674 0.179289959708
0.590165119606 0.237995304401 0.344851757736
0.615253791916 0.229171294043 0.160227157664
0.625757483004 0.166844256922 0.502691497357
0.620150861652 0.180866881020 0.479941298571
0.598615955692 0.197063582190 0.190882088165
0.556598584941 0.216192408351 0.350360346707
0.576553081309 0.194864480896 0.112044967278
0.570306530921 0.218657098936 0.345850694553
0.586691407206 0.220233006444 0.280214179387
0.613864657081 0.210197104321 0.235278974035
0.608301783158 0.224539005821 0.216071103854
0.641212151436 0.205777837909 0.342416316752
0.612641259448 0.238861449108 0.234207069983
0.607945441411 0.222292843664 0.201353146181
0.639595281471 0.212829826966 0.303969565275
0.639342100585 0.240844149379 0.164270223888
0.701589354410 0.241018792212 0.200677058061
0.682484904133 0.252034966957 0.132392235105
0.713427028616 0.233068237052 0.269772962401
0.689788065051 0.245168340496 0.115223611589
0.663504551396 0.250542330259 0.151023143828
0.697633161860 0.254560393609 0.117345277353
0.713566230334 0.259616404269 0.132800971778
0.712031737888 0.260231407531 0.135161451864
0.720856053653 0.255731503638 0.176994692850
0.694303185391 0.269169826588 0.281254931316
0.722149171432 0.260453585403 0.146692233215
0.707912706246 0.271150192932 0.242582403083
0.739463521108 0.262935083670 0.190691080202
0.719588735062 0.272858677046 0.239099995534
0.751953383048 0.253354635826 0.296517540582
0.738935690113 0.262357725357 0.194060718443
0.718652642165 0.271543951576 0.233887130125
0.753707929520 0.255944105866 0.286316624117
0.738739829729 0.266159607939 0.168805813589
0.721115050402 0.277417748369 0.264423110966
0.737276583388 0.260501457129 0.201947053068
0.716735562046 0.268503694197 0.204140826382
0.756061032692 0.259674454456 0.278728567091
0.738066045870 0.267205064952 0.159411849563
0.722407399838 0.278707330616 0.264391733551
0.738655405312 0.263347131870 0.187524492754
0.719674655051 0.272645813015 0.239099995534
0.749662238496 0.254574271998 0.282024484083
0.734109093179 0.264814594645 0.156450294029
0.714734638571 0.274761797407 0.272533686297
0.733974801697 0.272032253719 0.137294144578
0.742038383079 0.274568956890 0.156223325495
0.750374126152 0.273858942651 0.155153144630
0.741485404874 0.279180951039 0.180253601118
0.765922431007 0.271326092087 0.244534998791
0.752606269865 0.281880278691 0.154171429484
0.758111422115 0.275245743683 0.186531498923
0.745335974684 0.291490079327 0.258889984143
0.755889079215 0.272361485662 0.189997089245
0.740632554444 0.288043590965 0.280250115652
0.755691563610 0.272087336469 0.184343169859
0.740500185958 0.286901358182 0.266448205501
0.762412031037 0.271775098610 0.223135249462
0.749195251683 0.284324032732 0.182716535731
0.765458997336 0.263970359698 0.275121521694
0.753024430233 0.273453537076 0.164364703777
0.741977875418 0.284472225692 0.242345451663
0.768013751037 0.269421325594 0.262009665684
0.755072706882 0.279597012629 0.154817684386
0.750597388173 0.286583321115 0.186804838845
