0.633333333333 0.500000000000 0.609133889971
0.633673982672 0.499762594281 0.609260420083
0.633062792378 0.499792549612 0.609436987609
0.632779300035 0.499395125583 0.609436987609
0.632495807692 0.498997701554 0.610146364586
0.631319112293 0.498993441013 0.610967575288
0.631079621380 0.498159724745 0.610967575288
0.630840130467 0.497326008476 0.611529666246
0.629925652258 0.497030900656 0.612585794178
0.629051917714 0.497003315980 0.612784430411
0.628859023772 0.496632127176 0.612784430411
0.628666129830 0.496260938373 0.612784430411
0.628473235888 0.495889749569 0.613186091485
0.627844030992 0.496229038764 0.613284700739
0.628288681906 0.495587929928 0.613019781667
0.628388291263 0.495601108585 0.613019781667
0.628487900619 0.495614287241 0.613186091485
0.627858695724 0.495953576436 0.613019781667
0.627958305080 0.495966755092 0.613019781667
0.628057914437 0.495979933749 0.613019781667
0.628157523793 0.495993112405 0.613019781667
0.628257133149 0.496006291061 0.613019781667
0.628356742506 0.496019469717 0.613019781667
0.628456351862 0.496032648374 0.613186091485
0.627827146967 0.496371937569 0.613284700739
0.628271797881 0.495730828733 0.613019781667
0.628371407237 0.495744007389 0.613019781667
0.628471016594 0.495757186046 0.613186091485
0.627841811698 0.496096475241 0.613019781667
0.627941421055 0.496109653897 0.613284700739
0.628386071968 0.495468545061 0.613019781667
0.628485681325 0.495481723717 0.613186091485
0.627856476429 0.495821012913 0.613019781667
0.627956085786 0.495834191569 0.613019781667
0.628055695142 0.495847370225 0.613019781667
0.628155304499 0.495860548881 0.613019781667
0.628254913855 0.495873727538 0.613019781667
0.628354523212 0.495886906194 0.613019781667
0.628454132568 0.495900084850 0.613186091485
0.627824927673 0.496239374046 0.613284700739
0.628269578587 0.495598265210 0.613019781667
0.628369187943 0.495611443866 0.613019781667
0.628468797300 0.495624622522 0.613186091485
0.627839592404 0.495963911717 0.613019781667
0.627939201760 0.495977090374 0.613019781667
0.628038811117 0.495990269030 0.613019781667
0.628138420473 0.496003447686 0.613019781667
0.628238029830 0.496016626342 0.613019781667
0.628337639186 0.496029804999 0.613019781667
0.628437248543 0.496042983655 0.613186091485
0.627808043647 0.496382272850 0.613284700739
0.628252694561 0.495741164014 0.613019781667
0.628352303918 0.495754342671 0.613019781667
0.628451913274 0.495767521327 0.613186091485
0.627822708379 0.496106810522 0.613019781667
0.627922317735 0.496119989178 0.613284700739
0.628366968649 0.495478880342 0.613019781667
0.628466578005 0.495492058999 0.613186091485
0.627837373110 0.495831348194 0.613019781667
0.627936982466 0.495844526850 0.613019781667
0.628036591823 0.495857705506 0.613019781667
0.628136201179 0.495870884163 0.613019781667
0.628235810536 0.495884062819 0.613019781667
0.628335419892 0.495897241475 0.613019781667
0.628435029249 0.495910420132 0.613186091485
0.627805824353 0.496249709327 0.613284700739
0.628250475267 0.495608600491 0.613019781667
0.628350084623 0.495621779147 0.613019781667
0.628449693980 0.495634957803 0.613186091485
0.627820489084 0.495974246999 0.613019781667
0.627920098441 0.495987425655 0.613019781667
0.628019707797 0.496000604311 0.613019781667
0.628119317154 0.496013782967 0.613019781667
0.628218926510 0.496026961624 0.613019781667
0.628318535867 0.496040140280 0.613019781667
0.628418145223 0.496053318936 0.613186091485
0.627788940328 0.496392608132 0.613284700739
0.628233591242 0.495751499296 0.613019781667
0.628333200598 0.495764677952 0.613019781667
0.628432809955 0.495777856608 0.613186091485
0.627803605059 0.496117145803 0.613284700739
0.628248255973 0.495476036967 0.613019781667
0.628347865329 0.495489215624 0.613019781667
0.628447474686 0.495502394280 0.613186091485
0.627818269790 0.495841683475 0.613019781667
0.627917879147 0.495854862131 0.613019781667
0.628017488503 0.495868040788 0.613019781667
0.628117097860 0.495881219444 0.613019781667
0.628216707216 0.495894398100 0.613019781667
0.628316316573 0.495907576757 0.613019781667
0.628415925929 0.495920755413 0.613186091485
0.627786721034 0.496260044608 0.613284700739
0.628231371947 0.495618935772 0.613019781667
0.628330981304 0.495632114428 0.613019781667
0.628430590660 0.495645293085 0.613186091485
0.627801385765 0.495984582280 0.613019781667
0.627900995121 0.495997760936 0.613019781667
0.628000604478 0.496010939592 0.613019781667
0.628100213834 0.496024118249 0.613019781667
0.628199823191 0.496037296905 0.613019781667
0.628299432547 0.496050475561 0.613019781667
0.628398055672 0.496063523736 0.613019781667
0.628495711904 0.496076443987 0.613186091485
0.627884833365 0.496405850973 0.613284700739
0.628312382321 0.495789400169 0.613019781667
0.628407248374 0.495801951270 0.613186091485
0.627813658850 0.496122035417 0.613284700739
0.628229220452 0.495522868280 0.613019781667
0.628321451338 0.495535070740 0.613019781667
0.628412836068 0.495547161250 0.613186091485
0.627840831618 0.495855605973 0.613019781667
0.627930569777 0.495867478636 0.613019781667
0.628019506702 0.495879245294 0.613019781667
0.628107656575 0.495890907821 0.613019781667
0.628195033204 0.495902468046 0.613019781667
0.628281650035 0.495913927747 0.613019781667
0.628367520170 0.495925288658 0.613019781667
0.628452656372 0.495936552467 0.613186091485
0.627919431885 0.496224085683 0.613284700739
0.628293088115 0.495685338762 0.613019781667
0.628376095912 0.495696320975 0.613019781667
0.628458417694 0.495707212427 0.613186091485
0.627942675976 0.495985318325 0.613019781667
0.628023659193 0.495996032679 0.613019781667
0.628103989319 0.496006660628 0.613019781667
0.628183676804 0.496017203553 0.613019781667
0.628262731849 0.496027662804 0.613019781667
0.628341164413 0.496038039699 0.613019781667
0.628418984223 0.496048335524 0.613186091485
0.627931228490 0.496311350404 0.613284700739
0.628273267655 0.495818189761 0.613019781667
0.628349305331 0.495828249804 0.613019781667
0.628424766965 0.495838233634 0.613186091485
0.627951680577 0.496093338292 0.613019781667
0.628026015918 0.496103173111 0.613019781667
0.628099800627 0.496112935078 0.613284700739
0.628426749828 0.495641531522 0.613186091485
0.627967476182 0.495889187869 0.613019781667
0.628039656875 0.495898737620 0.613019781667
0.628111318282 0.495908218668 0.613019781667
0.628182467823 0.495917631994 0.613019781667
0.628253112756 0.495926978559 0.613019781667
0.628323260190 0.495936259302 0.613019781667
0.628392917083 0.495945475146 0.613019781667
0.628462090247 0.495954626991 0.613186091485
0.628028155837 0.496188619539 0.613284700739
0.628332711257 0.495749503898 0.613019781667
0.628400472724 0.495758468970 0.613019781667
0.628467776343 0.495767373468 0.613186091485
0.628045491178 0.495995084337 0.613019781667
0.628111897416 0.496003870108 0.613019781667
0.628177863877 0.496012597695 0.613019781667
0.628243396349 0.496021267863 0.613019781667
0.628308500503 0.496029881364 0.613019781667
0.628373181904 0.496038438933 0.613019781667
0.628437446005 0.496046941292 0.613186091485
0.628034109533 0.496264434366 0.613284700739
0.628317326676 0.495856084789 0.613019781667
0.628380370572 0.495864425711 0.613019781667
0.628443017966 0.495872714174 0.613186091485
0.628049764906 0.496084769921 0.613019781667
0.628111634072 0.496092955422 0.613019781667
0.628173121329 0.496101090395 0.613019781667
0.628234231364 0.496109175460 0.613284700739
0.628505359970 0.495718255438 0.613186091485
0.628124023669 0.495923885253 0.613019781667
0.628184029306 0.495931824203 0.613019781667
0.628243675627 0.495939715614 0.613019781667
0.628302966911 0.495947560052 0.613019781667
0.628361907358 0.495955358073 0.613019781667
0.628420501097 0.495963110224 0.613186091485
0.628052545018 0.496161524958 0.613284700739
0.628311062991 0.495788787263 0.613019781667
0.628368640654 0.495796404983 0.613019781667
0.628425887411 0.495803978924 0.613186091485
0.628066341756 0.495997858464 0.613019781667
0.628122937981 0.496005346337 0.613019781667
0.628179214454 0.496012791905 0.613019781667
0.628235174766 0.496020195645 0.613019781667
0.628290822452 0.496027558022 0.613019781667
0.628346160983 0.496034879498 0.613019781667
0.628401193777 0.496042160524 0.613019781667
0.628455924192 0.496049401544 0.613186091485
0.628112096380 0.496234805475 0.613284700739
0.628353754486 0.495886376760 0.613019781667
0.628407597381 0.495893500358 0.613186091485
0.628069315179 0.496075913904 0.613019781667
0.628122582215 0.496082961314 0.613019781667
0.628175565915 0.496089971237 0.613019781667
0.628228269278 0.496096944071 0.613019781667
0.628280695255 0.496103880206 0.613019781667
0.628332846751 0.496110780026 0.613284700739
0.628564435769 0.495776869174 0.613186091485
0.628238422869 0.495952666685 0.613019781667
0.628289767898 0.495959459807 0.613019781667
0.628340849620 0.495966218092 0.613019781667
0.628391670720 0.495972941896 0.613019781667
0.628442233845 0.495979631569 0.613186091485
0.628124453595 0.496150989749 0.613284700739
0.628347896265 0.495828824504 0.613019781667
