0.633333333333 0.766666666667 0.605791699730
0.636766491213 0.765981144865 0.598437665547
0.640924949698 0.764530365466 0.589585708791
0.642869173471 0.765418087020 0.594257048077
0.644614661817 0.767490007487 0.602621390410
0.646596415275 0.770192263732 0.614638169002
0.649343695132 0.772777178789 0.632096147110
0.652746799576 0.776090680065 0.657371335206
0.656442308560 0.780078897572 0.680546421998
0.659044820038 0.782750850304 0.689954998872
0.659429908997 0.783358315360 0.690057687327
0.659253716440 0.783726655108 0.690057687327
0.659077523883 0.784094994856 0.689609396592
0.658332364389 0.784207711880 0.689301809272
0.657869932608 0.784713373515 0.689301809272
0.657407500826 0.785219035150 0.688232184815
0.656699947462 0.785718748015 0.688232184815
0.655992394098 0.786218460880 0.686977118139
0.655053094408 0.786643424680 0.686459503013
0.654415663310 0.787276166451 0.685137201056
0.653516713681 0.787832759309 0.684497000762
0.652852517368 0.788589882494 0.683604689679
0.651692348235 0.789132111166 0.681083662231
0.650453763122 0.790011401038 0.678830793249
0.648986271481 0.791054062052 0.676197859063
0.647340839375 0.792303701941 0.671618028086
0.645636233403 0.794070781159 0.664287193077
0.643679081096 0.796131124320 0.656146269222
0.641416908168 0.798158624548 0.647828965493
0.638793663995 0.799714899448 0.639554324343
0.636073557457 0.800218506720 0.638173686077
0.634129067952 0.800910792452 0.634491122640
0.632457999845 0.802305807695 0.631322313839
0.630881616337 0.804180687365 0.623832069407
0.629836019381 0.807342365497 0.618840312697
0.629649945508 0.810545174031 0.619035366507
0.629754826767 0.812184764546 0.619089658880
0.629749324710 0.813456633508 0.618718253230
0.629340611161 0.814121740515 0.617691481664
0.629213082501 0.815564085598 0.616829234855
0.628451625372 0.816500137198 0.615942313921
0.627398890961 0.817286617166 0.612572831862
0.626348233121 0.818811049871 0.609968018201
0.625154144552 0.820355800699 0.605887986624
0.623571785183 0.821559901442 0.603296019284
0.621899508195 0.822394460558 0.601050640778
0.620213209158 0.822095934123 0.602906982608
0.618910128958 0.820479755705 0.605503346971
0.619235565423 0.819018284282 0.603497228756
0.620948360619 0.818535908721 0.603595756374
0.621652368309 0.819095457438 0.604280398151
0.621280937620 0.819641339602 0.603970986974
0.621348891758 0.819719286851 0.603970986974
0.621416845896 0.819797234100 0.603970986974
0.621484800034 0.819875181348 0.603970986974
0.621552754172 0.819953128597 0.603970986974
0.621620708310 0.820031075846 0.604280398151
0.621249277621 0.820576958011 0.603736885829
0.620708232926 0.820225514498 0.603736885829
0.620167188231 0.819874070985 0.604145975880
0.620710348385 0.819430740123 0.603970986974
0.620778302523 0.819508687371 0.603970986974
0.620846256661 0.819586634620 0.603970986974
0.620914210800 0.819664581869 0.603970986974
0.620982164938 0.819742529118 0.603970986974
0.621050119076 0.819820476367 0.603970986974
0.621118073214 0.819898423616 0.603970986974
0.621186027352 0.819976370864 0.603970986974
0.621253981490 0.820054318113 0.603736885829
0.620712936796 0.819702874601 0.603970986974
0.620780890934 0.819780821849 0.603970986974
0.620848845072 0.819858769098 0.603970986974
0.620916799210 0.819936716347 0.603970986974
0.620984753348 0.820014663596 0.603970986974
0.621052707486 0.820092610845 0.603736885829
0.620511662792 0.819741167332 0.604145975880
0.621054822945 0.819297836470 0.603970986974
0.621122777084 0.819375783718 0.603970986974
0.621190731222 0.819453730967 0.603970986974
0.621258685360 0.819531678216 0.603970986974
0.621326639498 0.819609625465 0.603970986974
0.621394593636 0.819687572714 0.603970986974
0.621462547774 0.819765519963 0.603970986974
0.621530501913 0.819843467211 0.603970986974
0.621598456051 0.819921414460 0.604280398151
0.621227025361 0.820467296625 0.603736885829
0.620685980667 0.820115853112 0.603736885829
0.620144935972 0.819764409599 0.604145975880
0.620688096126 0.819321078737 0.603970986974
0.620756050264 0.819399025985 0.603970986974
0.620824004402 0.819476973234 0.603970986974
0.620891958540 0.819554920483 0.603970986974
0.620959912678 0.819632867732 0.603970986974
0.621027866816 0.819710814981 0.603970986974
0.621095820955 0.819788762230 0.603970986974
0.621163775093 0.819866709479 0.603970986974
0.621231729231 0.819944656727 0.603970986974
0.621299683369 0.820022603976 0.603970986974
0.621367637507 0.820100551225 0.603736885829
0.620826592812 0.819749107712 0.603970986974
0.620894546951 0.819827054961 0.603970986974
0.620961828275 0.819904230455 0.603970986974
0.621028449980 0.819980649326 0.603970986974
0.621094424871 0.820056326267 0.603736885829
0.620574189587 0.819718399813 0.604145975880
0.621091484972 0.819296179943 0.603970986974
0.621155592650 0.819369715084 0.603970986974
0.621219101190 0.819442562980 0.603970986974
0.621282021688 0.819514736359 0.603970986974
0.621344364934 0.819586247596 0.603970986974
0.621406141424 0.819657108731 0.603970986974
0.621467361368 0.819727331478 0.603970986974
0.621528034705 0.819796927236 0.603970986974
0.621588171111 0.819865907102 0.603970986974
0.621647780004 0.819934281882 0.604280398151
0.621324796796 0.820408962025 0.603736885829
0.620858378956 0.820105993479 0.603736885829
0.620395947592 0.819805614409 0.604145975880
0.620856252808 0.819429910288 0.603970986974
0.620913357125 0.819495412178 0.603970986974
0.620969985574 0.819560368218 0.603970986974
0.621026146019 0.819624787432 0.603970986974
0.621081846132 0.819688678620 0.603970986974
0.621137093399 0.819752050367 0.603970986974
0.621191895123 0.819814911051 0.603970986974
0.621246258433 0.819877268850 0.603970986974
0.621300190289 0.819939131746 0.603970986974
0.621353697485 0.820000507533 0.603970986974
0.621406786655 0.820061403821 0.603736885829
0.620987372163 0.819788966989 0.603970986974
0.621039644577 0.819848926412 0.603970986974
0.621091517965 0.819908428128 0.603970986974
0.621142998372 0.819967479074 0.603970986974
0.621194091709 0.820026086028 0.603970986974
0.621244803753 0.820084255617 0.603736885829
0.620844029905 0.819823927089 0.603970986974
0.620893996183 0.819881241243 0.603970986974
0.620943597744 0.819938137045 0.603970986974
0.620992839873 0.819994620558 0.603970986974
0.621041727742 0.820050697716 0.603736885829
0.620655267246 0.819799666635 0.603970986974
0.620703461670 0.819854948372 0.603970986974
0.620751316697 0.819909840801 0.603970986974
0.620798837073 0.819964349367 0.603970986974
0.620846027447 0.820018479400 0.603970986974
0.620892892370 0.820072236124 0.603736885829
0.620522313811 0.819831521389 0.604145975880
0.620891810515 0.819529935768 0.603970986974
0.620937725473 0.819582602828 0.603970986974
0.620983332277 0.819634916418 0.603970986974
0.621028635036 0.819686881251 0.603970986974
0.621073637776 0.819738501945 0.603970986974
0.621118344446 0.819789783030 0.603970986974
0.621162758916 0.819840728944 0.603970986974
0.621206884979 0.819891344041 0.603970986974
0.621250726359 0.819941632589 0.603970986974
0.621294286704 0.819991598774 0.603970986974
0.621337569594 0.820041246703 0.603736885829
0.620995136243 0.819818814100 0.603970986974
0.621037874695 0.819867837527 0.603970986974
0.621080346031 0.819916554557 0.603970986974
0.621122553570 0.819964968998 0.603970986974
0.621164500569 0.820013084583 0.603970986974
0.621206190225 0.820060904981 0.603736885829
0.620876284923 0.819846610157 0.603970986974
0.620917469249 0.819893850914 0.603970986974
0.620958405477 0.819940807088 0.603970986974
0.620999096578 0.819987482087 0.603970986974
0.621039545469 0.820033879259 0.603970986974
0.621079755019 0.820080001891 0.603736885829
0.620761493433 0.819873270413 0.603970986974
0.620801232695 0.819918853600 0.603970986974
0.620840740915 0.819964171768 0.603970986974
0.620880020764 0.820009227981 0.603970986974
0.620919074866 0.820054025250 0.603736885829
0.620609906469 0.819853200386 0.604145975880
0.620918520193 0.819601307850 0.603970986974
0.620956912362 0.819645345844 0.603970986974
0.620995088844 0.819689136433 0.603970986974
0.621033052049 0.819732682382 0.603970986974
0.621070804348 0.819775986409 0.603970986974
0.621108348071 0.819819051188 0.603970986974
0.621145685510 0.819861879346 0.603970986974
0.621182818918 0.819904473472 0.603970986974
0.621219750515 0.819946836107 0.603970986974
0.621256482482 0.819988969755 0.603970986974
0.621293016965 0.820030876878 0.603970986974
0.621329356076 0.820072559899 0.603736885829
0.621041566345 0.819885621860 0.603970986974
0.621077520915 0.819926863791 0.603970986974
0.621113286251 0.819967888658 0.603970986974
0.621148864334 0.820008698736 0.603970986974
0.621184257114 0.820049296262 0.603736885829
0.620903923075 0.819867201177 0.603970986974
0.620938950982 0.819907380172 0.603970986974
0.620973799258 0.819947353120 0.603970986974
0.621008469736 0.819987122124 0.603970986974
0.621042964223 0.820026689256 0.603970986974
0.621077284495 0.820066056553 0.603736885829
0.620805402738 0.819889451773 0.603970986974
