0.633333333333 0.900000000000 0.656159073155
0.633591575997 0.905643353213 0.643785049927
0.629995995175 0.911895831610 0.602451057042
0.627621538678 0.916811803179 0.588549816142
0.628278075181 0.922183484793 0.597673068458
0.629783441047 0.928503124163 0.609307731205
0.628388283459 0.933131535223 0.597379485924
0.628270013647 0.934869661877 0.597845323905
0.628890103703 0.935052514644 0.598216884649
0.628712179397 0.935622389313 0.598216884649
0.628534255091 0.936192263982 0.598220256910
0.628719798680 0.935974468963 0.598220256910
0.628905342268 0.935756673943 0.598216884649
0.628727417962 0.936326548612 0.598220256910
0.628912961550 0.936108753592 0.598220256910
0.629098505139 0.935890958572 0.598220256910
0.629284048727 0.935673163553 0.598216884649
0.629106124421 0.936243038222 0.598220256910
0.629291668009 0.936025243202 0.598220256910
0.629477211598 0.935807448182 0.598207621710
0.628900232117 0.935993364292 0.598220256910
0.629085775705 0.935775569272 0.598216884649
0.628907851400 0.936345443942 0.598220256910
0.629093394988 0.936127648922 0.598220256910
0.629278938576 0.935909853902 0.598220256910
0.629464482164 0.935692058882 0.598932752340
0.628554694463 0.936580370724 0.598220256910
0.628740238051 0.936362575704 0.598220256910
0.628925781639 0.936144780684 0.598220256910
0.629111325227 0.935926985664 0.598220256910
0.629296868816 0.935709190644 0.598216884649
0.629118944510 0.936279065314 0.598220256910
0.629304488098 0.936061270294 0.598220256910
0.629490031686 0.935843475274 0.598207621710
0.628913052206 0.936029391384 0.598220256910
0.629098595794 0.935811596364 0.598220256910
0.629284139382 0.935593801345 0.598216884649
0.629106215076 0.936163676014 0.598220256910
0.629291758665 0.935945880994 0.598220256910
0.629477302253 0.935728085974 0.598932752340
0.628567514551 0.936616397815 0.598220256910
0.628753058139 0.936398602796 0.598220256910
0.628938601728 0.936180807776 0.598220256910
0.629124145316 0.935963012756 0.598220256910
0.629309688904 0.935745217736 0.598216884649
0.629131764598 0.936315092406 0.598220256910
0.629317308187 0.936097297386 0.598220256910
0.629502851775 0.935879502366 0.598207621710
0.628925872294 0.936065418476 0.598220256910
0.629111415883 0.935847623456 0.598220256910
0.629296959471 0.935629828436 0.598216884649
0.629119035165 0.936199703106 0.598220256910
0.629304578753 0.935981908086 0.598220256910
0.629490122342 0.935764113066 0.598932752340
0.628580334640 0.936652424907 0.598220256910
0.628765878228 0.936434629887 0.598220256910
0.628951421816 0.936216834868 0.598220256910
0.629136965405 0.935999039848 0.598220256910
0.629322508993 0.935781244828 0.598216884649
0.629144584687 0.936351119497 0.598220256910
0.629330128275 0.936133324478 0.598220256910
0.629515671864 0.935915529458 0.598207621710
0.628938692383 0.936101445568 0.598220256910
0.629124235971 0.935883650548 0.598220256910
0.629309779560 0.935665855528 0.598216884649
0.629131855254 0.936235730197 0.598220256910
0.629317398842 0.936017935178 0.598220256910
0.629502942430 0.935800140158 0.598207621710
0.628925962950 0.935986056268 0.598220256910
0.629111506538 0.935768261248 0.598216884649
0.628933582232 0.936338135917 0.598220256910
0.629119125820 0.936120340897 0.598220256910
0.629304669409 0.935902545878 0.598220256910
0.629490212997 0.935684750858 0.598932752340
0.628580425295 0.936573062699 0.598220256910
0.628765968883 0.936355267679 0.598220256910
0.628951512472 0.936137472660 0.598220256910
0.629137056060 0.935919677640 0.598220256910
0.629322599648 0.935701882620 0.598216884649
0.629144675342 0.936271757289 0.598220256910
0.629330218931 0.936053962269 0.598220256910
0.629515762519 0.935836167250 0.598207621710
0.628938783038 0.936022083360 0.598220256910
0.629124326627 0.935804288340 0.598220256910
0.629309870215 0.935586493320 0.598216884649
0.629131945909 0.936156367989 0.598220256910
0.629317489497 0.935938572970 0.598220256910
0.629503033086 0.935720777950 0.598932752340
0.628593245384 0.936609089791 0.598220256910
0.628778788972 0.936391294771 0.598220256910
0.628964332560 0.936173499751 0.598220256910
0.629149876149 0.935955704732 0.598220256910
0.629335419737 0.935737909712 0.598216884649
0.629157495431 0.936307784381 0.598220256910
0.629343039019 0.936089989361 0.598220256910
0.629528582608 0.935872194341 0.598207621710
0.628951603127 0.936058110451 0.598220256910
0.629137146715 0.935840315432 0.598220256910
0.629322690304 0.935622520412 0.598216884649
0.629144765998 0.936192395081 0.598220256910
0.629330309586 0.935974600061 0.598220256910
0.629514016109 0.935758961428 0.598932752340
0.628622067382 0.936629855390 0.598220256910
0.628802206788 0.936418403914 0.598220256910
0.628980614084 0.936208985626 0.598220256910
0.629157322264 0.936001561798 0.598220256910
0.629332363385 0.935796094798 0.598216884649
0.629166078987 0.936328687947 0.598220256910
0.629337878605 0.936127025891 0.598220256910
0.629508102081 0.935927213947 0.598207621710
0.628983575280 0.936096228592 0.598220256910
0.629150731666 0.935900016863 0.598220256910
0.629316395584 0.935705557023 0.598216884649
0.629158940446 0.936209870890 0.598220256910
0.629321697980 0.936018822627 0.598220256910
0.629483040231 0.935829435653 0.598207621710
0.628985644127 0.935989708162 0.598220256910
0.629144228390 0.935803558572 0.598220256910
0.629301468719 0.935618986522 0.598216884649
0.629151952496 0.936097872798 0.598220256910
0.629306572153 0.935916376949 0.598220256910
0.629459913961 0.935736381064 0.598932752340
0.628714186337 0.936464505524 0.598220256910
0.628865034782 0.936287436403 0.598220256910
0.629014666709 0.936111795258 0.598220256910
0.629163101579 0.935937559242 0.598220256910
0.629310358395 0.935764706052 0.598216884649
0.629170260517 0.936213426264 0.598220256910
0.629315216445 0.936043273904 0.598220256910
0.629459048684 0.935874440556 0.598207621710
0.629015218314 0.936017452948 0.598220256910
0.629156854641 0.935851197208 0.598220256910
0.629297417966 0.935686200981 0.598216884649
0.629163640292 0.936114678175 0.598220256910
0.629302105656 0.935952144579 0.598220256910
0.629439545352 0.935790814934 0.598932752340
0.628770583806 0.936443985406 0.598220256910
0.628906017082 0.936285010939 0.598220256910
0.629040468958 0.936127188461 0.598220256910
0.629173953554 0.935970501396 0.598220256910
0.629306484688 0.935814933525 0.598220256910
0.629438075886 0.935660468972 0.598932752340
0.628797380321 0.936286040691 0.598220256910
0.628927131082 0.936133736481 0.598220256910
0.629055980796 0.935982489940 0.598220256910
0.629183941891 0.935832286478 0.598220256910
0.629311026541 0.935683111807 0.598216884649
0.629189989598 0.936070781650 0.598220256910
0.629315356887 0.935923622853 0.598220256910
0.629439882786 0.935777451698 0.598932752340
0.628833357651 0.936369659593 0.598220256910
0.628956234200 0.936225424480 0.598220256910
0.629078302350 0.936082138283 0.598220256910
0.629199572669 0.935939788597 0.598220256910
0.629320055518 0.935798363259 0.598220256910
0.629439761059 0.935657850343 0.598932752340
0.628856563814 0.936227281011 0.598220256910
0.628974744444 0.936088558068 0.598220256910
0.629092177095 0.935950713119 0.598220256910
0.629208871176 0.935813735119 0.598220256910
0.629324835918 0.935677613232 0.598216884649
0.629214323927 0.936031572654 0.598220256910
0.629328857006 0.935897131283 0.598220256910
0.629442687428 0.935763514707 0.598932752340
0.628887938830 0.936305168269 0.598220256910
0.629000389489 0.936173171287 0.598220256910
0.629112162735 0.936041969468 0.598220256910
0.629223266680 0.935911553288 0.598220256910
0.629333709292 0.935781913396 0.598216884649
0.629228428638 0.936119117342 0.598220256910
0.629337571925 0.935991002624 0.598220256910
0.629446076948 0.935863637116 0.598207621710
0.629110623761 0.935971727877 0.598220256910
0.629217874390 0.935845834802 0.598220256910
0.629324508636 0.935720665251 0.598216884649
0.629222837605 0.936046307919 0.598220256910
0.629328260098 0.935922560748 0.598220256910
0.629433086984 0.935799512715 0.598207621710
0.629108941208 0.935903959967 0.598220256910
0.629212596844 0.935782286772 0.598216884649
0.629113750008 0.936098883810 0.598220256910
0.629216260277 0.935978555070 0.598220256910
0.629318207304 0.935858887477 0.598220256910
0.629419597243 0.935739873805 0.598932752340
0.628925147405 0.936222651980 0.598220256910
0.629025441236 0.936104924942 0.598220256910
0.629125195854 0.935987830845 0.598220256910
0.629224417024 0.935871362920 0.598220256910
0.629323110422 0.935755514505 0.598216884649
0.629228970578 0.936057035494 0.598220256910
0.629326625098 0.935942406537 0.598220256910
0.629423768338 0.935828377730 0.598207621710
0.629123258192 0.935925209038 0.598220256910
0.629219394766 0.935812361877 0.598220256910
0.629315035791 0.935700096403 0.598216884649
0.629223792557 0.935992339823 0.598220256910
0.629318457653 0.935881219915 0.598220256910
0.629412642216 0.935770664068 0.598932752340
0.628953153477 0.936219306412 0.598220256910
0.629046391461 0.936109861678 0.598220256910
