0.766666666667 0.100000000000 0.646265336246
0.761357947786 0.102271358931 0.610269613607
0.755053838385 0.105862359459 0.575537468855
0.750949859235 0.108364334443 0.562929287700
0.749890417801 0.107510923905 0.564714952007
0.749064948449 0.106600140339 0.565705258900
0.747835389701 0.106252865402 0.567269152668
0.747856744980 0.105020958457 0.568257407099
0.746745079137 0.105136553236 0.568193665303
0.746947584381 0.104248430214 0.568297562824
0.746512994195 0.104056102880 0.569071069859
0.745345771176 0.104535308437 0.568619120229
0.745599386813 0.104074516175 0.568738482528
0.745085541416 0.104282509443 0.569179330229
0.746018891660 0.103601181726 0.568738482528
0.745505046263 0.103809174994 0.568738482528
0.744991200866 0.104017168262 0.568656957823
0.745113830682 0.103981812587 0.568656957823
0.745236460498 0.103946456911 0.568738482528
0.744722615101 0.104154450179 0.569179330229
0.745655965346 0.103473122462 0.568738482528
0.745142119948 0.103681115730 0.568738482528
0.744628274551 0.103889108998 0.568656957823
0.744750904367 0.103853753323 0.568656957823
0.744873534184 0.103818397647 0.568656957823
0.744996164000 0.103783041972 0.568656957823
0.745118793816 0.103747686297 0.568656957823
0.745241423633 0.103712330621 0.568738482528
0.744727578235 0.103920323889 0.568656957823
0.744850208052 0.103884968214 0.568656957823
0.744972837868 0.103849612539 0.568656957823
0.745095467684 0.103814256863 0.568656957823
0.745218097501 0.103778901188 0.568738482528
0.744704252103 0.103986894456 0.568656957823
0.744826881920 0.103951538780 0.568656957823
0.744949511736 0.103916183105 0.568656957823
0.745072141552 0.103880827430 0.568656957823
0.745194771369 0.103845471754 0.568738482528
0.744680925971 0.104053465022 0.568656957823
0.744803555788 0.104018109347 0.568656957823
0.744926185604 0.103982753672 0.568656957823
0.745048815420 0.103947397996 0.568656957823
0.745171445237 0.103912042321 0.568738482528
0.744657599839 0.104120035589 0.569179330229
0.745590950084 0.103438707872 0.568738482528
0.745077104687 0.103646701140 0.568656957823
0.745199734503 0.103611345464 0.568738482528
0.744685889106 0.103819338732 0.568656957823
0.744808518922 0.103783983057 0.568656957823
0.744931148738 0.103748627381 0.568656957823
0.745053778555 0.103713271706 0.568656957823
0.745176408371 0.103677916031 0.568738482528
0.744662562974 0.103885909299 0.568656957823
0.744785192790 0.103850553623 0.568656957823
0.744907822606 0.103815197948 0.568656957823
0.745030452423 0.103779842273 0.568656957823
0.745153082239 0.103744486597 0.568738482528
0.744639236842 0.103952479865 0.568656957823
0.744761866658 0.103917124190 0.568656957823
0.744884496474 0.103881768514 0.568656957823
0.745007126291 0.103846412839 0.568656957823
0.745129756107 0.103811057164 0.568656957823
0.745252385923 0.103775701488 0.568738482528
0.744738540526 0.103983694756 0.568656957823
0.744861170342 0.103948339081 0.568656957823
0.744983800159 0.103912983406 0.568656957823
0.745106429975 0.103877627730 0.568656957823
0.745229059791 0.103842272055 0.568738482528
0.744715214394 0.104050265323 0.568656957823
0.744837844210 0.104014909647 0.568656957823
0.744960474027 0.103979553972 0.568656957823
0.745083103843 0.103944198297 0.568656957823
0.745205733659 0.103908842621 0.568738482528
0.744691888262 0.104116835889 0.569179330229
0.745625238507 0.103435508172 0.568738482528
0.745111393109 0.103643501440 0.568656957823
0.745234022926 0.103608145765 0.568738482528
0.744720177528 0.103816139033 0.568656957823
0.744842807345 0.103780783357 0.568656957823
0.744965437161 0.103745427682 0.568656957823
0.745088066977 0.103710072007 0.568656957823
0.745210696794 0.103674716331 0.568738482528
0.744696851396 0.103882709599 0.568656957823
0.744819481213 0.103847353924 0.568656957823
0.744942111029 0.103811998248 0.568656957823
0.745064740845 0.103776642573 0.568656957823
0.745187370662 0.103741286898 0.568738482528
0.744673525264 0.103949280166 0.568656957823
0.744796155081 0.103913924490 0.568656957823
0.744918784897 0.103878568815 0.568656957823
0.745041414713 0.103843213140 0.568656957823
0.745164044530 0.103807857464 0.568738482528
0.744650199132 0.104015850732 0.568656957823
0.744772828949 0.103980495057 0.568656957823
0.744895458765 0.103945139381 0.568656957823
0.745018088581 0.103909783706 0.568656957823
0.745140718398 0.103874428031 0.568738482528
0.744626873001 0.104082421299 0.568656957823
0.744749502817 0.104047065623 0.568656957823
0.744872132633 0.104011709948 0.568656957823
0.744994762450 0.103976354273 0.568656957823
0.745116178109 0.103941348653 0.568656957823
0.745236403419 0.103906686227 0.568738482528
0.744737524393 0.104108621438 0.569179330229
0.745634976551 0.103453498633 0.568738482528
0.745145599982 0.103651587460 0.568738482528
0.744660840173 0.103847807524 0.568656957823
0.744775447478 0.103814764837 0.568656957823
0.744888993605 0.103782028100 0.568656957823
0.745001498023 0.103749591701 0.568656957823
0.745112979674 0.103717450178 0.568656957823
0.745223456986 0.103685598218 0.568738482528
0.744764666453 0.103871306493 0.568656957823
0.744873188415 0.103840018285 0.568656957823
0.744980758429 0.103809004534 0.568656957823
0.745087393052 0.103778260469 0.568656957823
0.745193108411 0.103747781438 0.568738482528
0.744753924310 0.103925553462 0.568656957823
0.744857847884 0.103895591026 0.568656957823
0.744960898149 0.103865880374 0.568656957823
0.745063089663 0.103836417311 0.568656957823
0.745164436619 0.103807197745 0.568738482528
0.744743251867 0.103977684030 0.568656957823
0.744842950904 0.103948939578 0.568656957823
0.744941845918 0.103920426937 0.568656957823
0.745039949771 0.103892142397 0.568656957823
0.745137275022 0.103864082337 0.568738482528
0.744732672347 0.104027856564 0.568656957823
0.744828476891 0.104000234942 0.568656957823
0.744923538764 0.103972827442 0.568656957823
0.745017869392 0.103945630769 0.568656957823
0.745111479939 0.103918641703 0.568656957823
0.745204381315 0.103891857101 0.568738482528
0.744818031392 0.104048243017 0.568656957823
0.744909546180 0.104021858184 0.568656957823
0.745000383081 0.103995668795 0.568656957823
0.745090552064 0.103969671975 0.568656957823
0.745180062879 0.103943864913 0.568738482528
0.744807711141 0.104094584672 0.569179330229
0.745479186137 0.103604420847 0.568738482528
0.745112153711 0.103752987467 0.568656957823
0.745199125212 0.103727912520 0.568738482528
0.744837262256 0.103874386652 0.568656957823
0.744923017372 0.103849662404 0.568656957823
0.745008176967 0.103825109851 0.568656957823
0.745092749254 0.103800726627 0.568656957823
0.745176742279 0.103776510411 0.568738482528
0.744827187587 0.103918002430 0.568656957823
0.744910045571 0.103894113460 0.568656957823
0.744992347461 0.103870384819 0.568656957823
0.745074100672 0.103846814369 0.568656957823
0.745155312471 0.103823400014 0.568738482528
0.744817256288 0.103960237690 0.568656957823
0.744897406495 0.103937129406 0.568656957823
0.744977036246 0.103914171175 0.568656957823
0.745056152257 0.103891361062 0.568656957823
0.745134761113 0.103868697167 0.568656957823
0.745212869276 0.103846177629 0.568738482528
0.744887650671 0.103977818938 0.568656957823
0.744964776341 0.103955582664 0.568656957823
0.745041419976 0.103933485367 0.568656957823
0.745117587564 0.103911525320 0.568656957823
0.745193284982 0.103889700829 0.568738482528
0.744878042407 0.104017304061 0.568656957823
0.744952816685 0.103995745722 0.568656957823
0.745027137786 0.103974318040 0.568656957823
0.745101011169 0.103953019441 0.568656957823
0.745174442197 0.103931848378 0.568738482528
0.744868581841 0.104055653894 0.568656957823
0.744941143863 0.104034733376 0.568656957823
0.745013279049 0.104013935920 0.568656957823
0.745084992392 0.103993260087 0.568656957823
0.745156288797 0.103972704461 0.568738482528
0.744859268336 0.104092931784 0.569179330229
0.745395676522 0.103701364130 0.568738482528
0.745102050581 0.103820217426 0.568656957823
0.745171726613 0.103800128975 0.568738482528
0.744881418479 0.103917639295 0.568656957823
0.744950311634 0.103897776556 0.568656957823
0.745018819911 0.103878024782 0.568656957823
0.745086947587 0.103858382741 0.568656957823
0.745154698867 0.103838849218 0.568738482528
0.744872366231 0.103953131234 0.568656957823
0.744939377060 0.103933811193 0.568656957823
0.745006023699 0.103914596152 0.568656957823
0.745072310086 0.103895484976 0.568656957823
0.745138240095 0.103876476548 0.568738482528
0.744863456460 0.103987702895 0.568656957823
0.744928685086 0.103968896684 0.568656957823
0.744993568586 0.103950189978 0.568656957823
0.745058110595 0.103931581728 0.568656957823
0.745122314687 0.103913070903 0.568656957823
0.745186184383 0.103894656488 0.568738482528
0.744919943245 0.104002425021 0.568656957823
0.744983154490 0.103984200446 0.568656957823
0.745046041576 0.103966069331 0.568656957823
0.745108607808 0.103948030721 0.568656957823
0.745170856446 0.103930083677 0.568738482528
0.744911338569 0.104035130782 0.568656957823
0.744972961592 0.104017364111 0.568656957823
