0.766666666667 0.366666666667 0.549618560579
0.762317819438 0.353375178110 0.518370325760
0.812163372971 0.337161224777 0.158872055581
0.847742410046 0.302340155326 0.324813452549
0.830492299999 0.310094299699 0.247700018938
0.807687024751 0.324509428032 0.104051417285
0.770365763002 0.329531285757 0.273010860436
0.828570517675 0.301896817077 0.276215163432
0.807511845757 0.309147592694 0.355173144191
0.769172500663 0.286172481141 0.256332306143
0.785283901291 0.340543776436 0.277366427987
0.799008776258 0.331170463053 0.169566517301
0.847337553974 0.290443623773 0.353007489933
0.833887910448 0.293444597639 0.327462037282
0.818670770514 0.308881537476 0.259621361850
0.795155859527 0.273012896032 0.423990831426
0.727896478101 0.324774800114 0.465506702964
0.721585821011 0.336299713248 0.500288507465
0.802079825715 0.350043864064 0.239832477981
0.812792089454 0.342019045345 0.175201501951
0.827736175456 0.307122564581 0.253654319543
0.804674917190 0.316360854635 0.220474659007
0.699440329340 0.348337716079 0.597579338357
0.743143067322 0.351502994401 0.591073651630
0.832677161627 0.339023114034 0.079301934835
0.814951940118 0.344823397956 0.171861827211
0.831156158751 0.319244728143 0.198285477640
0.801634547440 0.336945185325 0.207378474112
0.841960185913 0.313990856669 0.253565189988
0.823873673790 0.325523318801 0.143061288708
0.790086255549 0.339332085973 0.269086025479
0.794537457497 0.330102636784 0.203991428258
0.838567369734 0.285614741226 0.355763666612
0.827163169574 0.295842939836 0.300806345908
0.804841888115 0.298933017553 0.389181056442
0.822756900006 0.261153453722 0.395109696803
0.817029371818 0.264916919102 0.404366947681
0.825270380479 0.239787575590 0.405570277558
0.820889729559 0.226639181630 0.427576402372
0.806999221988 0.226545719161 0.432573283497
0.794694910001 0.230393257976 0.414826412142
0.780177506577 0.228311307208 0.417045002841
0.773336153965 0.234880877633 0.387022246886
0.756303786029 0.244684458491 0.336057101670
0.734962909436 0.248941190945 0.267066976640
0.706118633384 0.266712648258 0.210500088415
0.755782883323 0.243125757904 0.344861490044
0.729630471810 0.244149886759 0.282263922950
0.699604640918 0.259206022069 0.155445508711
0.749721916687 0.249675567564 0.308300586337
0.723193268627 0.257507066371 0.169584725955
0.684413896972 0.279854821424 0.320921317169
0.664006861935 0.264401112867 0.207537497079
0.681347586730 0.271883380599 0.343703091234
0.688678698620 0.255139017784 0.131211909796
0.747101612721 0.235270412833 0.373188850762
0.724545644462 0.251601419875 0.218711363199
0.690707886760 0.268046944079 0.281422329462
0.734763326697 0.250724519749 0.255995199425
0.706708050227 0.268276501541 0.215951346577
0.757516941001 0.247718180104 0.326855024321
0.742192711918 0.257164906590 0.234602168460
0.708534830729 0.272178681279 0.250359184666
0.759177092361 0.263267275864 0.261147920546
0.727156186959 0.278636580136 0.233016008737
0.783709554389 0.244560054739 0.383538601668
0.772867813884 0.264319638016 0.306891968570
0.749607207111 0.284271731857 0.182716535731
0.781158873678 0.244785606172 0.376005411146
0.771132695871 0.263250251093 0.303489897842
0.747696354358 0.284254340963 0.198725829403
0.785879355832 0.242314344170 0.395296313607
0.776123452052 0.260896937952 0.329258118676
0.756297656495 0.273679951817 0.179562679551
0.731575837266 0.303018787565 0.369778901398
0.744784253647 0.281967019618 0.194806478220
0.791549443645 0.252459135714 0.379570586195
0.793053308326 0.268204941768 0.453027317668
0.757515204820 0.342358174989 0.392352967293
0.784065945386 0.362327573843 0.483196349555
0.825302982710 0.362443893028 0.185686907292
0.865522470234 0.357166247232 0.401029155254
0.798710962820 0.410693008278 0.556542375855
0.806402882200 0.395819135786 0.512248233209
0.805157482815 0.359344560433 0.272139283127
0.816518728689 0.335192104453 0.112291892160
0.838542218606 0.304149716466 0.297270590727
0.809161178439 0.317499033160 0.216970855226
0.704922190708 0.329345935770 0.415150039416
0.724306399512 0.309893585294 0.385269685562
0.753955922430 0.333353897067 0.416160264293
0.717393161037 0.309003631792 0.339932087323
0.746744030319 0.335816623940 0.408978559859
0.695237740901 0.328341995533 0.442124655876
0.716187019518 0.301540432153 0.335383149734
0.697595875532 0.322286119144 0.417432391049
0.700862502559 0.312244947014 0.380207366575
0.747125510883 0.306444329366 0.283942231695
0.735070974148 0.298005486269 0.338941680460
0.746641058196 0.262268906267 0.220531865814
0.712607752913 0.282232561974 0.301057799866
0.722183339408 0.255568882259 0.181154707375
0.681140804345 0.276490017596 0.339551544855
0.668417842697 0.262964368591 0.232767791652
0.685340214485 0.304270018031 0.312604778522
0.734614730743 0.282686259756 0.247590710273
0.796389462030 0.267275802880 0.502214560776
0.767094662724 0.330078661606 0.306069468960
0.833036813315 0.292812497335 0.324511575134
0.817910453771 0.306353470101 0.278328139172
0.802533174923 0.274840529022 0.447962400308
0.726277844187 0.284237977012 0.290958915127
0.758532604574 0.281602667910 0.161703930486
0.748280468102 0.303402285034 0.288940860751
0.749576378311 0.306781535365 0.282336342824
0.734313525116 0.306514423441 0.371495368627
0.748463322989 0.281782691138 0.171144550859
0.774475685194 0.257175536998 0.340848940925
0.761539653663 0.268579448602 0.234037093990
0.738239639668 0.288513914414 0.295783939745
0.764035436702 0.269322517506 0.246764153230
0.742625464069 0.285955830018 0.245568721000
0.779965867030 0.257970230983 0.345835259331
0.767642505590 0.261816039881 0.295626089340
0.749386585110 0.278466453347 0.153949063515
0.760553079870 0.269360079722 0.229286205639
0.737692802925 0.289241548256 0.301156835093
0.756822134655 0.270241210576 0.207535491692
0.732178130298 0.292588013120 0.335912123104
0.748619434512 0.282858178612 0.177309898590
0.773807330082 0.257167093006 0.338017626234
0.761909671381 0.269055258025 0.238523341421
0.741545833163 0.285994057286 0.260500795377
0.772539798740 0.261887845434 0.315788784028
0.755923235230 0.275974937052 0.170745203258
0.740695327964 0.296212526684 0.294457758650
0.741805892205 0.274031513612 0.154055893617
0.747013570994 0.275343170201 0.152801039495
0.752311611535 0.269943055309 0.182260590280
0.727203702776 0.284962655999 0.290155730191
0.755749437795 0.281184246231 0.152386118234
0.753286268692 0.285868969458 0.161486664345
0.766350205731 0.268517585851 0.254384217171
0.748397088911 0.282001892753 0.171144550859
0.769532133203 0.262008580015 0.303852803812
0.753929265007 0.276706759571 0.158167521964
0.744448391332 0.289663150093 0.257794067932
0.761360494350 0.262736352862 0.267073045282
0.742144488213 0.273034122378 0.153417048424
0.741822153398 0.276173338042 0.159972238759
0.757369710312 0.273154035000 0.190449239100
0.739599016004 0.293313419879 0.299725603438
0.741693509490 0.272813944691 0.153417048424
0.741379601729 0.275871089357 0.159972238759
0.756523325997 0.272930209770 0.184579367146
0.739235423886 0.292094862659 0.304706003776
0.743887672745 0.272984551343 0.154496991309
0.740161960748 0.273704058551 0.152594718956
0.748593571291 0.277228040814 0.151442047760
0.753067174062 0.273190760553 0.168931847251
0.737293604440 0.287420667182 0.293176884674
0.761299914969 0.275037552235 0.203812434237
0.747100948070 0.292322537882 0.249621799094
0.763239393315 0.271337378604 0.232612847255
0.747604789214 0.284767560612 0.198725829403
0.770746002229 0.259349380737 0.320357682919
0.758896721877 0.271699863215 0.207467504934
0.742493615528 0.289126360453 0.272352504926
0.755804759477 0.268212962402 0.210377055150
0.733816321730 0.283043237774 0.250789923056
0.772234925617 0.273305138785 0.263172831473
0.761956838356 0.290526485133 0.178085425293
0.761589652759 0.312237972272 0.287544010520
0.763058724612 0.308163128699 0.266278983733
0.781514057076 0.290307745508 0.329338574032
0.794269357012 0.278254064099 0.354396507626
0.774645077778 0.289700080236 0.324360285721
0.794864106248 0.305139225870 0.334066626629
0.762173275877 0.342449830055 0.422813580996
0.774313263490 0.357314017029 0.459604009041
0.799207658366 0.334418824843 0.197895422108
0.825051547604 0.315076173263 0.208308173123
0.809516067598 0.319537003161 0.179703543137
0.756355980337 0.326071810606 0.392530670007
0.780841077815 0.289541482102 0.327829989454
0.796260760344 0.281780390406 0.343455142120
0.784215197590 0.287168166636 0.313048311929
0.787659194353 0.285928729030 0.315974704978
0.784561828550 0.291230068835 0.318875642493
0.787750896963 0.280120489749 0.328410449487
0.779049829385 0.287526884351 0.317934218604
0.797241846610 0.287706062205 0.337842597526
0.802236888879 0.291236538628 0.356145913905
0.819073649042 0.286464558261 0.339619842423
0.809328626684 0.289158931785 0.328388187806
0.813186675044 0.284335877763 0.337021354622
0.801411635106 0.287796135083 0.338483512317
0.808243180721 0.285417776270 0.330333990542
0.801545121295 0.284660500409 0.337163188530
0.796515254995 0.283697361534 0.337099450054
