0.766666666667 0.500000000000 0.719495569384
0.769285163876 0.495667926315 0.700978146227
0.770462647173 0.491552832323 0.692710363684
0.770119990952 0.488493352084 0.697881234924
0.769427192453 0.484574543367 0.703075180456
0.769778566185 0.480148970256 0.693723275473
0.771270170992 0.476224800991 0.685633852640
0.771884802018 0.472945141779 0.682518068636
0.771428503593 0.470110097585 0.684692718473
0.770530208914 0.467244218982 0.689892734028
0.769990059369 0.464173586483 0.693164956019
0.770434147463 0.460986026828 0.685745485302
0.771943443028 0.457663353531 0.678401665177
0.773126364295 0.454532495641 0.673402584918
0.773334586704 0.451615621312 0.674112763554
0.772716040940 0.448369683973 0.676961308810
0.772130894083 0.444050729979 0.682196797434
0.772550756508 0.438983270154 0.671167029952
0.774034359700 0.433188919427 0.660872964683
0.774034946835 0.428100845532 0.661897409601
0.774028868522 0.423349892701 0.657451913291
0.775987468557 0.418653000966 0.637863990489
0.778340740404 0.415566140368 0.626420168764
0.779519712304 0.414113982762 0.623348234781
0.780188227648 0.412808266269 0.621469146039
0.780774721811 0.411463047116 0.620588811545
0.781099353050 0.409707645091 0.620328507657
0.781311850741 0.407636324696 0.617448097690
0.781742253397 0.405031815224 0.616445237296
0.781993639094 0.401338920353 0.615864724568
0.782081820372 0.397029375430 0.615134525112
0.782478511799 0.393792403103 0.610750248570
0.783349258293 0.392584388252 0.608899319918
0.784212091566 0.391640738112 0.607050290817
0.785339752303 0.390675312199 0.604615447667
0.787080774750 0.389399020322 0.598900807115
0.789918769329 0.386997879386 0.573495013727
0.798131780857 0.382860467145 0.505588073895
0.812186844472 0.381871618083 0.375168832099
0.819651007489 0.367060234821 0.250842935021
0.833433798639 0.369959530321 0.185256617234
0.836531396798 0.357061767121 0.131755799234
0.842544257989 0.350276184043 0.094171368574
0.842388001310 0.358294154981 0.114894916758
0.848058261644 0.358647418927 0.148569276078
0.848100556959 0.369270252460 0.159222205484
0.851254584871 0.364698546777 0.152247802947
0.843283865892 0.365843299609 0.153688280186
0.846634802695 0.367049939408 0.156793972117
0.849542759972 0.364843162643 0.148059253914
0.847153189035 0.363181956958 0.147040660794
0.849254341550 0.365236233625 0.148059253914
0.846864770613 0.363575027940 0.147040660794
0.848965923128 0.365629304607 0.149579219765
0.848533952817 0.364204547045 0.150293403499
0.847522774874 0.364688261490 0.149790772118
0.848342539565 0.365250640772 0.149579219765
0.847910569254 0.363825883210 0.149790772118
0.848730333945 0.364388262492 0.150293403499
0.847719156003 0.364871976937 0.150776449711
0.848934961270 0.363860223844 0.150293403499
0.847923783328 0.364343938289 0.149790772118
0.848743548019 0.364906317571 0.149579219765
0.848311577708 0.363481560009 0.151498955076
0.846873194782 0.366008331026 0.154057918863
0.849582963605 0.364521874941 0.150769498589
0.846444372422 0.365039924547 0.151519457445
0.848948075151 0.364533757784 0.150293403499
0.847936897208 0.365017472229 0.150776449711
0.849152702475 0.364005719136 0.150293403499
0.848141524533 0.364489433581 0.149790772118
0.848961289224 0.365051812864 0.149579219765
0.848529318913 0.363627055302 0.151498955076
0.847090935988 0.366153826318 0.154057918863
0.849800704811 0.364667370233 0.150769498589
0.846662113627 0.365185419839 0.151519457445
0.849165816356 0.364679253076 0.150293403499
0.848154638414 0.365162967521 0.150776449711
0.849370443681 0.364151214428 0.150769498589
0.846231852498 0.364669264035 0.148447801703
0.849623729610 0.365478674004 0.148059253914
0.847234158673 0.363817468319 0.149181837990
0.849532717234 0.364508996895 0.150769498589
0.846394126051 0.365027046501 0.151519457445
0.848897828780 0.364520879739 0.150293403499
0.847886650837 0.365004594183 0.150776449711
0.849102456104 0.363992841090 0.150293403499
0.848091278162 0.364476555535 0.149790772118
0.848911042853 0.365038934818 0.149579219765
0.848479072542 0.363614177256 0.151498955076
0.847040689617 0.366140948272 0.154057918863
0.849750458440 0.364654492187 0.150769498589
0.846611867256 0.365172541793 0.151519457445
0.849115569985 0.364666375031 0.150293403499
0.848104392043 0.365150089476 0.150776449711
0.849320197310 0.364138336383 0.150769498589
0.846181606127 0.364656385989 0.148447801703
0.849573483239 0.365465795959 0.148059253914
0.847183912302 0.363804590273 0.147040660794
0.849285064817 0.365858866940 0.146185904398
0.847859402756 0.362225914090 0.148798345436
0.848110345184 0.366278059740 0.152177142784
0.849746860540 0.363959791751 0.150769498589
0.846699684634 0.364462752534 0.149181837990
0.848909837097 0.365127683857 0.149579219765
0.848498436801 0.363770771893 0.151498955076
0.847141471777 0.366154518135 0.154057918863
0.849673966004 0.364765306840 0.150769498589
0.846767863056 0.365244982402 0.151519457445
0.849064838037 0.364780609225 0.150293403499
0.848145585362 0.365220349629 0.150776449711
0.849240905423 0.364308860356 0.150769498589
0.846438591866 0.364771404648 0.149181837990
0.848472714487 0.365383376839 0.149579219765
0.848093793161 0.364133589504 0.149790772118
0.848806632023 0.364622614966 0.150293403499
0.847934926900 0.365039610177 0.150776449711
0.848974076701 0.364174863944 0.150293403499
0.848117146241 0.364584791440 0.149790772118
0.848806024133 0.365057379072 0.149579219765
0.848446048874 0.363870081104 0.150293403499
0.847610364624 0.364269845108 0.149790772118
0.848282302895 0.364730811733 0.150293403499
0.847460207007 0.365124075509 0.150776449711
0.848440695126 0.364308145595 0.150293403499
0.847631752772 0.364695117151 0.149790772118
0.848282359669 0.365141449915 0.149579219765
0.847942225566 0.364019593567 0.149790772118
0.848582666731 0.364458952381 0.150293403499
0.847798807861 0.364833924819 0.150776449711
0.848734042682 0.364055653209 0.150293403499
0.847962151123 0.364424900877 0.149790772118
0.848583184980 0.364850945788 0.149579219765
0.848258395272 0.363779699501 0.151498955076
0.847184975179 0.365665349513 0.151519457445
0.849039569793 0.365290411170 0.149579219765
0.848721944564 0.364242795316 0.150293403499
0.847983858474 0.364595871553 0.149790772118
0.848577890859 0.365003392772 0.149579219765
0.848267120851 0.363978387332 0.150293403499
0.847544850892 0.364323897650 0.149790772118
0.848126244290 0.364722748204 0.149790772118
0.848703543369 0.365118789952 0.149579219765
0.848401466228 0.364122455993 0.150293403499
0.847699259323 0.364458368802 0.149790772118
0.848264614283 0.364846216583 0.149579219765
0.847968744207 0.363870355239 0.149790772118
0.848526407262 0.364252926179 0.150293403499
0.847843178922 0.364579760264 0.149790772118
0.848393356567 0.364957196024 0.149579219765
0.848105376360 0.364007357649 0.149790772118
0.848648266884 0.364379794260 0.150293403499
0.847983018237 0.364698027447 0.149790772118
0.848518812153 0.365065595606 0.149579219765
0.848238311951 0.364140428358 0.149790772118
0.848767192397 0.364503253701 0.150293403499
0.848119001408 0.364813327063 0.150776449711
0.848893399668 0.364168898341 0.150293403499
0.848253413628 0.364475046724 0.150293403499
0.847617452658 0.364779269646 0.149790772118
0.848129805590 0.365130756697 0.150776449711
0.848884964141 0.364502338627 0.150293403499
0.848260780226 0.364800927790 0.149579219765
0.847995767765 0.363926843397 0.149790772118
0.848495624284 0.364269757593 0.150293403499
0.847882789167 0.364562917863 0.149790772118
0.848376623319 0.364901700563 0.149579219765
0.848117958462 0.364048552322 0.149790772118
0.848605913635 0.364383301895 0.150293403499
0.848007583491 0.364669523460 0.149790772118
0.848489798016 0.365000334803 0.149579219765
0.848237183799 0.364167143246 0.149790772118
0.848713791177 0.364494107945 0.150293403499
0.848129295257 0.364773711670 0.149790772118
0.848600424389 0.365096918154 0.149579219765
0.848353584212 0.364282770976 0.150293403499
0.847779051290 0.364557608729 0.149790772118
0.848242195183 0.364875337137 0.150776449711
0.848925231850 0.364306936523 0.150293403499
0.848360327972 0.364577168056 0.150293403499
0.847798562448 0.364845898303 0.150776449711
0.848470278065 0.364286918694 0.150293403499
0.847914685789 0.364552695862 0.149790772118
0.848362644637 0.364860006945 0.149579219765
0.848127878163 0.364085682183 0.149790772118
0.848570994212 0.364389670984 0.150293403499
0.848027350157 0.364649732514 0.149790772118
0.848465726998 0.364950470098 0.149579219765
0.848235955555 0.364192620331 0.149790772118
0.848669693487 0.364490175507 0.150293403499
0.848137494570 0.364744762057 0.149790772118
0.848566690744 0.365039201471 0.149579219765
0.848341706206 0.364297140241 0.150293403499
0.847817779811 0.364547769487 0.149790772118
0.848240338931 0.364837655715 0.150776449711
0.848863828811 0.364318807975 0.150293403499
0.848347921698 0.364565601059 0.150293403499
0.847834633402 0.364811141387 0.150776449711
0.848448676466 0.364300154976 0.150293403499
0.847940546847 0.364543227562 0.149790772118
