0.100000000000 0.633333333333 0.560117165384
0.098695708554 0.635915498931 0.554794239257
0.097098905325 0.638514647192 0.544172066751
0.094941117804 0.641125886864 0.533174351609
0.092891121455 0.642957301823 0.529174843856
0.091651803051 0.643422349561 0.528402054471
0.091194296585 0.642797206998 0.529836656412
0.090503338064 0.641597192025 0.530734014594
0.089368101028 0.640639838716 0.535073566497
0.088369272343 0.638307586438 0.539438670874
0.087261750712 0.636104167449 0.544331051382
0.086214757983 0.634770381424 0.546390841528
0.085258482713 0.633871700449 0.547986336940
0.084164679523 0.633506346230 0.548104057282
0.083160461196 0.633648505346 0.547679883432
0.082219391426 0.634389169736 0.546086018963
0.081979622333 0.635728024286 0.546161476613
0.082362268823 0.636921074628 0.546802958259
0.083280575604 0.637872072476 0.548075812968
0.084228119892 0.637597654853 0.547427506473
0.084725525647 0.636569409179 0.546213100272
0.084535995962 0.635422346921 0.547031044171
0.084402819520 0.635179632554 0.547355074441
0.083860725371 0.635185834190 0.547355074441
0.083318631223 0.635192035827 0.547046964336
0.082952182333 0.635833219727 0.546947857473
0.083103863209 0.636265360941 0.547317695262
0.083697917103 0.636386239688 0.547075744205
0.083912271677 0.635791861855 0.547031044171
0.083779095235 0.635549147487 0.547031044171
0.083645918793 0.635306433120 0.546947857473
0.083797599669 0.635738574333 0.547031044171
0.083664423227 0.635495859966 0.547031044171
0.083531246785 0.635253145598 0.546947857473
0.083682927661 0.635685286811 0.547031044171
0.083549751219 0.635442572444 0.546947857473
0.083701432095 0.635874713657 0.547031044171
0.083568255653 0.635631999290 0.546947857473
0.083719936530 0.636064140503 0.547031044171
0.083586760087 0.635821426136 0.546947857473
0.083738440964 0.636253567349 0.547075744205
0.083952795538 0.635659189516 0.547031044171
0.083819619096 0.635416475149 0.547031044171
0.083686442653 0.635173760781 0.547355074441
0.083144348505 0.635179962417 0.547046964336
0.082777899615 0.635821146318 0.546947857473
0.082929580491 0.636253287532 0.547317695262
0.083523634385 0.636374166279 0.547317695262
0.084117688280 0.636495045025 0.547075744205
0.084332042854 0.635900667193 0.547031044171
0.084198866411 0.635657952825 0.547031044171
0.084065689969 0.635415238457 0.547031044171
0.083932513527 0.635172524090 0.547355074441
0.083390419378 0.635178725726 0.547046964336
0.083023970488 0.635819909627 0.546947857473
0.083175651365 0.636252050840 0.547317695262
0.083769705259 0.636372929587 0.547075744205
0.083984059833 0.635778551755 0.547031044171
0.083850883391 0.635535837387 0.547031044171
0.083717706948 0.635293123019 0.547031044171
0.083584530506 0.635050408652 0.547046964336
0.083218081616 0.635691592552 0.546947857473
0.083369762493 0.636123733766 0.546947857473
0.083521443369 0.636555874979 0.547317695262
0.084115497263 0.636676753726 0.547075744205
0.084329851837 0.636082375893 0.547031044171
0.084196675395 0.635839661526 0.547031044171
0.084063498953 0.635596947158 0.547031044171
0.083930322510 0.635354232791 0.547031044171
0.083797146068 0.635111518423 0.547355074441
0.083255051920 0.635117720059 0.547046964336
0.082888603030 0.635758903960 0.546947857473
0.083040283906 0.636191045174 0.547317695262
0.083634337800 0.636311923921 0.547317695262
0.084228391695 0.636432802667 0.547075744205
0.084442746269 0.635838424835 0.547031044171
0.084309569826 0.635595710467 0.547031044171
0.084176393384 0.635352996099 0.547031044171
0.084043216942 0.635110281732 0.547355074441
0.083501122793 0.635116483368 0.547046964336
0.083134673903 0.635757667269 0.546947857473
0.083286354780 0.636189808482 0.547317695262
0.083880408674 0.636310687229 0.547075744205
0.084094763248 0.635716309397 0.547031044171
0.083961586806 0.635473595029 0.547031044171
0.083828410363 0.635230880661 0.547031044171
0.083695233921 0.634988166294 0.547355074441
0.083153139772 0.634994367930 0.547046964336
0.082786690882 0.635635551831 0.546947857473
0.082938371759 0.636067693044 0.546947857473
0.083090052635 0.636499834258 0.547317695262
0.083684106530 0.636620713005 0.547075744205
0.083898461104 0.636026335172 0.547031044171
0.083765284661 0.635783620804 0.547031044171
0.083632108219 0.635540906437 0.546947857473
0.083783789096 0.635973047650 0.547031044171
0.083650612653 0.635730333283 0.546947857473
0.083802293530 0.636162474496 0.547031044171
0.083669117088 0.635919760128 0.547031044171
0.083535940645 0.635677045761 0.546947857473
0.083687621522 0.636109186974 0.547031044171
0.083555763658 0.635868875719 0.546947857473
0.083704470400 0.636292543576 0.547075744205
0.083912581637 0.635715477718 0.547031044171
0.083784527365 0.635482098519 0.547031044171
0.083657692658 0.635250941978 0.547031044171
0.083532054505 0.635021966160 0.547046964336
0.083189578907 0.635621203450 0.546947857473
0.083330024163 0.636021334203 0.546947857473
0.083469180930 0.636417794032 0.547317695262
0.084009229925 0.636527683802 0.547075744205
0.084202342154 0.635992208277 0.547031044171
0.084083434616 0.635775499020 0.547031044171
0.083965579358 0.635560707544 0.547031044171
0.083848757917 0.635347800204 0.547031044171
0.083732952315 0.635136744233 0.547355074441
0.083265629773 0.635142090471 0.547046964336
0.082952425594 0.635690110899 0.546947857473
0.083080968709 0.636056332266 0.546947857473
0.083208431631 0.636419476143 0.547317695262
0.083703476543 0.636520208432 0.547075744205
0.083880629083 0.636028987083 0.547031044171
0.083771468065 0.635830040880 0.547031044171
0.083663194535 0.635632712126 0.547031044171
0.083555794178 0.635436974732 0.546947857473
0.083677138879 0.635782687703 0.547031044171
0.083571443290 0.635590057253 0.546947857473
0.083690877051 0.635930325925 0.547031044171
0.083586832955 0.635740705325 0.546947857473
0.083704415030 0.636075698514 0.547031044171
0.083601971613 0.635888995154 0.546947857473
0.083717758542 0.636218873943 0.547075744205
0.083880148370 0.635768587706 0.547031044171
0.083780015707 0.635586095700 0.547031044171
0.083680630302 0.635404965575 0.547031044171
0.083581981086 0.635225177155 0.546947857473
0.083693511142 0.635542928047 0.547031044171
0.083596302060 0.635365764275 0.546947857473
0.083706215739 0.635678910082 0.547031044171
0.083610405349 0.635504295429 0.546947857473
0.083718748832 0.635812967724 0.547031044171
0.083624297454 0.635640829875 0.546947857473
0.083731114973 0.635945154673 0.547031044171
0.083637984594 0.635775424346 0.546947857473
0.083743318536 0.636075522411 0.547031044171
0.083651472713 0.635908133192 0.546947857473
0.083755363725 0.636204120324 0.547075744205
0.083901183163 0.635799781663 0.547031044171
0.083811199080 0.635635785468 0.547031044171
0.083721818918 0.635472889920 0.547031044171
0.083633034623 0.635311080341 0.546947857473
0.083733485534 0.635597266575 0.547031044171
0.083645869454 0.635437586070 0.546947857473
0.083745007282 0.635720031308 0.547031044171
0.083658529072 0.635562424576 0.547031044171
0.083572608787 0.635405834661 0.546947857473
0.083669840118 0.635682848259 0.547031044171
0.083585014359 0.635528253121 0.546947857473
0.083681014913 0.635801760218 0.547031044171
0.083597256145 0.635649109672 0.546947857473
0.083692056692 0.635919197931 0.547031044171
0.083609338405 0.635768443665 0.546947857473
0.083702968576 0.636035197500 0.547031044171
0.083621265237 0.635886292980 0.546947857473
0.083713753576 0.636149793720 0.547031044171
0.083633040581 0.636002694104 0.546947857473
0.083724414603 0.636263020136 0.547075744205
0.083852770635 0.635907105266 0.547031044171
0.083773498944 0.635762632428 0.547031044171
0.083694696315 0.635619014459 0.547031044171
0.083616357231 0.635476241302 0.546947857473
0.083705059498 0.635728955462 0.547031044171
0.083627631334 0.635587842457 0.546947857473
0.083715308141 0.635837635066 0.547031044171
0.083638769956 0.635698144050 0.546947857473
0.083725444743 0.635945081886 0.547031044171
0.083649776310 0.635807175996 0.546947857473
0.083735471720 0.636051323574 0.547031044171
0.083660653494 0.635914967188 0.547031044171
0.083586253247 0.635779372569 0.546947857473
0.083670520401 0.636019451021 0.547031044171
0.083596942256 0.635885354685 0.546947857473
0.083680283397 0.636122794912 0.547031044171
0.083607509384 0.635990164110 0.546947857473
0.083689944643 0.636225023465 0.547075744205
0.083805811981 0.635903738150 0.547031044171
0.083734211743 0.635773246555 0.547031044171
0.083662994394 0.635643452775 0.547031044171
0.083592155861 0.635514349388 0.546947857473
0.083672410293 0.635742995533 0.547031044171
0.083602317429 0.635615251129 0.546947857473
0.083681731500 0.635841503073 0.547031044171
0.083612368770 0.635715089340 0.546947857473
0.083690959897 0.635938996705 0.547031044171
0.083622312247 0.635813886206 0.546947857473
0.083700097312 0.636035497085 0.547031044171
0.083632150147 0.635911663224 0.546947857473
0.083709145516 0.636131024246 0.547031044171
0.083641884686 0.636008441232 0.546947857473
0.083718106232 0.636225597620 0.547075744205
