0.766666666667 0.900000000000 0.688634642871
0.767437801467 0.914683753378 0.684931727589
0.763010391825 0.924276103935 0.711509063802
0.807675672458 0.905512135787 0.767748075041
0.794029183512 0.860957009044 0.847108557550
0.720723143770 0.886769208455 0.617868032900
0.720678883578 0.884049229630 0.618720213030
0.718159285468 0.879572750951 0.623625792119
0.717095936865 0.869778509061 0.617910858708
0.720049317641 0.860520017239 0.624230897314
0.704723079255 0.841349074268 0.628686321045
0.703044768639 0.837742937836 0.631563372671
0.703151073279 0.829992420980 0.627119554626
0.706365403573 0.826698548782 0.627049464085
0.708375104731 0.832680746353 0.631023161996
0.706587976054 0.839247527998 0.627946258727
0.705802531673 0.837211214724 0.628624808196
0.705559995855 0.834887597625 0.628606192145
0.705919597598 0.834326107442 0.628503523008
0.706616435273 0.834850398883 0.628651511008
0.705869338421 0.835817995939 0.628644893161
0.705911721889 0.834279891523 0.628503523008
0.706608559563 0.834804182964 0.628651511008
0.705861462711 0.835771780020 0.628644893161
0.705903846180 0.834233675604 0.628503523008
0.706600683854 0.834757967045 0.628651511008
0.705853587002 0.835725564101 0.628644893161
0.705895970471 0.834187459684 0.628503523008
0.706592808145 0.834711751126 0.628651511008
0.705845711293 0.835679348182 0.628644893161
0.705888094762 0.834141243765 0.628503523008
0.706584932436 0.834665535207 0.628651511008
0.705837835584 0.835633132263 0.628644893161
0.705880219052 0.834095027846 0.628503523008
0.706577056727 0.834619319287 0.628771384756
0.706110227579 0.836782277861 0.628624808196
0.705867691761 0.834458660761 0.628503523008
0.706564529436 0.834982952203 0.628651511008
0.705817432584 0.835950549259 0.628644893161
0.705859816052 0.834412444842 0.628503523008
0.706556653726 0.834936736283 0.628651511008
0.705809556874 0.835904333339 0.628644893161
0.705851940343 0.834366228923 0.628503523008
0.706548778017 0.834890520364 0.628651511008
0.705801681165 0.835858117420 0.628644893161
0.705844064634 0.834320013004 0.628503523008
0.706540902308 0.834844304445 0.628651511008
0.705793805456 0.835811901501 0.628644893161
0.705836188925 0.834273797084 0.628503523008
0.706533026599 0.834798088526 0.628651511008
0.705785929747 0.835765685582 0.628644893161
0.705828313215 0.834227581165 0.628503523008
0.706525150890 0.834751872607 0.628651511008
0.705778054038 0.835719469663 0.628644893161
0.705820437506 0.834181365246 0.628503523008
0.706517275181 0.834705656688 0.628651511008
0.705770178329 0.835673253743 0.628644893161
0.705812561797 0.834135149327 0.628503523008
0.706509399472 0.834659440768 0.628651511008
0.705762302620 0.835627037824 0.628644893161
0.705804686088 0.834088933408 0.628503523008
0.706501523762 0.834613224849 0.628771384756
0.706034694614 0.836776183422 0.628624808196
0.705792158797 0.834452566323 0.628503523008
0.706488996471 0.834976857764 0.628651511008
0.705741899619 0.835944454820 0.628644893161
0.705784283088 0.834406350404 0.628503523008
0.706481120762 0.834930641845 0.628651511008
0.705734023910 0.835898238901 0.628644893161
0.705776407379 0.834360134485 0.628503523008
0.706473245053 0.834884425926 0.628651511008
0.705726148201 0.835852022982 0.628644893161
0.705768531669 0.834313918565 0.628503523008
0.706465369344 0.834838210007 0.628651511008
0.705718272492 0.835805807063 0.628644893161
0.705760655960 0.834267702646 0.628503523008
0.706457493635 0.834791994088 0.628651511008
0.705710396783 0.835759591144 0.628644893161
0.705752780251 0.834221486727 0.628503523008
0.706449617925 0.834745778168 0.628651511008
0.705702521074 0.835713375224 0.628644893161
0.705744904542 0.834175270808 0.628503523008
0.706441742216 0.834699562249 0.628651511008
0.705694645364 0.835667159305 0.628644893161
0.705737028833 0.834129054889 0.628503523008
0.706433866507 0.834653346330 0.628651511008
0.705686769655 0.835620943386 0.628644893161
0.705729153124 0.834082838969 0.628503523008
0.706425990798 0.834607130411 0.628771384756
0.705959161650 0.836770088984 0.628624808196
0.705716625832 0.834446471885 0.628503523008
0.706413463507 0.834970763326 0.628651511008
0.705666366655 0.835938360382 0.628644893161
0.705708750123 0.834400255965 0.628503523008
0.706405587798 0.834924547407 0.628651511008
0.705658490946 0.835892144463 0.628644893161
0.705700874414 0.834354040046 0.628503523008
0.706397712088 0.834878331488 0.628651511008
0.705650615237 0.835845928544 0.628644893161
0.705692998705 0.834307824127 0.628503523008
0.706389836379 0.834832115568 0.628651511008
0.705650136526 0.835790132456 0.628644893161
0.705691688946 0.834282186949 0.628503523008
0.706368230377 0.834791207766 0.628651511008
0.705649868020 0.835721589551 0.628644893161
0.705690233228 0.834256728201 0.628503523008
0.706347627260 0.834751342769 0.628651511008
0.705649405903 0.835655639083 0.628644893161
0.705688649856 0.834231468327 0.628503523008
0.706327950474 0.834712469649 0.628651511008
0.705648771518 0.835592103336 0.628606192145
0.705972737052 0.835086256325 0.628606192145
0.706293810037 0.834584925804 0.628771384756
0.705880686897 0.836499048435 0.628644893161
0.705917865378 0.835149834034 0.628606192145
0.706230562545 0.834661581701 0.628651511008
0.705586513535 0.835495717094 0.628606192145
0.705893865452 0.835015810955 0.628606192145
0.706198612692 0.834539971817 0.628503523008
0.706784190569 0.834980552860 0.628651511008
0.706161609859 0.835786883740 0.628644893161
0.706196637519 0.834515723065 0.628503523008
0.706767815941 0.834945470148 0.628651511008
0.706160420126 0.835732134421 0.628644893161
0.706194600343 0.834491727634 0.628503523008
0.706752070482 0.834911160787 0.628651511008
0.706159136473 0.835679094958 0.628644893161
0.706192509283 0.834467989118 0.628503523008
0.706736913716 0.834877591807 0.628651511008
0.706157768869 0.835627667044 0.628644893161
0.706190371537 0.834444509801 0.628503523008
0.706722308693 0.834844732275 0.628651511008
0.706156326230 0.835577760348 0.628606192145
0.706426703480 0.835155587278 0.628651511008
0.705869168516 0.835877674633 0.628644893161
0.705900563678 0.834738338028 0.628606192145
0.706164976724 0.834325477599 0.628503523008
0.706673617362 0.834708172082 0.628651511008
0.706132242832 0.835409329369 0.628606192145
0.706390949121 0.835005379597 0.628651511008
0.705857308513 0.835696520351 0.628644893161
0.705887367710 0.834605666155 0.628503523008
0.706378098467 0.834974885480 0.628651511008
0.705855653116 0.835651526778 0.628644893161
0.705885086080 0.834583398711 0.628503523008
0.706365663787 0.834944979015 0.628651511008
0.705853953614 0.835607716725 0.628644893161
0.705882785905 0.834561387189 0.628503523008
0.706353622172 0.834915638163 0.628651511008
0.705852214889 0.835565032161 0.628606192145
0.706091949384 0.835190705372 0.628606192145
0.706330096233 0.834818857568 0.628651511008
0.705838585147 0.835455434579 0.628606192145
0.706073618966 0.835088447531 0.628606192145
0.706307126591 0.834723843516 0.628651511008
0.705825128622 0.835348099681 0.628606192145
0.706055642559 0.834988170077 0.628606192145
0.706284688256 0.834630533017 0.628651511008
0.705811842147 0.835242936217 0.628606192145
0.706038006765 0.834889797737 0.628606192145
0.706262757854 0.834538866373 0.628771384756
0.705972801861 0.835882318903 0.628644893161
0.705998964496 0.834932871732 0.628606192145
0.706219579062 0.834588399227 0.628503523008
0.706644480083 0.834908089130 0.628651511008
0.706191694112 0.835494511588 0.628606192145
0.706408321668 0.835156264490 0.628651511008
0.705960958284 0.835735663925 0.628644893161
0.705986186539 0.834820125582 0.628606192145
0.706198968635 0.834487882870 0.628503523008
0.706608873150 0.834796289600 0.628651511008
0.706171974406 0.835362135831 0.628606192145
0.706381045187 0.835035688050 0.628651511008
0.705949197295 0.835594992707 0.628606192145
0.706155864964 0.835272297199 0.628606192145
0.706361351674 0.834951445666 0.628651511008
0.705936864826 0.835501216721 0.628606192145
0.706140029652 0.835183990629 0.628606192145
0.706342053104 0.834868546705 0.628651511008
0.705924680561 0.835409103720 0.628606192145
0.706124459307 0.835097164729 0.628606192145
0.706323134303 0.834786949158 0.628651511008
0.705912641527 0.835318595892 0.628606192145
0.706109145211 0.835011770656 0.628606192145
0.706304580941 0.834706612947 0.628651511008
0.705900744805 0.835229638383 0.628606192145
0.706094079075 0.834927761941 0.628606192145
0.706286379473 0.834627499810 0.628771384756
0.706038066096 0.835778009690 0.628644893161
0.706060491211 0.834964197829 0.628606192145
0.706249755287 0.834668676680 0.628651511008
0.705858605102 0.835175271997 0.628606192145
0.706045897677 0.834882829194 0.628606192145
0.706232219823 0.834591901638 0.628771384756
0.705991586242 0.835706828737 0.628644893161
0.706013321354 0.834918057242 0.628606192145
0.706196791631 0.834631582658 0.628606192145
0.706379330586 0.834346562261 0.628771384756
0.706143558289 0.835438965580 0.628606192145
0.706324262683 0.835156809710 0.628651511008
