0.900000000000 0.100000000000 0.502303568262
0.900502448961 0.098189119580 0.502865154908
0.897064934583 0.098059430828 0.502325794184
0.897327934744 0.100255888380 0.503689978916
0.901354989889 0.099137181502 0.502164014639
0.899160344008 0.097881860615 0.502833402010
0.896786057865 0.098370858403 0.502273539932
0.899816888178 0.100100984508 0.502303568262
0.900319337138 0.098290104087 0.502390971996
0.898890466719 0.097253743383 0.503471837261
0.894739895707 0.098966045715 0.501248240641
0.900438346045 0.102469251251 0.503880571833
0.904661607116 0.099294821241 0.501046878702
0.903102537130 0.098451354449 0.501696903047
0.899843421714 0.097460022725 0.502865154908
0.896405907336 0.097330333973 0.501804620667
0.898164250648 0.100487982326 0.503409075762
0.901518726963 0.098747540444 0.502164014639
0.899324081081 0.097492219558 0.502833402010
0.896949794938 0.097981217345 0.502325794184
0.897212795099 0.100177674897 0.502994656974
0.900262746749 0.099904618793 0.502303568262
0.900765195710 0.098093738373 0.502865154908
0.897327681331 0.097964049621 0.502325794184
0.897590681493 0.100160507173 0.502994656974
0.900640633142 0.099887451069 0.502303568262
0.901143082103 0.098076570649 0.502796945035
0.896844339571 0.097544045092 0.501804620667
0.898602682883 0.100701693445 0.503409075762
0.901957159198 0.098961251563 0.501917459924
0.899154127659 0.097723796343 0.502833402010
0.896779841516 0.098212794130 0.501804620667
0.898538184827 0.101370442483 0.504150729198
0.902723453206 0.099119068263 0.501917459924
0.899920421667 0.097881613043 0.502865154908
0.896482907289 0.097751924292 0.501804620667
0.898241250601 0.100909572645 0.503409075762
0.901595726916 0.099169130763 0.502164014639
0.899401081034 0.097913809876 0.502833402010
0.897026794891 0.098402807664 0.502523252207
0.898774756336 0.099247161397 0.502871455158
0.900880498180 0.098279464258 0.502164014639
0.898685852299 0.097024143371 0.503045553090
0.895912900528 0.099708270088 0.502779380548
0.901058304460 0.101128572581 0.502090246047
0.902713241662 0.098673325769 0.501917459924
0.899910210123 0.097435870549 0.502865154908
0.896472695745 0.097306181798 0.501804620667
0.898231039056 0.100463830151 0.503409075762
0.901585515371 0.098723388269 0.502164014639
0.899390869490 0.097468067382 0.502833402010
0.897016583346 0.097957065170 0.502325794184
0.897279583508 0.100153522721 0.502994656974
0.900329535158 0.099880466618 0.502303568262
0.900831984118 0.098069586198 0.502796945035
0.896533241586 0.097537060641 0.501804620667
0.898291584898 0.100694708993 0.503409075762
0.901646061213 0.098954267111 0.502164014639
0.899451415332 0.097698946225 0.502833402010
0.897077129188 0.098187944012 0.502325794184
0.897340129349 0.100384401564 0.503689978916
0.901367184495 0.099265694686 0.501938338357
0.901218296482 0.097364602643 0.502796945035
0.896919553950 0.096832077086 0.502421650970
0.895685202931 0.100560979613 0.503826768276
0.901226203096 0.101032497420 0.502090246047
0.902881140297 0.098577250608 0.501696903047
0.899622024881 0.097585918884 0.502833402010
0.897247738738 0.098074916671 0.502325794184
0.897510738899 0.100271374223 0.503689978916
0.901537794045 0.099152667345 0.502164014639
0.899343148163 0.097897346458 0.502833402010
0.896968862020 0.098386344246 0.502523252207
0.898716823465 0.099230697979 0.502871455158
0.900822565309 0.098263000840 0.502164014639
0.898627919428 0.097007679953 0.503045553090
0.895854967657 0.099691806670 0.502779380548
0.901000371589 0.101112109163 0.502090246047
0.902655308790 0.098656862351 0.501917459924
0.899852277252 0.097419407131 0.502865154908
0.896414762873 0.097289718380 0.501804620667
0.898173106185 0.100447366733 0.503409075762
0.901527582500 0.098706924851 0.502164014639
0.899332936619 0.097451603964 0.502833402010
0.896958650475 0.097940601752 0.502325794184
0.897221650637 0.100137059303 0.502994656974
0.900271602286 0.099864003200 0.502303568262
0.900774051247 0.098053122779 0.502865154908
0.897336536869 0.097923434028 0.502325794184
0.897599537030 0.100119891580 0.502994656974
0.900649488680 0.099846835476 0.502303568262
0.901151937641 0.098035955056 0.502796945035
0.896853195109 0.097503429499 0.501804620667
0.898611538421 0.100661077851 0.503409075762
0.901966014736 0.098920635969 0.501917459924
0.899162983197 0.097683180749 0.502833402010
0.896788697053 0.098172178537 0.501804620667
0.898547040365 0.101329826890 0.504150729198
0.902732308743 0.099078452670 0.501696903047
0.899473193328 0.098087120945 0.502833402010
0.897098907184 0.098576118733 0.502523252207
0.898829562080 0.099412112528 0.502871455158
0.900894014868 0.098463389842 0.502164014639
0.898763290712 0.097244631700 0.503045553090
0.896096990932 0.099825522774 0.502969955289
0.899974495966 0.100341935711 0.502569872922
0.902027569207 0.098046770084 0.502673124577
0.897402086761 0.097393374128 0.502325794184
0.897645605428 0.099427131120 0.502994656974
0.900443726208 0.099176620933 0.502390971996
0.899144753100 0.098234474838 0.502833402010
0.897005756574 0.098675013386 0.502523252207
0.898566436436 0.099428900648 0.502871455158
0.900429924793 0.098572531497 0.502390971996
0.899176529689 0.097663443160 0.502833402010
0.897111933042 0.098088658628 0.502325794184
0.897338657319 0.099982156517 0.502994656974
0.899945453601 0.099748775232 0.502303568262
0.900371257805 0.098214130808 0.502865154908
0.897482590260 0.098105148664 0.502325794184
0.897701757061 0.099935529957 0.502994656974
0.900222378260 0.099709863755 0.502303568262
0.900634221670 0.098225535542 0.502865154908
0.897839494533 0.098120097533 0.502325794184
0.898051591437 0.099891434268 0.502871455158
0.899736184912 0.099117276556 0.502552937230
0.899333217658 0.098648059940 0.502552937230
0.898933423373 0.098182537943 0.502833402010
0.897078512324 0.098564567465 0.502523252207
0.898433521196 0.099219105243 0.502608416268
0.898862796860 0.099258280622 0.502628802612
0.899820175373 0.098118923672 0.502865154908
0.897215997814 0.098020674618 0.502325794184
0.897413742296 0.099672146461 0.502994656974
0.899689825617 0.099468373249 0.502628802612
0.900618837359 0.098362775024 0.502390971996
0.899568197345 0.097600745094 0.502833402010
0.897835141766 0.097957677786 0.502325794184
0.898025721593 0.099549313693 0.502871455158
0.899540643783 0.098853128700 0.502552937230
0.899177973254 0.098430833746 0.502552937230
0.898817874856 0.098011533791 0.502663251056
0.898022296401 0.098915371827 0.502608416268
0.898412547005 0.098950985808 0.502608416268
0.898800087535 0.098986352470 0.502608416268
0.899184955372 0.099021475223 0.502552937230
0.898837189111 0.098616534856 0.502552937230
0.898491788607 0.098214349185 0.502663251056
0.897728463333 0.099081545138 0.502523252207
0.898901591820 0.099648225496 0.502628802612
0.899737702389 0.098653187093 0.502552937230
0.899401451567 0.098261655347 0.502552937230
0.899067412921 0.097872699468 0.502833402010
0.897515591912 0.098192305866 0.502325794184
0.897686371238 0.099618577003 0.502994656974
0.899654081980 0.099442411775 0.502628802612
0.900458034449 0.098485644079 0.502390971996
0.899547925902 0.097825541720 0.502833402010
0.898045213153 0.098135033991 0.502663251056
0.897334696546 0.098942235255 0.502523252207
0.898427172449 0.099469956338 0.502871455158
0.899735086638 0.098868902214 0.502552937230
0.899421667662 0.098503955957 0.502552937230
0.899110171502 0.098141248635 0.502833402010
0.897662436048 0.098439418017 0.502523252207
0.898721806621 0.098951147553 0.502608416268
0.899057986358 0.098981827067 0.502552937230
0.898753951184 0.098627807344 0.502608416268
0.899086128781 0.098658121626 0.502552937230
0.898785691657 0.098308291486 0.502608416268
0.899113961282 0.098338249129 0.502552937230
0.898817038042 0.097992510570 0.502663251056
0.898160223271 0.098738702436 0.502608416268
0.898482800360 0.098768140583 0.502608416268
0.898803523557 0.098797409544 0.502608416268
0.899122414051 0.098826511254 0.502552937230
0.898833926130 0.098490594813 0.502552937230
0.898547068084 0.098156576205 0.502663251056
0.897912393137 0.098877615537 0.502608416268
0.898224157586 0.098906066930 0.502608416268
0.898534190010 0.098934360259 0.502608416268
0.898842509548 0.098962497272 0.502552937230
0.898563532218 0.098637654999 0.502608416268
0.898868482143 0.098665484503 0.502552937230
0.898592537175 0.098344173125 0.502608416268
0.898894190345 0.098371701770 0.502552937230
0.898621212527 0.098053845353 0.502663251056
0.898017083433 0.098740182257 0.502608416268
0.898313922988 0.098767271614 0.502608416268
0.898609191964 0.098794217642 0.502608416268
0.898902906892 0.098821021849 0.502552937230
0.898637075090 0.098511486281 0.502608416268
0.898927730488 0.098538011277 0.502552937230
0.898664653420 0.098231683331 0.502663251056
0.898082322799 0.098893255501 0.502608416268
0.898368506575 0.098919372420 0.502608416268
0.898653230230 0.098945356090 0.502608416268
0.898936508587 0.098971207863 0.502552937230
0.898680074879 0.098672615471 0.502608416268
0.898960506218 0.098698207428 0.502552937230
