0.900000000000 0.233333333333 0.606925171298
0.918267259546 0.223556490879 0.425021298160
0.918555041750 0.223366810611 0.425025427725
0.918908965836 0.223572242758 0.425025427725
0.919262889923 0.223777674905 0.426193562283
0.920368409621 0.224544601642 0.427156293433
0.921614840553 0.225749559170 0.432379152900
0.924155321603 0.227517712297 0.440908429369
0.926901833451 0.229562867818 0.449518244849
0.929458783082 0.230870845128 0.456236362557
0.931401555401 0.231324299597 0.457065204402
0.933298664858 0.231773146162 0.460109646575
0.935207588819 0.232615131220 0.464168742812
0.936990802373 0.234079489476 0.469063663716
0.938253934337 0.236028568916 0.472065245561
0.938174327105 0.237735752358 0.470945404009
0.937184824128 0.238843623202 0.469093796138
0.936256583184 0.239606727048 0.467662963181
0.935486616859 0.240086893170 0.467194661454
0.934933645415 0.240569483316 0.466640224001
0.934367777118 0.240870064437 0.466324513025
0.933947768472 0.241219058744 0.466324513025
0.933527759825 0.241568053051 0.465660688130
0.933241250069 0.241894552227 0.465660688130
0.932954740313 0.242221051404 0.465428088193
0.932776148936 0.242507724426 0.465099494688
0.932609827515 0.242893251317 0.465099494688
0.932443506093 0.243278778207 0.464998980248
0.932412256438 0.243674777158 0.464998980248
0.932381006784 0.244070776109 0.464998980248
0.932349757130 0.244466775059 0.465052944116
0.932497548977 0.244909445924 0.465052944116
0.932645340824 0.245352116789 0.465294485546
0.932995842355 0.245879391996 0.465768471353
0.933459830159 0.246318262014 0.466339812091
0.934167023833 0.246899962157 0.466852671311
0.935043595358 0.247364594661 0.468400434546
0.936379221152 0.247868886361 0.468806422958
0.937914149373 0.248196374114 0.471056918702
0.940032042027 0.248332996459 0.471054998812
0.942358635992 0.248233728877 0.470853025104
0.944736706410 0.248175797109 0.471373596297
0.946948869681 0.248663715452 0.472793341568
0.948936952973 0.249626059696 0.476693105146
0.950644032986 0.250748550591 0.480191565522
0.951892399553 0.251665743169 0.481985353228
0.952814394798 0.252249853097 0.483117000728
0.953445394918 0.252441696847 0.483155628827
0.953950110811 0.252323859326 0.483155628827
0.954454826704 0.252206021805 0.482883739685
0.954820564494 0.251767106922 0.482512107442
0.955221345299 0.251493388779 0.482512107442
0.955622126104 0.251219670636 0.482101641245
0.955840497948 0.250658459824 0.481875716378
0.956091509637 0.250285699379 0.481875716378
0.956342521326 0.249912938934 0.481297221233
0.956475458907 0.249472577916 0.481297221233
0.956608396487 0.249032216897 0.481297221233
0.956741334068 0.248591855879 0.481120425168
0.956976789945 0.248306640716 0.481120425168
0.957212245823 0.248021425553 0.480542701848
0.957482079670 0.247597928225 0.480542701848
0.957751913516 0.247174430896 0.480542701848
0.958021747363 0.246750933567 0.480196096983
0.958465046244 0.246381936605 0.479715766554
0.958894011387 0.245779142429 0.479200746136
0.959520486897 0.245153651307 0.478490152580
0.960204422943 0.244335864264 0.476776403559
0.961173855410 0.243288902537 0.474587649020
0.962372605843 0.242031457665 0.470887243594
0.963476422937 0.240533740326 0.468462245399
0.964285671449 0.239019183475 0.466425595318
0.964064303296 0.237710686932 0.466892167445
0.963332422462 0.236584297073 0.468714873286
0.962376551281 0.235681500424 0.470483551513
0.961278870714 0.235008035276 0.472176051617
0.960072136532 0.234496048047 0.473362619214
0.959165991704 0.233772037628 0.474387487250
0.957977552696 0.233154145302 0.477062675228
0.956727700106 0.232225220736 0.479278863373
0.955436238176 0.231175474339 0.481536888935
0.954263846611 0.230105237178 0.484389125396
0.953659169262 0.229260978623 0.484864336117
0.953293444597 0.228718377057 0.485299915768
0.953271851004 0.228379054702 0.485184170301
0.953530306352 0.228417673487 0.485092319211
0.953431302409 0.228201355775 0.485092319211
0.953332298466 0.227985038063 0.485092319211
0.953233294523 0.227768720350 0.485184170301
0.953491749871 0.227807339136 0.485092319211
0.953392745928 0.227591021424 0.485052408834
0.953575029049 0.227701079648 0.485092319211
0.953476025106 0.227484761936 0.485052408834
0.953658308227 0.227594820160 0.485052408834
0.953840591348 0.227704878384 0.485092319211
0.953741587405 0.227488560672 0.485052408834
0.953923870526 0.227598618896 0.485052408834
0.954106153647 0.227708677121 0.485092319211
0.954007149704 0.227492359408 0.485052408834
0.954189432825 0.227602417632 0.485052408834
0.954371715947 0.227712475857 0.484785411265
0.953976542053 0.227314334592 0.485052408834
0.954155250996 0.227422234812 0.485052408834
0.954332224900 0.227529087457 0.485033812191
0.954230207874 0.227396622516 0.485052408834
0.954403810846 0.227501439872 0.485033812191
0.954303718670 0.227371474270 0.485033812191
0.954204561934 0.227242723299 0.485052408834
0.954373342602 0.227344629062 0.485033812191
0.954276005256 0.227218240495 0.485052408834
0.954441717184 0.227318293426 0.485033812191
0.954346133665 0.227194182130 0.485033812191
0.954251403569 0.227071178971 0.485052408834
0.954412716066 0.227168575629 0.485033812191
0.954319647902 0.227047730420 0.485033812191
0.954227389026 0.226927936039 0.485052408834
0.954384529648 0.227022813818 0.485033812191
0.954293847847 0.226905067204 0.485033812191
0.954203934536 0.226788318442 0.485052408834
0.954357113629 0.226880804345 0.485033812191
0.954268698873 0.226766001396 0.485052408834
0.954419346081 0.226856958606 0.485033812191
0.954332380747 0.226744037673 0.485033812191
0.954246122449 0.226632034796 0.484736955308
0.954620942645 0.226964620751 0.485033812191
0.954536064480 0.226854409920 0.485033812191
0.954451859950 0.226745073779 0.485033812191
0.954368318449 0.226636598551 0.484984786211
0.954531766431 0.226718998649 0.485033812191
0.954449520147 0.226612205209 0.484984786211
0.954610453545 0.226693337613 0.485033812191
0.954529462929 0.226588174606 0.484984786211
0.954687957943 0.226668077732 0.485033812191
0.954608185231 0.226564496124 0.484984786211
0.954764314647 0.226643206665 0.484984786211
0.954919287549 0.226721334165 0.485033812191
0.954841274529 0.226620037446 0.484984786211
0.954993985053 0.226697024398 0.485033812191
0.954917102657 0.226597195747 0.484984786211
0.955067615907 0.226673074974 0.485033812191
0.954991831830 0.226574672447 0.484984786211
0.955140210141 0.226649475372 0.484984786211
0.955287543534 0.226723751517 0.484805466564
0.955057343574 0.226499959693 0.484984786211
0.955202630669 0.226573204224 0.484984786211
0.955346915785 0.226645943621 0.484961192091
0.955356678354 0.226547588654 0.484961192091
0.955366374511 0.226449902768 0.484961192091
0.955376005153 0.226352876921 0.484961192091
0.955385571160 0.226256502255 0.484961192091
0.955395073394 0.226160770087 0.484961192091
0.955404512699 0.226065671906 0.484961192091
0.955413889903 0.225971199371 0.484961192091
0.955423205819 0.225877344304 0.484961192091
0.955432461241 0.225784098686 0.484961192091
0.955441656951 0.225691454652 0.484961192091
0.955450793715 0.225599404490 0.484771205042
0.955691371759 0.225600036052 0.484771205042
0.955930427158 0.225600663616 0.484771205042
0.956167979063 0.225601287234 0.484771205042
0.956404046269 0.225601906954 0.484645834823
0.956579138403 0.225447989965 0.484645834823
0.956753149720 0.225295023080 0.484645834823
0.956926093484 0.225142994643 0.484645834823
0.957097982712 0.224991893208 0.484645834823
0.957268830188 0.224841707540 0.484310097448
0.957416731090 0.224582300860 0.483862522295
0.957819567556 0.224322858992 0.483862522295
0.958220006186 0.224064961422 0.483354404911
0.958638177965 0.223710798063 0.482460468811
0.959298933435 0.223325715977 0.481756086603
0.959995629067 0.222869888310 0.481756086603
0.960688274144 0.222416710805 0.479556294911
0.961616257410 0.221891609916 0.478673816912
0.962573083013 0.221378857241 0.476091234904
0.963635872640 0.220906738033 0.475359771603
0.964679889677 0.220527560294 0.473091929252
0.965649117272 0.220316852276 0.472854069229
0.966539342832 0.220253792368 0.472876659824
0.967336397391 0.220342450834 0.473160073481
0.968026425197 0.220575949456 0.473686183826
0.968596727214 0.220937462344 0.474805805592
0.969286221961 0.221179269269 0.475318454240
0.969850898526 0.221510111373 0.475968863958
0.970276883824 0.221902315087 0.476818583305
0.970789373337 0.222152224275 0.476818583305
0.971299107529 0.222400789866 0.477292359041
0.971662563779 0.222669741764 0.477292359041
0.972024086751 0.222937263068 0.478217367817
0.972281959383 0.223046125447 0.478217367817
0.972538474791 0.223154414867 0.478217367817
0.972793647185 0.223262137327 0.478394090959
0.972896242364 0.223341501694 0.478394090959
0.972998305961 0.223420454847 0.478394090959
0.973099843458 0.223499001025 0.478394090959
0.973200860249 0.223577144402 0.478394090959
0.973301361648 0.223654889089 0.478394090959
0.973401352888 0.223732239132 0.478394090959
0.973500839122 0.223809198518 0.478605859367
0.973613865910 0.223742794116 0.478605859367
