0.900000000000 0.500000000000 0.451204526723
0.894547844090 0.457549485840 0.318511521092
0.894469705968 0.441577185641 0.280753115496
0.864743377730 0.418176065725 0.246775899507
0.894550435082 0.411013662935 0.271654909153
0.883788710039 0.372182185813 0.185206714061
0.845525752634 0.370102615328 0.167542173039
0.860242656459 0.367162778330 0.151411643341
0.780500568614 0.431073156894 0.635588397974
0.776998254253 0.419430401825 0.637300416758
0.788411925419 0.405617523877 0.593965425550
0.798343604113 0.387213823591 0.554041216744
0.823112778299 0.373049432293 0.331786466774
0.857042653858 0.360992049256 0.236799413625
0.760523990391 0.420439379132 0.707974150727
0.761207630773 0.414823992201 0.701363284183
0.767731702248 0.399880416249 0.677235404840
0.776637676292 0.389005583531 0.605048199583
0.791604696605 0.381104228417 0.498947673598
0.857040114782 0.344902712167 0.269060613317
0.862418625228 0.436544971397 0.349625000197
0.886427919266 0.422600451903 0.301367279700
0.914660808787 0.416245567103 0.154716123936
0.896200342923 0.434753366338 0.308377051317
0.881676845724 0.377888848998 0.142033129221
0.838555108380 0.370829042554 0.149723712818
0.834922628009 0.375981000545 0.172656345836
0.845206731181 0.315002456963 0.258532449123
0.827485288093 0.332102065547 0.105318367886
0.792265728328 0.346054712628 0.268083812079
0.798796420375 0.323506027380 0.123578321101
0.797560254934 0.303519958849 0.368499465406
0.751829962675 0.359658625040 0.589565335896
0.760158371365 0.321572103851 0.297400968277
0.787895483579 0.270876354151 0.367757018584
0.766840525180 0.308613045281 0.241457580451
0.788068520730 0.262195245166 0.387434262437
0.801089469655 0.321604683359 0.127342401103
0.761963584743 0.322117080579 0.281719304877
0.783252053273 0.269610475762 0.344031550691
0.776647754967 0.300130064334 0.308843158287
0.701897589125 0.317624061559 0.412694589180
0.712497182571 0.318359192321 0.405050682146
0.724579609117 0.313064216209 0.405596328949
0.762810898572 0.333853771987 0.383357484667
0.808246572929 0.315961591688 0.254999042826
0.706103400650 0.329242536965 0.411173817343
0.724373606388 0.307935711264 0.375538574113
0.744497473084 0.332706809218 0.440781533063
0.697308468586 0.336814797265 0.493092822517
0.738340582475 0.324516139900 0.427688209080
0.775751152726 0.306431581058 0.193386560922
0.707796495907 0.298196564747 0.303798411122
0.685827948150 0.326682940290 0.508423581095
0.712331853834 0.281210849322 0.299240030532
0.721494912598 0.257125090433 0.161142602568
0.683384353190 0.277991295383 0.330835746861
0.668439627015 0.262001947791 0.229543248059
0.684112778573 0.301841448609 0.298211298248
0.729918864783 0.275192201596 0.166961896668
0.782219442058 0.246476979245 0.375833495992
0.772530036630 0.263999076671 0.306891968570
0.749269429857 0.283951170512 0.176704779178
0.779379646294 0.248446842530 0.364189344772
0.774522020688 0.260917361746 0.326573839146
0.753953085580 0.275717064169 0.161153610271
0.737117313602 0.297164240172 0.322585770585
0.744233557547 0.259278436814 0.231801268131
0.712022732016 0.278654031227 0.295648385831
0.730553441387 0.263008835669 0.160639534391
0.693885880933 0.279920498037 0.327348037753
0.688070507975 0.301095774736 0.276141479082
0.729401704422 0.292773714097 0.340159185805
0.754258594718 0.290523730428 0.181906817939
0.790523793891 0.256420152369 0.383861455216
0.811081572170 0.293638877798 0.329291560201
0.817548555901 0.274736136610 0.393401325162
0.797961982028 0.260438190864 0.501264874025
0.856597131134 0.301020326506 0.345271548825
0.849757841003 0.313096614876 0.287782020001
0.826787755227 0.338117045824 0.080446036516
0.829243616572 0.332631420705 0.111110377793
0.793051908554 0.348207387187 0.266632657730
0.805507714654 0.319363989802 0.166584522727
0.711718398638 0.339743046673 0.533457488563
0.783944141599 0.348450080503 0.340389349886
0.834798681499 0.317528952908 0.222840900104
0.808410925082 0.332580761510 0.128507140545
0.860469452826 0.314992289624 0.323831038855
0.833509763024 0.332663963511 0.123787422185
0.797846125748 0.349586315286 0.247938470879
0.808477031348 0.333860039230 0.149263957730
0.861384042627 0.311592769904 0.340331891834
0.843110685431 0.326120948537 0.204346310993
0.813730744016 0.348943966747 0.188493785782
0.830432385979 0.325944230465 0.154701286464
0.798927535116 0.339708698122 0.238029466852
0.817297361397 0.317724315138 0.202301554379
0.765618428596 0.299592927331 0.208442907897
0.768718336099 0.333929276971 0.348654474809
0.842481550648 0.292231354493 0.347139010654
0.833594888227 0.294437302439 0.321191541210
0.816326163283 0.310077222892 0.271425623638
0.792912282782 0.264130269364 0.464503882144
0.800227260169 0.341813809213 0.239392782955
0.808898315978 0.324023358810 0.105343075120
0.770760936111 0.331740770076 0.304215002905
0.834572774641 0.296079397826 0.317455825590
0.816919264293 0.313316883622 0.245754929408
0.777921249129 0.275993046171 0.295262415385
0.766647705899 0.307561819368 0.237175899327
0.786951599500 0.270506423015 0.360741864655
0.771898020491 0.301240449298 0.257825542648
0.725145456881 0.345679109538 0.615356830556
0.753297948872 0.331410685764 0.434648805438
0.730610982104 0.301571148087 0.370848758560
0.741453898236 0.288141703262 0.274090160277
0.765687414590 0.259971255029 0.296857210498
0.746455731332 0.274784124965 0.152072778149
0.746603552890 0.271079220686 0.162091767999
0.726430740896 0.275282960575 0.197701752672
0.770728442688 0.235949014315 0.380321755056
0.757214247551 0.242189142963 0.350482051599
0.736096264967 0.243521656433 0.298769994974
0.713052472973 0.256011665200 0.141071376911
0.693785449123 0.266294199539 0.252086510607
0.737580016311 0.253124102656 0.249028976315
0.713069904262 0.265760053218 0.173714892095
0.758451316844 0.256374237677 0.299033049545
0.739795961615 0.263697633753 0.184429389446
0.715290579619 0.276784994642 0.281614464469
0.729696080351 0.270458104448 0.138157531832
0.744576183257 0.257937743779 0.238110288658
0.720055110042 0.272435859092 0.232298184104
0.759876984077 0.244250065288 0.341791098863
0.748273230028 0.251760930217 0.295535341530
0.726980375789 0.260897616983 0.159901667814
0.703800684500 0.275313573608 0.304435111271
0.737858110995 0.259194834898 0.211213165346
0.713517820380 0.268359052980 0.197894342513
0.759798036868 0.261427475270 0.275769513295
0.738847462922 0.269819091735 0.150903865055
0.729262547729 0.281811773109 0.256380214017
0.770008620932 0.267539792637 0.275176019580
0.752345264773 0.282731100222 0.156466676964
0.761531016230 0.270746932898 0.223400002714
0.743170359228 0.288117753394 0.267409449506
0.762520961944 0.263862725279 0.264826761907
0.744305874829 0.275350001943 0.155996519853
0.753488551866 0.269734751792 0.186587405393
0.730302175774 0.285402113156 0.294519292337
0.760439007790 0.279680180970 0.178705130569
0.749865378408 0.300910409823 0.286829258418
0.758567950084 0.301893188235 0.255162000785
0.784362897754 0.275089608473 0.336759551846
0.772784015944 0.289143929554 0.310083020610
0.790951339092 0.318452818657 0.135896149568
0.792449683652 0.318499026899 0.136099437272
0.790170685784 0.319797622946 0.138689505661
0.802057371130 0.315373000874 0.218023431014
0.740412628929 0.342599474064 0.426290632987
0.779034147481 0.325296842859 0.228174731841
0.801478636576 0.321322589491 0.127342401103
0.777475026200 0.321636943613 0.198518444709
0.804772994810 0.309591825240 0.347843484614
0.763405654858 0.317558760235 0.272900236190
0.755809619597 0.301951159663 0.276300024771
0.771876102859 0.284677664794 0.272872611910
0.788269024030 0.304724611875 0.252515945978
0.754419025106 0.329253532606 0.430999806305
0.756877076967 0.300758826183 0.255539269665
0.780477292249 0.276044794223 0.314126536403
0.771819513654 0.293014274297 0.309361942279
0.770090169093 0.335254464819 0.354214389901
0.810461796011 0.308991760778 0.334808192145
0.796674561900 0.283364667960 0.337099450054
0.790659468401 0.286944264716 0.321321373921
0.786964664184 0.294251433090 0.310945993725
0.783285314240 0.286417773882 0.311734203113
0.788248858719 0.286691628226 0.316752043506
0.784813888028 0.292365198216 0.319812279419
0.786699938752 0.278686473932 0.328932978684
0.776796336770 0.287079196057 0.316031161786
0.798143644218 0.292598601751 0.360072925074
0.814048164863 0.301841934763 0.314542103669
0.812901985949 0.280746077036 0.362460418522
0.790722429292 0.280714421225 0.333070074036
0.782229572075 0.287593135420 0.314688326623
0.790953224663 0.284629695540 0.326495983227
0.786824813236 0.290846856500 0.312923868440
0.786695016394 0.287472700858 0.313182866581
0.786010159946 0.289165901772 0.312953894003
0.785934311587 0.287485641985 0.312843277409
0.787067468474 0.287635419475 0.314108561227
0.785054045533 0.290865743359 0.315275080456
0.786183353882 0.282793626798 0.318056539028
0.781246805598 0.289548058713 0.324829478187
0.793275464431 0.281342435944 0.337144819720
0.785186603167 0.287103692020 0.312843277409
0.786285594520 0.287248953605 0.313182866581
