0.900000000000 0.633333333333 0.467620053131
0.897917206789 0.629915247311 0.485631379719
0.894317974610 0.626528856958 0.511097458766
0.890862404657 0.622330803210 0.542720289004
0.888093819237 0.618531483858 0.559806115218
0.887339355148 0.615733569369 0.559854878681
0.887991450494 0.613591262951 0.557962654946
0.889217292117 0.612062844562 0.555020471531
0.889646195392 0.611545801382 0.554599753925
0.890068376560 0.611598598008 0.554599753925
0.890490557729 0.611651394635 0.554862834499
0.890297703188 0.612133540010 0.554691124825
0.890127732935 0.611972670553 0.554691124825
0.889957762683 0.611811801095 0.554599753925
0.890379943852 0.611864597721 0.554862834499
0.890187089310 0.612346743097 0.554691124825
0.890017119058 0.612185873639 0.555020471531
0.890446022334 0.611668830459 0.554862834499
0.890253167792 0.612150975834 0.554691124825
0.890083197540 0.611990106377 0.554691124825
0.889913227288 0.611829236919 0.554599753925
0.890335408457 0.611882033545 0.554691124825
0.890165438204 0.611721164088 0.554862834499
0.889972583663 0.612203309463 0.555020471531
0.890401486938 0.611686266283 0.554862834499
0.890208632397 0.612168411658 0.554691124825
0.890038662145 0.612007542200 0.555020471531
0.890467565420 0.611490499020 0.554862834499
0.890274710878 0.611972644395 0.554691124825
0.890104740626 0.611811774938 0.554862834499
0.889911886085 0.612293920313 0.555020471531
0.890340789360 0.611776877133 0.554862834499
0.890147934819 0.612259022508 0.554691124825
0.889977964567 0.612098153050 0.555020471531
0.890406867842 0.611581109870 0.554862834499
0.890214013300 0.612063255245 0.554691124825
0.890044043048 0.611902385788 0.555020471531
0.890472946324 0.611385342607 0.554862834499
0.890280091782 0.611867487983 0.554862834499
0.890087237241 0.612349633358 0.554691124825
0.889917266989 0.612188763900 0.555020471531
0.890346170264 0.611671720720 0.554862834499
0.890153315722 0.612153866095 0.554691124825
0.889983345470 0.611992996638 0.555020471531
0.890412248745 0.611475953457 0.554862834499
0.890219394204 0.611958098833 0.554691124825
0.890049423952 0.611797229375 0.554599753925
0.890471605120 0.611850026002 0.554862834499
0.890278750579 0.612332171377 0.554691124825
0.890108780327 0.612171301919 0.554691124825
0.889938810075 0.612010432462 0.555020471531
0.890367713350 0.611493389281 0.554862834499
0.890174858809 0.611975534657 0.554691124825
0.890004888557 0.611814665199 0.554599753925
0.890427069725 0.611867461826 0.554862834499
0.890234215184 0.612349607201 0.554691124825
0.890064244932 0.612188737743 0.555020471531
0.890493148207 0.611671694563 0.554862834499
0.890300293665 0.612153839938 0.554691124825
0.890130323413 0.611992970481 0.554691124825
0.889960353161 0.611832101023 0.554599753925
0.890382534330 0.611884897650 0.554691124825
0.890212564078 0.611724028192 0.554862834499
0.890019709536 0.612206173567 0.555020471531
0.890448612811 0.611689130387 0.554862834499
0.890255758270 0.612171275762 0.554691124825
0.890085788018 0.612010406305 0.554691124825
0.889915817766 0.611849536847 0.554599753925
0.890337998934 0.611902333474 0.554691124825
0.890168028682 0.611741464016 0.554862834499
0.889975174141 0.612223609391 0.555020471531
0.890404077416 0.611706566211 0.554862834499
0.890211222874 0.612188711586 0.554691124825
0.890041252622 0.612027842129 0.555020471531
0.890470155898 0.611510798948 0.554862834499
0.890277301356 0.611992944324 0.554691124825
0.890107331104 0.611832074866 0.554862834499
0.889914476563 0.612314220241 0.555020471531
0.890343379838 0.611797177061 0.554862834499
0.890150525296 0.612279322436 0.554691124825
0.889980555044 0.612118452979 0.555020471531
0.890409458320 0.611601409798 0.554862834499
0.890216603778 0.612083555174 0.554691124825
0.890046633526 0.611922685716 0.555020471531
0.890475536801 0.611405642536 0.554862834499
0.890282682260 0.611887787911 0.554691124825
0.890112712008 0.611726918453 0.554862834499
0.889919857466 0.612209063829 0.555020471531
0.890348760741 0.611692020648 0.554862834499
0.890155906200 0.612174166024 0.554691124825
0.889985935948 0.612013296566 0.555020471531
0.890414839223 0.611496253386 0.554862834499
0.890221984682 0.611978398761 0.554691124825
0.890052014430 0.611817529303 0.554599753925
0.890474195598 0.611870325930 0.554691124825
0.890304225346 0.611709456472 0.554862834499
0.890111370805 0.612191601848 0.554691124825
0.889941400553 0.612030732390 0.555020471531
0.890370303828 0.611513689210 0.554862834499
0.890177449286 0.611995834585 0.554691124825
0.890007479034 0.611834965127 0.554599753925
0.890425480191 0.611887239015 0.554691124825
0.890258842689 0.611729523860 0.554862834499
0.890071605270 0.612197626167 0.555020471531
0.890484012266 0.611700469262 0.554862834499
0.890300341274 0.612159655334 0.554691124825
0.890139991979 0.612007891695 0.554691124825
0.889981141277 0.611857546407 0.554599753925
0.890372049766 0.611906432173 0.554691124825
0.890216113755 0.611758845514 0.554862834499
0.890040791444 0.612197159492 0.555020471531
0.890427190791 0.611731354825 0.554862834499
0.890254999237 0.612161841767 0.554691124825
0.890104583084 0.612019479415 0.554691124825
0.889955486372 0.611878365856 0.555020471531
0.890328445742 0.611428763090 0.554862834499
0.890162191827 0.611844405655 0.554862834499
0.889997358885 0.612256495720 0.555020471531
0.890360836237 0.611818323533 0.554862834499
0.890198773597 0.612223487714 0.554691124825
0.890057131721 0.612089429833 0.555020471531
0.890411597237 0.611662121419 0.554862834499
0.890253519744 0.612057322546 0.554691124825
0.890115332547 0.611926534369 0.554691124825
0.889978259764 0.611796800936 0.554599753925
0.890316004698 0.611839038237 0.554862834499
0.890162945538 0.612221693297 0.554691124825
0.890029110694 0.612095024433 0.555020471531
0.890364191378 0.611691084448 0.554862834499
0.890214691733 0.612064840553 0.554691124825
0.890083945386 0.611941094816 0.554691124825
0.889954197102 0.611818293704 0.554599753925
0.890274031320 0.611858291148 0.554862834499
0.890129027906 0.612220806468 0.554691124825
0.890002184434 0.612100754634 0.555020471531
0.890319890564 0.611717759685 0.554862834499
0.890178085754 0.612072278344 0.554691124825
0.890054019876 0.611954855382 0.555020471531
0.890364819351 0.611580186411 0.554862834499
0.890226075077 0.611927053587 0.554691124825
0.890104667754 0.611812146832 0.554862834499
0.889967891483 0.612154093906 0.555020471531
0.890269936043 0.611789978991 0.554862834499
0.890135072728 0.612127143589 0.554691124825
0.890017037830 0.612015428688 0.555020471531
0.890312833193 0.611658847184 0.554862834499
0.890180741041 0.611989083742 0.554691124825
0.890065115019 0.611879648737 0.555020471531
0.890354914529 0.611530295237 0.554862834499
0.890225481951 0.611853882737 0.554862834499
0.890096912257 0.612175312987 0.554691124825
0.889984349176 0.612068776923 0.555020471531
0.890266522383 0.611728616936 0.554862834499
0.890140473664 0.612043744632 0.554691124825
0.890030103370 0.611939283945 0.555020471531
0.890306815160 0.611605707700 0.554862834499
0.890183190454 0.611914775248 0.554691124825
0.890074929147 0.611812310625 0.554599753925
0.890342132419 0.611845726212 0.554862834499
0.890220840254 0.612148962297 0.554691124825
0.890114608847 0.612048418886 0.554691124825
0.890009037261 0.611948499968 0.555020471531
0.890273792370 0.611629337511 0.554862834499
0.890155476700 0.611925132220 0.554691124825
0.890051836302 0.611827041087 0.554599753925
0.890307703677 0.611859039043 0.554862834499
0.890191526243 0.612149488064 0.554691124825
0.890089747649 0.612053159047 0.554691124825
0.889988574880 0.611957403418 0.555020471531
0.890242363800 0.611651460708 0.554862834499
0.890128919952 0.611935075634 0.554691124825
0.890029522144 0.611840999928 0.554599753925
0.890274976311 0.611871695641 0.554691124825
0.890176727611 0.611778707515 0.554862834499
0.890065891667 0.612055802559 0.555020471531
0.890310979253 0.611760349313 0.554862834499
0.890201402809 0.612034295549 0.554691124825
0.890105374418 0.611943408849 0.554691124825
0.890009885513 0.611853032750 0.554599753925
0.890245740914 0.611882528072 0.554691124825
0.890151312996 0.611793156151 0.554862834499
0.890044763526 0.612059534811 0.555020471531
0.890280424666 0.611775445152 0.554862834499
0.890175039671 0.612038912570 0.554691124825
0.890082664534 0.611951483517 0.554691124825
0.889990788722 0.611864527053 0.554599753925
0.890217767845 0.611892912336 0.554691124825
0.890126874662 0.611806885888 0.554862834499
0.890024292459 0.612063346194 0.555020471531
0.890251225409 0.611789778374 0.554862834499
0.890149723018 0.612043539098 0.554691124825
0.890060733358 0.611959314251 0.555020471531
0.890284120480 0.611690020928 0.554862834499
0.890184195847 0.611939837185 0.554691124825
0.890096582315 0.611856914784 0.554862834499
0.889997682550 0.612104168822 0.555020471531
0.890216510752 0.611840371281 0.554862834499
0.890118615046 0.612085115127 0.554691124825
0.890032771484 0.612003867926 0.555020471531
0.890248300768 0.611744047232 0.554862834499
