0.900000000000 0.766666666667 0.633383896972
0.901878929973 0.764498608789 0.621098935666
0.904896244579 0.761724455165 0.608280513410
0.907969299693 0.760222797217 0.602002183708
0.910142395194 0.760979273890 0.606256888150
0.912097997393 0.762415425322 0.610961088043
0.913706151479 0.763922946908 0.616147623735
0.914952148333 0.764840852374 0.618007920248
0.916029956252 0.765427994129 0.618466835582
0.917030199550 0.765774513318 0.619595131697
0.917946418914 0.765847785700 0.619552711014
0.918891628409 0.765688296156 0.619291254138
0.919910814827 0.765316681017 0.617714190874
0.921098798548 0.764663761801 0.617022090811
0.922409429781 0.763911787875 0.614110093394
0.923935035256 0.763194656950 0.612007949659
0.925445426844 0.762675069537 0.611804394507
0.927052146823 0.763040250813 0.613539091225
0.928673306538 0.764455075405 0.616703230669
0.930239816883 0.766300643729 0.623392904653
0.931269019450 0.768548293268 0.627252447000
0.931529695560 0.770376497487 0.627437216779
0.931654191350 0.771995046350 0.627483169362
0.931592580637 0.773263036649 0.627389263265
0.931462397515 0.774414143192 0.626998058944
0.931182264635 0.775481430940 0.626676183248
0.930796370782 0.776581933732 0.625072519305
0.930168040584 0.777783438691 0.624367100831
0.929343508387 0.779103441421 0.622079440447
0.928192877248 0.780478887950 0.618109828310
0.926661269081 0.781710067656 0.615130172624
0.925364418258 0.781994269847 0.615087324080
0.924308033799 0.781797845154 0.615507283144
0.923520951027 0.781137365935 0.616357222226
0.923016549875 0.780062960711 0.618371420918
0.922444124172 0.779171448383 0.618987796985
0.921758856385 0.778507104427 0.619761628784
0.921295254315 0.777592185052 0.620259434782
0.920745067672 0.776894143457 0.621392548216
0.920349012396 0.776223086124 0.621784357401
0.919949518378 0.775731454655 0.622317944372
0.919722065634 0.775133022681 0.622533908356
0.919514181200 0.774698428148 0.622533908356
0.919306296766 0.774263833616 0.622706888517
0.919166822974 0.773960296826 0.623028517401
0.919149312662 0.773605850175 0.623028517401
0.919131802351 0.773251403523 0.623011432081
0.919190869217 0.773010113350 0.623011432081
0.919249936083 0.772768823176 0.623011432081
0.919309002949 0.772527533003 0.622790846851
0.919283033196 0.772317480360 0.622745183545
0.919408292842 0.772160842420 0.622745183545
0.919533552488 0.772004204480 0.622745183545
0.919658812134 0.771847566540 0.622745183545
0.919784071780 0.771690928600 0.622745183545
0.919909331425 0.771534290660 0.622745183545
0.920034591071 0.771377652720 0.622538057220
0.920338286034 0.771234248899 0.622394470660
0.920660465217 0.771086073062 0.622394470660
0.920982644399 0.770937897225 0.622394470660
0.921304823581 0.770789721388 0.622257432778
0.921665386403 0.770661150733 0.622257432778
0.922025949225 0.770532580077 0.622257432778
0.922386512046 0.770404009422 0.621615984815
0.923080294839 0.770263507254 0.621615984815
0.923774077632 0.770123005085 0.621521562231
0.924534367962 0.770077521902 0.621542748716
0.925341823204 0.770174162890 0.621723742480
0.926166818284 0.770455853810 0.622755031617
0.926699303098 0.770928734195 0.622755031617
0.927231787912 0.771401614580 0.623676985637
0.927478910871 0.772044105993 0.623676985637
0.927726033830 0.772686597406 0.623793644076
0.927718705426 0.773331513311 0.623793644076
0.927711377022 0.773976429216 0.623664028616
0.927453634839 0.774655873296 0.623294881034
0.926955232878 0.775394575304 0.621991742215
0.926168346828 0.776029365467 0.621991742215
0.925381460777 0.776664155630 0.620586135513
0.924393429954 0.777099639549 0.620285329190
0.923442692778 0.777281046270 0.619362926707
0.922535315453 0.777085612406 0.620416559537
0.921793642242 0.776781167086 0.620814994706
0.921212450538 0.776273253789 0.620814994706
0.920631258834 0.775765340493 0.621784357401
0.920231764816 0.775273709024 0.622533908356
0.920023880381 0.774839114491 0.622533908356
0.919815995947 0.774404519959 0.622533908356
0.919608111513 0.773969925426 0.622706888517
0.919468637722 0.773666388636 0.622706888517
0.919329163930 0.773362851847 0.622706888517
0.919189690139 0.773059315057 0.623011432081
0.919248757005 0.772818024883 0.623011432081
0.919307823871 0.772576734710 0.622790846851
0.919281854118 0.772366682067 0.622745183545
0.919407113764 0.772210044127 0.622745183545
0.919532373410 0.772053406187 0.622745183545
0.919657633056 0.771896768247 0.622745183545
0.919782892701 0.771740130307 0.622745183545
0.919908152347 0.771583492367 0.622745183545
0.920033411993 0.771426854427 0.622745183545
0.920157431444 0.771271767358 0.622538057220
0.920455171604 0.771131175376 0.622394470660
0.920767966927 0.770987315340 0.622394470660
0.921077754602 0.770844838574 0.622394470660
0.921384591919 0.770703718730 0.622257432778
0.921724745524 0.770582425658 0.622257432778
0.922061720124 0.770462266167 0.622257432778
0.922395574588 0.770343219264 0.621615984815
0.923032072564 0.770214318192 0.621615984815
0.923662784194 0.770086588948 0.621521562231
0.924347730436 0.770045613108 0.621542748716
0.925068672617 0.770131899704 0.621542748716
0.925783234778 0.770217422703 0.621723742480
0.926506914672 0.770464520001 0.622755031617
0.926969944946 0.770875720335 0.622755031617
0.927428983578 0.771283375839 0.623313051218
0.927855931649 0.771860698892 0.623676985637
0.928065357885 0.772405183141 0.624495734408
0.928067516332 0.773074080808 0.624495734408
0.928069656791 0.773737404329 0.624393284274
0.927893646406 0.774411614573 0.623294881034
0.927485120208 0.775017108022 0.623294881034
0.927079915362 0.775617678759 0.622698355150
0.926496126139 0.776272358625 0.621128826407
0.925712634195 0.776812742798 0.620586135513
0.924928482748 0.777158364956 0.620285329190
0.924179870798 0.777301204894 0.619315795806
0.923374662441 0.777380316951 0.619362926707
0.922671269166 0.777228817831 0.620416559537
0.922100751312 0.776994629124 0.620814994706
0.921657093522 0.776606909050 0.620814994706
0.921216796776 0.776222126250 0.621371769148
0.920801546136 0.775958728830 0.621784357401
0.920503416272 0.775591839674 0.621784357401
0.920207494777 0.775227668215 0.622533908356
0.920054638575 0.774908113412 0.622533908356
0.919902898112 0.774590891125 0.622533908356
0.919752257218 0.774275967551 0.622706888517
0.919651916361 0.774057595760 0.622706888517
0.919552292224 0.773840783767 0.622706888517
0.919453374641 0.773625509448 0.622706888517
0.919355153661 0.773411751145 0.622706888517
0.919257619542 0.773199487656 0.623011432081
0.919298638199 0.773031925036 0.622790846851
0.919280728024 0.772887061144 0.622790846851
0.919262940522 0.772743189471 0.622790846851
0.919245274024 0.772600296517 0.623011432081
0.919285184068 0.772437262616 0.622790846851
0.919267754704 0.772296287687 0.622745183545
0.919351261135 0.772191862394 0.622745183545
0.919434214543 0.772088128659 0.622745183545
0.919516622204 0.771985077383 0.622745183545
0.919598491254 0.771882699644 0.622745183545
0.919679828686 0.771780986696 0.622745183545
0.919760641361 0.771679929961 0.622745183545
0.919840936006 0.771579521025 0.622745183545
0.919920719220 0.771479751636 0.622745183545
0.919999997476 0.771380613700 0.622538057220
0.920191000598 0.771290422617 0.622538057220
0.920380809950 0.771200795229 0.622394470660
0.920580921243 0.771108760547 0.622394470660
0.920779797282 0.771017293981 0.622394470660
0.920977453222 0.770926388560 0.622394470660
0.921173903943 0.770836037440 0.622394470660
0.921369164053 0.770746233903 0.622257432778
0.921586370572 0.770668781701 0.622257432778
0.921802276453 0.770591793284 0.622257432778
0.922016897181 0.770515263132 0.622257432778
0.922230247963 0.770439185821 0.622154320957
0.922471795212 0.770393573935 0.621615984815
0.922877516144 0.770311408924 0.621615984815
0.923280878233 0.770229721617 0.621521562231
0.923720352411 0.770203430760 0.621521562231
0.924157300876 0.770177290999 0.621542748716
0.924618703872 0.770232514421 0.621542748716
0.925077485259 0.770287424073 0.621542748716
0.925533674662 0.770342023502 0.621723742480
0.925997155044 0.770500276827 0.622386152687
0.926294801232 0.770661565941 0.622755031617
0.926590626128 0.770924277266 0.622755031617
0.926884816633 0.771185537147 0.622755031617
0.927177390707 0.771445361534 0.623676985637
0.927312430576 0.771796449738 0.623676985637
0.927446736532 0.772145629854 0.623676985637
0.927580316510 0.772492922510 0.623793644076
0.927576376507 0.772839651491 0.623793644076
0.927572457575 0.773184526306 0.623793644076
0.927568559488 0.773527566681 0.623664028616
0.927432187962 0.773887060903 0.623664028616
0.927296534181 0.774244663051 0.623664028616
0.927161590630 0.774600392936 0.623294881034
0.926902006275 0.774985133565 0.622650145449
0.926611683909 0.775286946555 0.622650145449
0.926322858049 0.775587203807 0.621991742215
0.925919326741 0.775912737224 0.621469571771
0.925501772150 0.776134652701 0.621469571771
0.925086337125 0.776355441703 0.620285329190
0.924606166834 0.776447061259 0.620285329190
0.924128409460 0.776538220416 0.620285329190
