0.900000000000 0.900000000000 0.632429541842
0.903090148016 0.895988122933 0.631908365473
0.896258112141 0.890654559818 0.645014608615
0.891940503903 0.890416170863 0.647853678935
0.890284996519 0.883487503155 0.648857795133
0.891776453768 0.873682678881 0.647849330025
0.886952136391 0.867215005420 0.654476373262
0.880640005245 0.868498340030 0.655487947520
0.876911873204 0.862404179278 0.671086046152
0.864896013088 0.857729696020 0.696534604474
0.859859141839 0.846676397029 0.717225632624
0.858694057030 0.833388728884 0.718387471078
0.856838385185 0.816081758555 0.734773221850
0.856345439473 0.801661409083 0.734606658297
0.852997509187 0.781054356780 0.745161834945
0.860878827494 0.764393031271 0.702909211416
0.865814083326 0.756618605880 0.683639288946
0.872930285500 0.750709816814 0.662506822900
0.881318012336 0.737047257353 0.620161408907
0.888581955283 0.722257916872 0.580430858632
0.895639752906 0.715826727465 0.560565785041
0.904414673648 0.708209286854 0.542262305184
0.899845918988 0.695549779625 0.538514342617
0.908800462417 0.703095793603 0.525036731865
0.910152197106 0.672616861212 0.465466221860
0.916500392438 0.671266717997 0.464777677139
0.927103213198 0.673457336171 0.469295833654
0.934348980842 0.665777951553 0.495415188104
0.898346160481 0.686988398734 0.517275656808
0.910868601407 0.687117229231 0.504806429728
0.918804526144 0.683038362568 0.502961045746
0.926080241399 0.683332122250 0.489692271916
0.933197811519 0.669891913154 0.469772992590
0.912315018069 0.676181344588 0.474189213813
0.927276528011 0.680082693563 0.481907889429
0.936953543425 0.665906978157 0.508496647824
0.895547668570 0.689621036014 0.520414042060
0.903575460830 0.690814763567 0.528060899339
0.918587164164 0.686924275720 0.502863764782
0.911112030279 0.685049639300 0.500974560462
0.922831976539 0.685451354134 0.500476295126
0.923030514583 0.676533096522 0.482386090886
0.939138563456 0.673306697272 0.470952948918
0.929840613358 0.698287681063 0.472605000725
0.914984432949 0.700551207666 0.487221165145
0.920073822222 0.675296459339 0.478796501487
0.938435500352 0.678481782325 0.471122081666
0.951977893132 0.693103243411 0.514583561474
1.000728448356 0.693180150193 1.000000000000
1.000728448356 0.693180150193 1.000000000000
1.000728448356 0.693180150193 1.000000000000
1.000728448356 0.693180150193 1.000000000000
1.000728448356 0.693180150193 1.000000000000
1.000728448356 0.693180150193 1.000000000000
1.000728448356 0.693180150193 1.000000000000
1.000728448356 0.693180150193 1.000000000000
1.000728448356 0.693180150193 1.000000000000
1.000728448356 0.693180150193 1.000000000000
1.000728448356 0.693180150193 1.000000000000
1.000728448356 0.693180150193 1.000000000000
1.000728448356 0.693180150193 1.000000000000
1.000728448356 0.693180150193 1.000000000000
1.000728448356 0.693180150193 1.000000000000
1.000728448356 0.693180150193 1.000000000000
1.000728448356 0.693180150193 1.000000000000
1.000728448356 0.693180150193 1.000000000000
1.000728448356 0.693180150193 1.000000000000
1.000728448356 0.693180150193 1.000000000000
1.000728448356 0.693180150193 1.000000000000
1.000728448356 0.693180150193 1.000000000000
1.000728448356 0.693180150193 1.000000000000
1.000728448356 0.693180150193 1.000000000000
1.000728448356 0.693180150193 1.000000000000
1.000728448356 0.693180150193 1.000000000000
1.000728448356 0.693180150193 1.000000000000
1.000728448356 0.693180150193 1.000000000000
1.000728448356 0.693180150193 1.000000000000
1.000728448356 0.693180150193 1.000000000000
1.000728448356 0.693180150193 1.000000000000
1.000728448356 0.693180150193 1.000000000000
1.000728448356 0.693180150193 1.000000000000
1.000728448356 0.693180150193 1.000000000000
1.000728448356 0.693180150193 1.000000000000
1.000728448356 0.693180150193 1.000000000000
1.000728448356 0.693180150193 1.000000000000
1.000728448356 0.693180150193 1.000000000000
1.000728448356 0.693180150193 1.000000000000
1.000728448356 0.693180150193 1.000000000000
1.000728448356 0.693180150193 1.000000000000
1.000728448356 0.693180150193 1.000000000000
1.000728448356 0.693180150193 1.000000000000
1.000728448356 0.693180150193 1.000000000000
1.000728448356 0.693180150193 1.000000000000
1.000728448356 0.693180150193 1.000000000000
1.000728448356 0.693180150193 1.000000000000
1.000728448356 0.693180150193 1.000000000000
1.000728448356 0.693180150193 1.000000000000
1.000728448356 0.693180150193 1.000000000000
1.000728448356 0.693180150193 1.000000000000
1.000728448356 0.693180150193 1.000000000000
1.000728448356 0.693180150193 1.000000000000
1.000728448356 0.693180150193 1.000000000000
1.000728448356 0.693180150193 1.000000000000
1.000728448356 0.693180150193 1.000000000000
1.000728448356 0.693180150193 1.000000000000
1.000728448356 0.693180150193 1.000000000000
1.000728448356 0.693180150193 1.000000000000
1.000728448356 0.693180150193 1.000000000000
1.000728448356 0.693180150193 1.000000000000
1.000728448356 0.693180150193 1.000000000000
1.000728448356 0.693180150193 1.000000000000
1.000728448356 0.693180150193 1.000000000000
1.000728448356 0.693180150193 1.000000000000
1.000728448356 0.693180150193 1.000000000000
1.000728448356 0.693180150193 1.000000000000
1.000728448356 0.693180150193 1.000000000000
1.000728448356 0.693180150193 1.000000000000
1.000728448356 0.693180150193 1.000000000000
1.000728448356 0.693180150193 1.000000000000
1.000728448356 0.693180150193 1.000000000000
1.000728448356 0.693180150193 1.000000000000
1.000728448356 0.693180150193 1.000000000000
1.000728448356 0.693180150193 1.000000000000
1.000728448356 0.693180150193 1.000000000000
1.000728448356 0.693180150193 1.000000000000
1.000728448356 0.693180150193 1.000000000000
1.000728448356 0.693180150193 1.000000000000
1.000728448356 0.693180150193 1.000000000000
1.000728448356 0.693180150193 1.000000000000
1.000728448356 0.693180150193 1.000000000000
1.000728448356 0.693180150193 1.000000000000
1.000728448356 0.693180150193 1.000000000000
1.000728448356 0.693180150193 1.000000000000
1.000728448356 0.693180150193 1.000000000000
1.000728448356 0.693180150193 1.000000000000
1.000728448356 0.693180150193 1.000000000000
1.000728448356 0.693180150193 1.000000000000
1.000728448356 0.693180150193 1.000000000000
1.000728448356 0.693180150193 1.000000000000
1.000728448356 0.693180150193 1.000000000000
1.000728448356 0.693180150193 1.000000000000
1.000728448356 0.693180150193 1.000000000000
1.000728448356 0.693180150193 1.000000000000
1.000728448356 0.693180150193 1.000000000000
1.000728448356 0.693180150193 1.000000000000
1.000728448356 0.693180150193 1.000000000000
1.000728448356 0.693180150193 1.000000000000
1.000728448356 0.693180150193 1.000000000000
1.000728448356 0.693180150193 1.000000000000
1.000728448356 0.693180150193 1.000000000000
1.000728448356 0.693180150193 1.000000000000
1.000728448356 0.693180150193 1.000000000000
1.000728448356 0.693180150193 1.000000000000
1.000728448356 0.693180150193 1.000000000000
1.000728448356 0.693180150193 1.000000000000
1.000728448356 0.693180150193 1.000000000000
1.000728448356 0.693180150193 1.000000000000
1.000728448356 0.693180150193 1.000000000000
1.000728448356 0.693180150193 1.000000000000
1.000728448356 0.693180150193 1.000000000000
1.000728448356 0.693180150193 1.000000000000
1.000728448356 0.693180150193 1.000000000000
1.000728448356 0.693180150193 1.000000000000
1.000728448356 0.693180150193 1.000000000000
1.000728448356 0.693180150193 1.000000000000
1.000728448356 0.693180150193 1.000000000000
1.000728448356 0.693180150193 1.000000000000
1.000728448356 0.693180150193 1.000000000000
1.000728448356 0.693180150193 1.000000000000
1.000728448356 0.693180150193 1.000000000000
1.000728448356 0.693180150193 1.000000000000
1.000728448356 0.693180150193 1.000000000000
1.000728448356 0.693180150193 1.000000000000
1.000728448356 0.693180150193 1.000000000000
1.000728448356 0.693180150193 1.000000000000
1.000728448356 0.693180150193 1.000000000000
1.000728448356 0.693180150193 1.000000000000
1.000728448356 0.693180150193 1.000000000000
1.000728448356 0.693180150193 1.000000000000
1.000728448356 0.693180150193 1.000000000000
1.000728448356 0.693180150193 1.000000000000
1.000728448356 0.693180150193 1.000000000000
1.000728448356 0.693180150193 1.000000000000
1.000728448356 0.693180150193 1.000000000000
1.000728448356 0.693180150193 1.000000000000
1.000728448356 0.693180150193 1.000000000000
1.000728448356 0.693180150193 1.000000000000
1.000728448356 0.693180150193 1.000000000000
1.000728448356 0.693180150193 1.000000000000
1.000728448356 0.693180150193 1.000000000000
1.000728448356 0.693180150193 1.000000000000
1.000728448356 0.693180150193 1.000000000000
1.000728448356 0.693180150193 1.000000000000
1.000728448356 0.693180150193 1.000000000000
1.000728448356 0.693180150193 1.000000000000
1.000728448356 0.693180150193 1.000000000000
1.000728448356 0.693180150193 1.000000000000
1.000728448356 0.693180150193 1.000000000000
1.000728448356 0.693180150193 1.000000000000
1.000728448356 0.693180150193 1.000000000000
