0.100000000000 0.766666666667 0.534799405469
0.093146857988 0.771960091929 0.487115540717
0.093523981860 0.771192648862 0.487806511256
0.092094618579 0.772381691126 0.489849614286
0.093993331023 0.769941303394 0.489528309179
0.091903947473 0.772346996814 0.488199554954
0.093390484403 0.770928277678 0.487806511256
0.091961121122 0.772117319942 0.488199554954
0.093447658053 0.770698600805 0.487806511256
0.092018294772 0.771887643069 0.488199554954
0.093504831703 0.770468923933 0.487806511256
0.092075468421 0.771657966196 0.488199554954
0.093562005352 0.770239247060 0.489528309179
0.091472621802 0.772644940480 0.489849614286
0.093371334246 0.770204552749 0.487526392478
0.092606232194 0.771927115699 0.487115540717
0.092983356066 0.771159672632 0.487041980280
0.092763849029 0.771565459921 0.487115540717
0.093140972901 0.770798016853 0.487041980280
0.092921465865 0.771203804142 0.487041980280
0.092701958828 0.771609591430 0.487115540717
0.093079082700 0.770842148363 0.487041980280
0.092859575663 0.771247935652 0.487041980280
0.092640068626 0.771653722940 0.487115540717
0.093017192498 0.770886279873 0.487041980280
0.092797685462 0.771292067162 0.487041980280
0.092578178425 0.771697854450 0.487115540717
0.092955302297 0.770930411383 0.487041980280
0.092735795260 0.771336198671 0.487041980280
0.092516288223 0.771741985960 0.487115540717
0.092893412096 0.770974542893 0.487041980280
0.092673905059 0.771380330181 0.487041980280
0.092454398022 0.771786117470 0.487115540717
0.092831521894 0.771018674402 0.487041980280
0.092612014857 0.771424461691 0.487115540717
0.092989138730 0.770657018624 0.487041980280
0.092769631693 0.771062805912 0.487041980280
0.092550124656 0.771468593201 0.487115540717
0.092927248528 0.770701150133 0.487041980280
0.092707741491 0.771106937422 0.487041980280
0.092488234454 0.771512724711 0.487115540717
0.092865358327 0.770745281643 0.487041980280
0.092645851290 0.771151068932 0.487041980280
0.092426344253 0.771556856221 0.487115540717
0.092803468125 0.770789413153 0.487041980280
0.092583961088 0.771195200442 0.487041980280
0.092364454051 0.771600987730 0.488199554954
0.093850990982 0.770182268594 0.489528309179
0.091761607432 0.772587962014 0.489849614286
0.093660319876 0.770147574283 0.489528309179
0.091570936326 0.772553267703 0.489849614286
0.093469648770 0.770112879971 0.489528309179
0.091380265219 0.772518573391 0.492442663784
0.094195115282 0.769684215948 0.489528309179
0.092105731732 0.772089909368 0.488199554954
0.093592268663 0.770671190231 0.487806511256
0.092162905381 0.771860232495 0.488199554954
0.093649442312 0.770441513359 0.487806511256
0.092220079031 0.771630555623 0.488199554954
0.093706615962 0.770211836486 0.489528309179
0.091617232411 0.772617529906 0.489849614286
0.093515944855 0.770177142175 0.489528309179
0.091426561305 0.772582835595 0.492442663784
0.094241411368 0.769748478151 0.489528309179
0.092152027817 0.772154171571 0.488199554954
0.093638564748 0.770735452435 0.487806511256
0.092209201467 0.771924494699 0.488199554954
0.093695738398 0.770505775563 0.487806511256
0.092266375116 0.771694817826 0.488199554954
0.093752912047 0.770276098690 0.489528309179
0.091663528497 0.772681792110 0.489849614286
0.093562240941 0.770241404378 0.489528309179
0.091472857391 0.772647097799 0.489849614286
0.093371569835 0.770206710067 0.487526392478
0.092606467783 0.771929273018 0.487115540717
0.092983591655 0.771161829950 0.487041980280
0.092764084618 0.771567617239 0.487115540717
0.093141208490 0.770800174172 0.487041980280
0.092921701453 0.771205961460 0.487041980280
0.092702194417 0.771611748749 0.487115540717
0.093079318289 0.770844305682 0.487041980280
0.092859811252 0.771250092970 0.487041980280
0.092640304215 0.771655880259 0.487115540717
0.093017428087 0.770888437191 0.487041980280
0.092797921051 0.771294224480 0.487041980280
0.092578414014 0.771700011769 0.487115540717
0.092955537886 0.770932568701 0.487041980280
0.092736030849 0.771338355990 0.487041980280
0.092516523812 0.771744143278 0.487115540717
0.092893647685 0.770976700211 0.487041980280
0.092674140648 0.771382487500 0.487041980280
0.092454633611 0.771788274788 0.487115540717
0.092831757483 0.771020831721 0.487041980280
0.092612250446 0.771426619009 0.487115540717
0.092989374318 0.770659175942 0.487041980280
0.092769867282 0.771064963231 0.487041980280
0.092550360245 0.771470750519 0.487115540717
0.092927484117 0.770703307452 0.487041980280
0.092707977080 0.771109094741 0.487041980280
0.092488470043 0.771514882029 0.487115540717
0.092865593916 0.770747438962 0.487041980280
0.092648260216 0.771149208554 0.487041980280
0.092433057238 0.771547039230 0.487115540717
0.092799196920 0.770801948873 0.487041980280
0.092588132462 0.771192128958 0.487041980280
0.092379078141 0.771578593042 0.488199554954
0.093781471472 0.770240178763 0.489528309179
0.091828776565 0.772488490371 0.489849614286
0.093586843643 0.770228872100 0.489528309179
0.091669978000 0.772435930284 0.489849614286
0.093396080222 0.770217395983 0.489528309179
0.091513752699 0.772384687352 0.489849614286
0.093209031667 0.770205769735 0.487526392478
0.092531950205 0.771730161727 0.487115540717
0.092862760619 0.771056966053 0.487041980280
0.092671884935 0.771409824565 0.487115540717
0.092996991722 0.770748235714 0.487041980280
0.092809378870 0.771095062456 0.487041980280
0.092623355957 0.771438949989 0.487115540717
0.092940266774 0.770794039849 0.487041980280
0.092757344243 0.771132195922 0.487041980280
0.092575933469 0.771467557318 0.487115540717
0.092885051397 0.770838505623 0.487041980280
0.092706590392 0.771168413988 0.487041980280
0.092529568588 0.771495661801 0.487115540717
0.092831267686 0.770881707348 0.487041980280
0.092657055751 0.771203760751 0.487041980280
0.092484215565 0.771523278301 0.487115540717
0.092778843590 0.770923713405 0.487041980280
0.092608683096 0.771238277194 0.487041980280
0.092439831530 0.771550421263 0.487115540717
0.092727712348 0.770964586860 0.487041980280
0.092561419138 0.771272001473 0.487041980280
0.092396376254 0.771577104697 0.488199554954
0.093505732172 0.770518359073 0.487806511256
0.092446944556 0.771399131120 0.487041980280
0.092285542323 0.771697504127 0.488199554954
0.093370605777 0.770661942713 0.487041980280
0.093211542706 0.770955991473 0.487041980280
0.093053623975 0.771247924774 0.487041980280
0.092896833234 0.771537772838 0.487115540717
0.093164296973 0.770993486974 0.487041980280
0.093009714553 0.771279252670 0.487041980280
0.092856213129 0.771563020005 0.487115540717
0.093118104707 0.771030073430 0.487041980280
0.092966720543 0.771309926733 0.487041980280
0.092816373258 0.771587863232 0.487115540717
0.093072920110 0.771065793118 0.487041980280
0.092924604544 0.771339973719 0.487041980280
0.092777284385 0.771612314181 0.487115540717
0.093028700300 0.771100685469 0.487041980280
0.092883331402 0.771369418773 0.487041980280
0.092738918877 0.771636384094 0.487115540717
0.092985405068 0.771134787318 0.487041980280
0.092842868031 0.771398285558 0.487041980280
0.092701250588 0.771660083808 0.487115540717
0.092942996660 0.771168133124 0.487041980280
0.092803183261 0.771426596365 0.487115540717
0.093041869256 0.770940872905 0.487041980280
0.092903814516 0.771196085036 0.487041980280
0.092766622618 0.771449702091 0.487115540717
0.093000861048 0.770973029379 0.487041980280
0.092865362877 0.771223515359 0.487041980280
0.092730695983 0.771472464616 0.487115540717
0.092960649564 0.771004511526 0.487041980280
0.092827614996 0.771250443216 0.487041980280
0.092695381841 0.771494893390 0.487115540717
0.092921204519 0.771035346643 0.487041980280
0.092790545569 0.771276886696 0.487041980280
0.092660659748 0.771516997518 0.487115540717
0.092882497320 0.771065560419 0.487041980280
0.092754130632 0.771302862927 0.487041980280
0.092626510262 0.771538785769 0.487115540717
0.092844500939 0.771095177060 0.487041980280
0.092718347470 0.771328388145 0.487041980280
0.092592914877 0.771560266596 0.487115540717
0.092807189805 0.771124219399 0.487041980280
0.092683174530 0.771353477754 0.487041980280
0.092559855970 0.771581448141 0.487115540717
0.092770539697 0.771152708997 0.487041980280
0.092648591343 0.771378146379 0.487041980280
0.092527316737 0.771602338252 0.487115540717
0.092734527656 0.771180666236 0.487041980280
0.092614578456 0.771402407924 0.487115540717
0.092819537082 0.770985319301 0.487041980280
0.092700884629 0.771204663781 0.487041980280
0.092582870094 0.771422828990 0.487115540717
0.092784540613 0.771012431628 0.487041980280
0.092667781551 0.771228275930 0.487041980280
0.092551640262 0.771442978199 0.487115540717
0.092750126511 0.771039060795 0.487041980280
0.092635201360 0.771251514873 0.487041980280
0.092520874779 0.771462862419 0.487115540717
0.092716275749 0.771065223524 0.487041980280
0.092603127792 0.771274392230 0.487041980280
0.092490560080 0.771482488275 0.487115540717
0.092682970219 0.771090935690 0.487041980280
0.092571545327 0.771296919085 0.487041980280
0.092460683188 0.771501862160 0.487115540717
0.092650192671 0.771116212377 0.487041980280
