0.100000000000 0.900000000000 0.515071522736
0.094218440671 0.906022845519 0.478800825392
0.096288121882 0.906820400689 0.485111786602
0.099014854745 0.910010335597 0.505969333210
0.101451586450 0.914668147344 0.517414840431
0.099457895000 0.916788332107 0.510958933663
0.097958615401 0.917444978532 0.510630153064
0.097771078480 0.916097553212 0.510833309088
0.097877932956 0.916281147045 0.510833309088
0.097984787431 0.916464740877 0.510804344962
0.097848329893 0.915871230309 0.510833309088
0.097955184369 0.916054824142 0.510833309088
0.098062038845 0.916238417975 0.510833309088
0.098168893320 0.916422011808 0.510804344962
0.098032435782 0.915828501240 0.510833309088
0.098139290258 0.916012095073 0.510833309088
0.098246144734 0.916195688906 0.510833309088
0.098352999209 0.916379282738 0.510576601945
0.097488086037 0.916482692387 0.510804344962
0.097351628499 0.915889181819 0.510833309088
0.097458482975 0.916072775651 0.510833309088
0.097565337451 0.916256369484 0.510833309088
0.097672191926 0.916439963317 0.510804344962
0.097535734388 0.915846452749 0.510833309088
0.097642588864 0.916030046582 0.510833309088
0.097749443340 0.916213640415 0.510833309088
0.097856297815 0.916397234248 0.510804344962
0.097719840277 0.915803723680 0.510833309088
0.097826694753 0.915987317512 0.510833309088
0.097933549229 0.916170911345 0.510833309088
0.098040403704 0.916354505178 0.510804344962
0.097903946166 0.915760994610 0.510833309088
0.098010800642 0.915944588443 0.510833309088
0.098117655118 0.916128182276 0.510833309088
0.098224509593 0.916311776109 0.510833309088
0.098331364069 0.916495369942 0.510576601945
0.097466450897 0.916598779590 0.510804344962
0.097329993359 0.916005269022 0.510833309088
0.097436847835 0.916188862855 0.510833309088
0.097543702310 0.916372456687 0.510804344962
0.097407244772 0.915778946119 0.510833309088
0.097514099248 0.915962539952 0.510833309088
0.097620953724 0.916146133785 0.510833309088
0.097727808199 0.916329727618 0.510833309088
0.097834662675 0.916513321451 0.510804344962
0.097698205137 0.915919810883 0.510833309088
0.097805059613 0.916103404716 0.510833309088
0.097911914088 0.916286998548 0.510833309088
0.098018768564 0.916470592381 0.510804344962
0.097882311026 0.915877081813 0.510833309088
0.097989165502 0.916060675646 0.510833309088
0.098096019977 0.916244269479 0.510833309088
0.098202874453 0.916427863312 0.510804344962
0.098066416915 0.915834352744 0.510833309088
0.098173271391 0.916017946576 0.510833309088
0.098280125866 0.916201540409 0.511323894445
0.097643554925 0.917000277813 0.510804344962
0.097507097387 0.916406767245 0.510804344962
0.097370639849 0.915813256676 0.510833309088
0.097477494324 0.915996850509 0.510833309088
0.097584348800 0.916180444342 0.510833309088
0.097691203276 0.916364038175 0.510804344962
0.097554745738 0.915770527607 0.510833309088
0.097661600214 0.915954121440 0.510833309088
0.097768454689 0.916137715273 0.510833309088
0.097875309165 0.916321309106 0.510833309088
0.097982163641 0.916504902938 0.510804344962
0.097845706103 0.915911392370 0.510833309088
0.097952560578 0.916094986203 0.510833309088
0.098059415054 0.916278580036 0.510833309088
0.098166269530 0.916462173869 0.510804344962
0.098029811992 0.915868663301 0.510833309088
0.098136666467 0.916052257134 0.510833309088
0.098243520943 0.916235850966 0.510833309088
0.098350375419 0.916419444799 0.510576601945
0.097485462247 0.916522854448 0.510804344962
0.097349004708 0.915929343880 0.510833309088
0.097455859184 0.916112937712 0.510833309088
0.097562713660 0.916296531545 0.510833309088
0.097669568136 0.916480125378 0.510804344962
0.097533110597 0.915886614810 0.510833309088
0.097639965073 0.916070208643 0.510833309088
0.097746819549 0.916253802476 0.510833309088
0.097853674025 0.916437396309 0.510804344962
0.097717216486 0.915843885740 0.510833309088
0.097824070962 0.916027479573 0.510833309088
0.097930925438 0.916211073406 0.510833309088
0.098037779914 0.916394667239 0.510804344962
0.097901322375 0.915801156671 0.510833309088
0.098008176851 0.915984750504 0.510833309088
0.098115031327 0.916168344337 0.510833309088
0.098221885803 0.916351938170 0.510804344962
0.098085428265 0.915758427601 0.510833309088
0.098192282740 0.915942021434 0.510833309088
0.098299137216 0.916125615267 0.511323894445
0.097662566275 0.916924352671 0.510804344962
0.097526108737 0.916330842102 0.510833309088
0.097632963212 0.916514435935 0.510804344962
0.097496505674 0.915920925367 0.510833309088
0.097603360150 0.916104519200 0.510833309088
0.097710214626 0.916288113033 0.510833309088
0.097816011136 0.916469889105 0.510804344962
0.097682229236 0.915888015999 0.510833309088
0.097785971445 0.916066262439 0.510833309088
0.097888716134 0.916242794970 0.510833309088
0.097990482301 0.916417646240 0.510804344962
0.097861748774 0.915857730609 0.510833309088
0.097961612770 0.916029313631 0.510833309088
0.098060552100 0.916199307920 0.510833309088
0.098158583729 0.916367742629 0.510804344962
0.098034531421 0.915828187568 0.510833309088
0.098130796715 0.915993587417 0.510833309088
0.098226202497 0.916157510482 0.510833309088
0.098320763980 0.916319982900 0.511323894445
0.097762368417 0.917020629746 0.510804344962
0.097643709688 0.916504533599 0.510804344962
0.097526073880 0.915992886558 0.510833309088
0.097617402491 0.916149804364 0.510833309088
0.097707957132 0.916305392358 0.510833309088
0.097797750809 0.916459672889 0.510804344962
0.097684036194 0.915965080749 0.510833309088
0.097772345678 0.916116811190 0.510833309088
0.097859931314 0.916267297938 0.510833309088
0.097946804871 0.916416561217 0.510804344962
0.097836758469 0.915937923662 0.510833309088
0.097922242050 0.916084798728 0.510833309088
0.098007047189 0.916230508119 0.510833309088
0.098091184572 0.916375070192 0.510804344962
0.097984577120 0.915911390061 0.510833309088
0.098067410047 0.916053710862 0.510833309088
0.098149605798 0.916194936887 0.510833309088
0.098231174100 0.916335084851 0.510833309088
0.098312124460 0.916474171088 0.510576601945
0.097661813804 0.916551922703 0.510804344962
0.097559979821 0.916109004369 0.510833309088
0.097639131284 0.916244999801 0.510833309088
0.097717700752 0.916379995266 0.510804344962
0.097618096709 0.915946775873 0.510833309088
0.097695527489 0.916079814883 0.510833309088
0.097772401212 0.916211896777 0.510833309088
0.097848725838 0.916343035229 0.510804344962
0.097751947442 0.915922105748 0.510833309088
0.097827197073 0.916051397179 0.510833309088
0.097901920482 0.916179784475 0.510833309088
0.097976124979 0.916307280192 0.510833309088
0.098049817721 0.916433896629 0.510804344962
0.097956353654 0.916027382541 0.510833309088
0.098029043774 0.916152276305 0.510833309088
0.098101242744 0.916276326192 0.510833309088
0.098172957157 0.916399543529 0.510804344962
0.098081985465 0.916003869817 0.510833309088
0.098152750018 0.916125455137 0.510833309088
0.098223049015 0.916246240554 0.510833309088
0.098292888542 0.916366236523 0.510576601945
0.097731256612 0.916433385645 0.510804344962
0.097643219491 0.916050475601 0.510833309088
0.097711715950 0.916168163955 0.510833309088
0.097779776125 0.916285102703 0.510833309088
0.097847405540 0.916401301331 0.510804344962
0.097761583189 0.916028024244 0.510833309088
0.097828367236 0.916142770390 0.510833309088
0.097894736476 0.916256803826 0.510833309088
0.097960696029 0.916370133353 0.510804344962
0.097876979748 0.916006016440 0.510833309088
0.097942134916 0.916117963899 0.510833309088
0.098006895204 0.916229232888 0.510833309088
0.098071265370 0.916339831583 0.510833309088
0.098135250086 0.916449768010 0.510804344962
0.098054025361 0.916096487910 0.510833309088
0.098117252862 0.916205123314 0.510833309088
0.098180108436 0.916313119686 0.510833309088
0.098242596433 0.916420484500 0.510804344962
0.098163260655 0.916075420217 0.510833309088
0.098225026248 0.916181543820 0.510833309088
0.098286436866 0.916287057517 0.511323894445
0.097922682043 0.916743478890 0.510804344962
0.097845149351 0.916406256976 0.510804344962
0.097768054696 0.916070940271 0.510833309088
0.097828085301 0.916174082874 0.510833309088
0.097887780538 0.916276649261 0.510833309088
0.097947144136 0.916378645835 0.510804344962
0.097871753231 0.916050739443 0.510833309088
0.097930464481 0.916151615176 0.510833309088
0.097988854905 0.916251939675 0.510833309088
0.098046927990 0.916351718932 0.510804344962
0.097973167158 0.916030902408 0.510833309088
0.098030615801 0.916129608770 0.510833309088
0.098087757232 0.916227787290 0.510833309088
0.098144594719 0.916325443584 0.510833309088
0.098201131479 0.916422583178 0.510804344962
0.098129311722 0.916110209195 0.510833309088
0.098185256474 0.916206331621 0.510833309088
0.098240909847 0.916301953409 0.510833309088
0.098296274860 0.916397079747 0.510576601945
0.097850443328 0.916450383690 0.510804344962
0.097780465103 0.916146019296 0.510833309088
0.097834982693 0.916239689618 0.510833309088
0.097889223543 0.916332884458 0.510833309088
0.097943190450 0.916425608616 0.510804344962
0.097874618823 0.916127362099 0.510833309088
