0.233333333333 0.366666666667 0.568689693054
0.231400296940 0.365126152635 0.575417286856
0.228744009192 0.362192616072 0.590065076848
0.225891249977 0.359311291148 0.599747691167
0.225416982042 0.359564553654 0.599125056470
0.225477432812 0.360604224503 0.598995526745
0.225146355186 0.361139314564 0.598474129871
0.224404670177 0.361177731392 0.597952470071
0.224118510098 0.362228603815 0.597455790607
0.223381366981 0.362868116106 0.595670763133
0.222515408870 0.364348909600 0.592797142419
0.221416812070 0.366836470253 0.585132179589
0.219194093902 0.369827042963 0.572026197352
0.217418242871 0.373473467184 0.563746793689
0.218023779320 0.375997975537 0.567876135157
0.219426484411 0.375935603264 0.567602531941
0.220109371724 0.375443584932 0.567227573970
0.219546134481 0.375281479077 0.567191992135
0.219702038617 0.375521693598 0.567602531941
0.220384925929 0.375029675266 0.567227573970
0.219821688686 0.374867569411 0.567191992135
0.219977592822 0.375107783932 0.567227573970
0.219414355579 0.374945678077 0.567191992135
0.219570259715 0.375185892598 0.567191992135
0.219726163851 0.375426107120 0.567191992135
0.219882067986 0.375666321641 0.566936244720
0.219845282823 0.374800872333 0.567227573970
0.219282045580 0.374638766477 0.567191992135
0.219437949715 0.374878980999 0.567191992135
0.219593853851 0.375119195520 0.567191992135
0.219749757987 0.375359410042 0.567191992135
0.219905662123 0.375599624563 0.566936244720
0.219868876959 0.374734175255 0.567227573970
0.219305639716 0.374572069399 0.567191992135
0.219461543852 0.374812283921 0.567191992135
0.219617447987 0.375052498442 0.567191992135
0.219773352123 0.375292712964 0.567191992135
0.219929256259 0.375532927486 0.566936244720
0.219892471095 0.374667478177 0.567227573970
0.219329233852 0.374505372321 0.567300281488
0.218953895609 0.375479213261 0.567191992135
0.219109799745 0.375719427783 0.567602531941
0.219792687058 0.375227409451 0.567191992135
0.219948591193 0.375467623972 0.567227573970
0.219385353950 0.375305518117 0.567191992135
0.219541258086 0.375545732638 0.567602531941
0.220224145399 0.375053714306 0.567227573970
0.219660908156 0.374891608451 0.567191992135
0.219816812291 0.375131822972 0.567191992135
0.219972716427 0.375372037494 0.567227573970
0.219409479184 0.375209931638 0.567191992135
0.219565383320 0.375450146160 0.567191992135
0.219721287456 0.375690360681 0.567602531941
0.220404174768 0.375198342350 0.567227573970
0.219840937525 0.375036236494 0.567191992135
0.219996841661 0.375276451016 0.567227573970
0.219433604418 0.375114345160 0.567191992135
0.219589508554 0.375354559682 0.567191992135
0.219745412689 0.375594774203 0.567602531941
0.220428300002 0.375102755871 0.567227573970
0.219865062759 0.374940650016 0.567227573970
0.219301825516 0.374778544160 0.567191992135
0.219457729652 0.375018758682 0.567191992135
0.219613633788 0.375258973203 0.567191992135
0.219769537923 0.375499187725 0.567602531941
0.220452425236 0.375007169393 0.567227573970
0.219889187993 0.374845063537 0.567227573970
0.219325950750 0.374682957682 0.567191992135
0.219481854886 0.374923172203 0.567191992135
0.219637759021 0.375163386725 0.567191992135
0.219793663157 0.375403601246 0.567191992135
0.219949567293 0.375643815768 0.566936244720
0.219912782129 0.374778366459 0.567227573970
0.219349544886 0.374616260604 0.567191992135
0.219505449022 0.374856475125 0.567191992135
0.219661353158 0.375096689647 0.567191992135
0.219817257293 0.375336904168 0.567191992135
0.219973161429 0.375577118690 0.566936244720
0.219936376265 0.374711669381 0.567227573970
0.219373139023 0.374549563526 0.567191992135
0.219529043158 0.374789778047 0.567191992135
0.219684947294 0.375029992569 0.567191992135
0.219840851430 0.375270207091 0.567191992135
0.219996755565 0.375510421612 0.566936244720
0.219959970402 0.374644972304 0.567227573970
0.219396733159 0.374482866448 0.567300281488
0.219021394916 0.375456707388 0.567191992135
0.219177299052 0.375696921909 0.567602531941
0.219860186364 0.375204903577 0.567227573970
0.219296949121 0.375042797722 0.567191992135
0.219452853257 0.375283012243 0.567191992135
0.219608757393 0.375523226765 0.567602531941
0.220291644705 0.375031208433 0.567227573970
0.219728407462 0.374869102577 0.567191992135
0.219884311598 0.375109317099 0.567227573970
0.219321074355 0.374947211243 0.567191992135
0.219476978491 0.375187425765 0.567191992135
0.219632882626 0.375427640286 0.567191992135
0.219788786762 0.375667854808 0.567602531941
0.220471674075 0.375175836476 0.567227573970
0.219908436832 0.375013730620 0.567227573970
0.219350776195 0.374853229773 0.567191992135
0.219503623387 0.375088734206 0.567191992135
0.219654986626 0.375321952188 0.567191992135
0.219804894448 0.375552927690 0.567602531941
0.220455263317 0.375084338802 0.567227573970
0.219923907428 0.374931408750 0.567227573970
0.219397517481 0.374779907950 0.567191992135
0.219541873162 0.375002328804 0.567191992135
0.219684904480 0.375222709099 0.567191992135
0.219826635512 0.375441085936 0.567191992135
0.219967089688 0.375657495415 0.566936244720
0.219934245792 0.374884772818 0.567227573970
0.219435805754 0.374741316309 0.567191992135
0.219572563768 0.374952030802 0.567191992135
0.219708132582 0.375160912994 0.567191992135
0.219842532699 0.375367994478 0.567191992135
0.219975784097 0.375573306035 0.566936244720
0.219944610229 0.374839874418 0.567227573970
0.219471301622 0.374703651010 0.567191992135
0.219601221735 0.374903829778 0.567191992135
0.219730068128 0.375102354176 0.567191992135
0.219857858403 0.375299251325 0.567227573970
0.219399941946 0.375167457946 0.567191992135
0.219525671087 0.375361179334 0.567191992135
0.219650394396 0.375553350952 0.567602531941
0.220192368453 0.375162860212 0.567227573970
0.219748874561 0.375035217806 0.567191992135
0.219870674667 0.375222885401 0.567227573970
0.219434056650 0.375097221947 0.567191992135
0.219553982908 0.375282002348 0.567191992135
0.219672993698 0.375465372212 0.567191992135
0.219791102892 0.375647352910 0.567602531941
0.220304551999 0.375277414315 0.567227573970
0.219884225699 0.375156439796 0.567227573970
0.219467012926 0.375036361384 0.567191992135
0.219581648320 0.375212989709 0.567191992135
0.219695446959 0.375388328776 0.567191992135
0.219808420971 0.375562397270 0.567602531941
0.220299706807 0.375208427247 0.567227573970
0.219897394491 0.375092637350 0.567227573970
0.219497935453 0.374977668658 0.567191992135
0.219607727098 0.375146833814 0.567191992135
0.219716750969 0.375314815997 0.567191992135
0.219825017730 0.375481631637 0.567191992135
0.219932537823 0.375647296824 0.566936244720
0.219907342506 0.375054523325 0.567227573970
0.219524187919 0.374944247233 0.567191992135
0.219629528551 0.375106554342 0.567191992135
0.219734162199 0.375267772142 0.567191992135
0.219838098290 0.375427915156 0.567191992135
0.219941346062 0.375586997621 0.566936244720
0.219917145296 0.375017623076 0.567227573970
0.219549016379 0.374911671536 0.567191992135
0.219650252831 0.375067654992 0.567191992135
0.219750836144 0.375222632102 0.567191992135
0.219850774693 0.375376615770 0.567227573970
0.219492024857 0.375273363633 0.567191992135
0.219590698360 0.375425398140 0.567191992135
0.219688751276 0.375576476455 0.567602531941
0.220115555846 0.375268964998 0.567227573970
0.219765719049 0.375168278131 0.567191992135
0.219861956170 0.375316558700 0.567227573970
0.219516411849 0.375217107255 0.567191992135
0.219611475347 0.375363579524 0.567191992135
0.219705962702 0.375509164083 0.567602531941
0.220117340601 0.375212767497 0.567227573970
0.219780072791 0.375115698123 0.567191992135
0.219872872871 0.375258682957 0.567227573970
0.219539596396 0.375162762332 0.567191992135
0.219631304711 0.375304064992 0.567191992135
0.219722476721 0.375444541320 0.567191992135
0.219813118660 0.375584200926 0.567602531941
0.220207851211 0.375299797266 0.567227573970
0.219884151646 0.375206632981 0.567227573970
0.219562301793 0.375114001064 0.567191992135
0.219650883688 0.375250486587 0.567191992135
0.219738965120 0.375386201006 0.567191992135
0.219826551714 0.375521152984 0.567602531941
0.220208053005 0.375246282408 0.567227573970
0.219895143426 0.375156223599 0.567227573970
0.219583962629 0.375066662353 0.567191992135
0.219669624242 0.375198648354 0.567191992135
0.219754817759 0.375329913120 0.567191992135
0.219839548267 0.375460464490 0.567191992135
0.219923820773 0.375590310178 0.566936244720
0.219904043803 0.375125014850 0.567227573970
0.219602847417 0.375038327227 0.567191992135
0.219685775149 0.375166100909 0.567191992135
0.219768264109 0.375293198539 0.567191992135
0.219850318917 0.375419627235 0.567227573970
0.219555430309 0.375334755059 0.567191992135
0.219636630379 0.375459866789 0.567191992135
0.219717409724 0.375584330272 0.567602531941
0.220069413494 0.375330712575 0.567227573970
0.219780573882 0.375247581367 0.567191992135
0.219860116808 0.375370139796 0.567227573970
0.219574209578 0.375287852560 0.567191992135
0.219652949041 0.375409173025 0.567191992135
0.219731292828 0.375529883840 0.567602531941
